

bet: 100
10,1,{9,7,6,5}
10,9,{7,6,5}
10,7,{9,6,5}
10,6,{9,7,5}
10,5,{9,7,6}
1,10,{9,7,6,5}
1,9,{7,6,5}
1,7,{9,6,5}
1,6,{9,7,5}
1,5,{9,7,6}
9,10,{7,6,5}
9,1,{7,6,5}
9,7,{6,5}
9,6,{7,5}
9,5,{7,6}
7,10,{9,6,5}
7,1,{6,5}
7,9,{6,5}
7,6,{9,5}
7,5,{9,6}

bet: 700
7,6,5
7,5,6
6,7,5
6,5,7
5,7,6
5,6,7

bet: 700
6,3,8
6,8,3
3,6,8
3,8,6
8,6,3
8,3,6

bet: 700
7,5,6
7,6,5
5,7,6
5,6,7
6,7,5
6,5,7

bet: 100
7,9,{10,1,3,4}
7,10,{9,1,3,4}
7,1,{9,10,3,4}
7,3,{9,10,1,4}
9,7,{10,1,3,4}
9,10,{7,1,3,4}
9,1,{7,10,3,4}
9,3,{7,10,1,4}
10,7,{9,1,3,4}
10,9,{7,1,3,4}
10,1,{7,9,3,4}
10,3,{7,9,1,4}

bet: 700
1,10,2
1,2,10
10,1,2
10,2,1
2,1,10
2,10,1

bet: 4000
7,6,10


1,4,{5,6,7,}
1,5,{4,6,7,}
1,6,{4,5,7,}
1,7,{4,5,6,}
4,1,{5,6,7,}
4,5,{1,6,7,}
4,6,{1,5,7,}
4,7,{1,5,6,}
5,1,{4,6,7,}
5,4,{1,6,7,}
5,6,{1,4,7,}
5,7,{1,4,6,}
6,1,{4,5,7,}
6,4,{1,5,7,}
6,5,{1,4,7,}
6,7,{1,4,5,}
7,1,{4,5,6,}
7,4,{1,5,6,}
7,5,{1,4,6,}
7,6,{1,4,5,}

