

bet: 100
6,10,{1,8,9,4}
6,1,{8,9,4}
6,8,{1,9,4}
6,9,{1,8,4}
6,4,{1,8,9}
10,6,{1,8,9,4}
10,1,{8,9,4}
10,8,{1,9,4}
10,9,{1,8,4}
10,4,{1,8,9}
1,6,{8,9,4}
1,10,{8,9,4}
1,8,{9,4}
1,9,{8,4}
1,4,{8,9}
8,6,{1,9,4}
8,10,{9,4}
8,1,{9,4}
8,9,{1,4}
8,4,{1,9}

bet: 700
8,9,4
8,4,9
9,8,4
9,4,8
4,8,9
4,9,8

bet: 700
8,1,2
8,2,1
1,8,2
1,2,8
2,8,1
2,1,8

bet: 700
8,2,6
8,6,2
2,8,6
2,6,8
6,8,2
6,2,8

bet: 100
1,2,{9,8,10,4}
1,9,{2,8,10,4}
1,8,{2,9,10,4}
1,10,{2,9,8,4}
2,1,{9,8,10,4}
2,9,{1,8,10,4}
2,8,{1,9,10,4}
2,10,{1,9,8,4}
9,1,{2,8,10,4}
9,2,{1,8,10,4}
9,8,{1,2,10,4}
9,10,{1,2,8,4}

bet: 700
8,9,1
8,1,9
9,8,1
9,1,8
1,8,9
1,9,8

bet: 4000
10,8,9

3,5,{6,9,10,}
3,6,{5,9,10,}
3,9,{5,6,10,}
3,10,{5,6,9,}
5,3,{6,9,10,}
5,6,{3,9,10,}
5,9,{3,6,10,}
5,10,{3,6,9,}
6,3,{5,9,10,}
6,5,{3,9,10,}
6,9,{3,5,10,}
6,10,{3,5,9,}
9,3,{5,6,10,}
9,5,{3,6,10,}
9,6,{3,5,10,}
9,10,{3,5,6,}
10,3,{5,6,9,}
10,5,{3,6,9,}
10,6,{3,5,9,}
10,9,{3,5,6,}