

bet: 100
6,1,{3,10,12,9}
6,3,{10,12,9}
6,10,{3,12,9}
6,12,{3,10,9}
6,9,{3,10,12}
1,6,{3,10,12,9}
1,3,{10,12,9}
1,10,{3,12,9}
1,12,{3,10,9}
1,9,{3,10,12}
3,6,{10,12,9}
3,1,{10,12,9}
3,10,{12,9}
3,12,{10,9}
3,9,{10,12}
10,6,{3,12,9}
10,1,{12,9}
10,3,{12,9}
10,12,{3,9}
10,9,{3,12}

bet: 700
10,12,9
10,9,12
12,10,9
12,9,10
9,10,12
9,12,10

bet: 700
9,7,3
9,3,7
7,9,3
7,3,9
3,9,7
3,7,9

bet: 700
3,7,10
3,10,7
7,3,10
7,10,3
10,3,7
10,7,3

bet: 100
3,6,{1,9,7,8}
3,1,{6,9,7,8}
3,9,{6,1,7,8}
3,7,{6,1,9,8}
6,3,{1,9,7,8}
6,1,{3,9,7,8}
6,9,{3,1,7,8}
6,7,{3,1,9,8}
1,3,{6,9,7,8}
1,6,{3,9,7,8}
1,9,{3,6,7,8}
1,7,{3,6,9,8}

bet: 700
5,11,9
5,9,11
11,5,9
11,9,5
9,5,11
9,11,5

bet: 4000
1,6,5