
bet: 100
2,12,{6,8,1,11}
2,6,{8,1,11}
2,8,{6,1,11}
2,1,{6,8,11}
2,11,{6,8,1}
12,2,{6,8,1,11}
12,6,{8,1,11}
12,8,{6,1,11}
12,1,{6,8,11}
12,11,{6,8,1}
6,2,{8,1,11}
6,12,{8,1,11}
6,8,{1,11}
6,1,{8,11}
6,11,{8,1}
8,2,{6,1,11}
8,12,{1,11}
8,6,{1,11}
8,1,{6,11}
8,11,{6,1}

bet: 700
8,1,11
8,11,1
1,8,11
1,11,8
11,8,1
11,1,8

bet: 700
6,11,1
6,1,11
11,6,1
11,1,6
1,6,11
1,11,6

bet: 700
12,8,1
12,1,8
8,12,1
8,1,12
1,12,8
1,8,12

bet: 100
11,6,{8,2,3,12}
11,8,{6,2,3,12}
11,2,{6,8,3,12}
11,3,{6,8,2,12}
6,11,{8,2,3,12}
6,8,{11,2,3,12}
6,2,{11,8,3,12}
6,3,{11,8,2,12}
8,11,{6,2,3,12}
8,6,{11,2,3,12}
8,2,{11,6,3,12}
8,3,{11,6,2,12}

bet: 700
9,12,4
9,4,12
12,9,4
12,4,9
4,9,12
4,12,9

bet: 4000
2,6,11

3,4,{6,8,10,}
3,6,{4,8,10,}
3,8,{4,6,10,}
3,10,{4,6,8,}
4,3,{6,8,10,}
4,6,{3,8,10,}
4,8,{3,6,10,}
4,10,{3,6,8,}
6,3,{4,8,10,}
6,4,{3,8,10,}
6,8,{3,4,10,}
6,10,{3,4,8,}
8,3,{4,6,10,}
8,4,{3,6,10,}
8,6,{3,4,10,}
8,10,{3,4,6,}
10,3,{4,6,8,}
10,4,{3,6,8,}
10,6,{3,4,8,}
10,8,{3,4,6,}

