

bet: 100
12,6,{4,11,3,7}
12,4,{11,3,7}
12,11,{4,3,7}
12,3,{4,11,7}
12,7,{4,11,3}
6,12,{4,11,3,7}
6,4,{11,3,7}
6,11,{4,3,7}
6,3,{4,11,7}
6,7,{4,11,3}
4,12,{11,3,7}
4,6,{11,3,7}
4,11,{3,7}
4,3,{11,7}
4,7,{11,3}
11,12,{4,3,7}
11,6,{3,7}
11,4,{3,7}
11,3,{4,7}
11,7,{4,3}

bet: 700
11,3,7
11,7,3
3,11,7
3,7,11
7,11,3
7,3,11

bet: 700
6,7,3
6,3,7
7,6,3
7,3,6
3,6,7
3,7,6

bet: 700
12,3,7
12,7,3
3,12,7
3,7,12
7,12,3
7,3,12

bet: 100
4,11,{3,6,7,12}
4,3,{11,6,7,12}
4,6,{11,3,7,12}
4,7,{11,3,6,12}
11,4,{3,6,7,12}
11,3,{4,6,7,12}
11,6,{4,3,7,12}
11,7,{4,3,6,12}
3,4,{11,6,7,12}
3,11,{4,6,7,12}
3,6,{4,11,7,12}
3,7,{4,11,6,12}

bet: 700
11,12,7
11,7,12
12,11,7
12,7,11
7,11,12
7,12,11

bet: 4000
4,6,11

2,3,{4,11,12,}
2,4,{3,11,12,}
2,11,{3,4,12,}
2,12,{3,4,11,}
3,2,{4,11,12,}
3,4,{2,11,12,}
3,11,{2,4,12,}
3,12,{2,4,11,}
4,2,{3,11,12,}
4,3,{2,11,12,}
4,11,{2,3,12,}
4,12,{2,3,11,}
11,2,{3,4,12,}
11,3,{2,4,12,}
11,4,{2,3,12,}
11,12,{2,3,4,}
12,2,{3,4,11,}
12,3,{2,4,11,}
12,4,{2,3,11,}
12,11,{2,3,4,}