

bet: 100
5,10,{4,2,8,9}
5,4,{2,8,9}
5,2,{4,8,9}
5,8,{4,2,9}
5,9,{4,2,8}
10,5,{4,2,8,9}
10,4,{2,8,9}
10,2,{4,8,9}
10,8,{4,2,9}
10,9,{4,2,8}
4,5,{2,8,9}
4,10,{2,8,9}
4,2,{8,9}
4,8,{2,9}
4,9,{2,8}
2,5,{4,8,9}
2,10,{8,9}
2,4,{8,9}
2,8,{4,9}
2,9,{4,8}

bet: 700
2,8,9
2,9,8
8,2,9
8,9,2
9,2,8
9,8,2

bet: 700
1,7,12
1,12,7
7,1,12
7,12,1
12,1,7
12,7,1

bet: 700
10,9,2
10,2,9
9,10,2
9,2,10
2,10,9
2,9,10

bet: 100
8,9,{5,2,4,10}
8,5,{9,2,4,10}
8,2,{9,5,4,10}
8,4,{9,5,2,10}
9,8,{5,2,4,10}
9,5,{8,2,4,10}
9,2,{8,5,4,10}
9,4,{8,5,2,10}
5,8,{9,2,4,10}
5,9,{8,2,4,10}
5,2,{8,9,4,10}
5,4,{8,9,2,10}

bet: 700
7,9,3
7,3,9
9,7,3
9,3,7
3,7,9
3,9,7

bet: 4000
4,2,1

1,2,{4,5,8,12,}
1,4,{2,5,8,12,}
1,5,{2,4,8,12,}
1,8,{2,4,5,12,}
1,12,{2,4,5,8,}
2,1,{4,5,8,12,}
2,4,{1,5,8,12,}
2,5,{1,4,8,12,}
2,8,{1,4,5,12,}
2,12,{1,4,5,8,}
4,1,{2,5,8,12,}
4,2,{1,5,8,12,}
4,5,{1,2,8,12,}
4,8,{1,2,5,12,}
4,12,{1,2,5,8,}
5,1,{2,4,8,12,}
5,2,{1,4,8,12,}
5,4,{1,2,8,12,}
5,8,{1,2,4,12,}
5,12,{1,2,4,8,}
8,1,{2,4,5,12,}
8,2,{1,4,5,12,}
8,4,{1,2,5,12,}
8,5,{1,2,4,12,}
8,12,{1,2,4,5,}
12,1,{2,4,5,8,}
12,2,{1,4,5,8,}
12,4,{1,2,5,8,}
12,5,{1,2,4,8,}
12,8,{1,2,4,5,}