

bet: 100
5,10,{3,8,7,6}
5,3,{8,7,6}
5,8,{3,7,6}
5,7,{3,8,6}
5,6,{3,8,7}
10,5,{3,8,7,6}
10,3,{8,7,6}
10,8,{3,7,6}
10,7,{3,8,6}
10,6,{3,8,7}
3,5,{8,7,6}
3,10,{8,7,6}
3,8,{7,6}
3,7,{8,6}
3,6,{8,7}
8,5,{3,7,6}
8,10,{7,6}
8,3,{7,6}
8,7,{3,6}
8,6,{3,7}

bet: 700
8,7,6
8,6,7
7,8,6
7,6,8
6,8,7
6,7,8

bet: 700
7,11,4
7,4,11
11,7,4
11,4,7
4,7,11
4,11,7

bet: 700
3,7,1
3,1,7
7,3,1
7,1,3
1,3,7
1,7,3

bet: 100
10,7,{8,5,3,4}
10,8,{7,5,3,4}
10,5,{7,8,3,4}
10,3,{7,8,5,4}
7,10,{8,5,3,4}
7,8,{10,5,3,4}
7,5,{10,8,3,4}
7,3,{10,8,5,4}
8,10,{7,5,3,4}
8,7,{10,5,3,4}
8,5,{10,7,3,4}
8,3,{10,7,5,4}

bet: 700
1,7,3
1,3,7
7,1,3
7,3,1
3,1,7
3,7,1

bet: 4000
4,8,9

3,4,{6,8,10,}
3,6,{4,8,10,}
3,8,{4,6,10,}
3,10,{4,6,8,}
4,3,{6,8,10,}
4,6,{3,8,10,}
4,8,{3,6,10,}
4,10,{3,6,8,}
6,3,{4,8,10,}
6,4,{3,8,10,}
6,8,{3,4,10,}
6,10,{3,4,8,}
8,3,{4,6,10,}
8,4,{3,6,10,}
8,6,{3,4,10,}
8,10,{3,4,6,}
10,3,{4,6,8,}
10,4,{3,6,8,}
10,6,{3,4,8,}
10,8,{3,4,6,}
