
bet: 100
9,5,{7,11,1,10}
9,7,{11,1,10}
9,11,{7,1,10}
9,1,{7,11,10}
9,10,{7,11,1}
5,9,{7,11,1,10}
5,7,{11,1,10}
5,11,{7,1,10}
5,1,{7,11,10}
5,10,{7,11,1}
7,9,{11,1,10}
7,5,{11,1,10}
7,11,{1,10}
7,1,{11,10}
7,10,{11,1}
11,9,{7,1,10}
11,5,{1,10}
11,7,{1,10}
11,1,{7,10}
11,10,{7,1}

bet: 700
4,11,1
4,1,11
11,4,1
11,1,4
1,4,11
1,11,4

bet: 700
3,9,4
3,4,9
9,3,4
9,4,3
4,3,9
4,9,3

bet: 700
4,1,11
4,11,1
1,4,11
1,11,4
11,4,1
11,1,4

bet: 100
5,7,{9,1,10,3}
5,9,{7,1,10,3}
5,1,{7,9,10,3}
5,10,{7,9,1,3}
7,5,{9,1,10,3}
7,9,{5,1,10,3}
7,1,{5,9,10,3}
7,10,{5,9,1,3}
9,5,{7,1,10,3}
9,7,{5,1,10,3}
9,1,{5,7,10,3}
9,10,{5,7,1,3}

bet: 700
8,1,9
8,9,1
1,8,9
1,9,8
9,8,1
9,1,8

bet: 4000
5,8,7