

bet: 100
9,4,{11,8,7,6}
9,11,{8,7,6}
9,8,{11,7,6}
9,7,{11,8,6}
9,6,{11,8,7}
4,9,{11,8,7,6}
4,11,{8,7,6}
4,8,{11,7,6}
4,7,{11,8,6}
4,6,{11,8,7}
11,9,{8,7,6}
11,4,{8,7,6}
11,8,{7,6}
11,7,{8,6}
11,6,{8,7}
8,9,{11,7,6}
8,4,{7,6}
8,11,{7,6}
8,7,{11,6}
8,6,{11,7}

bet: 700
8,7,6
8,6,7
7,8,6
7,6,8
6,8,7
6,7,8

bet: 700
6,5,11
6,11,5
5,6,11
5,11,6
11,6,5
11,5,6

bet: 700
6,9,10
6,10,9
9,6,10
9,10,6
10,6,9
10,9,6

bet: 100
4,7,{11,9,2,8}
4,11,{7,9,2,8}
4,9,{7,11,2,8}
4,2,{7,11,9,8}
7,4,{11,9,2,8}
7,11,{4,9,2,8}
7,9,{4,11,2,8}
7,2,{4,11,9,8}
11,4,{7,9,2,8}
11,7,{4,9,2,8}
11,9,{4,7,2,8}
11,2,{4,7,9,8}

bet: 700
5,1,4
5,4,1
1,5,4
1,4,5
4,5,1
4,1,5

bet: 4000
4,3,2