

bet: 100
1,7,{12,6,9,2}
1,12,{6,9,2}
1,6,{12,9,2}
1,9,{12,6,2}
1,2,{12,6,9}
7,1,{12,6,9,2}
7,12,{6,9,2}
7,6,{12,9,2}
7,9,{12,6,2}
7,2,{12,6,9}
12,1,{6,9,2}
12,7,{6,9,2}
12,6,{9,2}
12,9,{6,2}
12,2,{6,9}
6,1,{12,9,2}
6,7,{9,2}
6,12,{9,2}
6,9,{12,2}
6,2,{12,9}

bet: 700
6,9,2
6,2,9
9,6,2
9,2,6
2,6,9
2,9,6

bet: 700
10,8,6
10,6,8
8,10,6
8,6,10
6,10,8
6,8,10

bet: 700
6,7,11
6,11,7
7,6,11
7,11,6
11,6,7
11,7,6

bet: 100
9,1,{6,11,5,7}
9,6,{1,11,5,7}
9,11,{1,6,5,7}
9,5,{1,6,11,7}
1,9,{6,11,5,7}
1,6,{9,11,5,7}
1,11,{9,6,5,7}
1,5,{9,6,11,7}
6,9,{1,11,5,7}
6,1,{9,11,5,7}
6,11,{9,1,5,7}
6,5,{9,1,11,7}

bet: 700
6,12,7
6,7,12
12,6,7
12,7,6
7,6,12
7,12,6

bet: 4000
1,9,6