

bet: 100
2,11,{7,5,10,3}
2,7,{5,10,3}
2,5,{7,10,3}
2,10,{7,5,3}
2,3,{7,5,10}
11,2,{7,5,10,3}
11,7,{5,10,3}
11,5,{7,10,3}
11,10,{7,5,3}
11,3,{7,5,10}
7,2,{5,10,3}
7,11,{5,10,3}
7,5,{10,3}
7,10,{5,3}
7,3,{5,10}
5,2,{7,10,3}
5,11,{10,3}
5,7,{10,3}
5,10,{7,3}
5,3,{7,10}

bet: 700
5,10,3
5,3,10
10,5,3
10,3,5
3,5,10
3,10,5

bet: 700
2,4,9
2,9,4
4,2,9
4,9,2
9,2,4
9,4,2

bet: 700
2,10,8
2,8,10
10,2,8
10,8,2
8,2,10
8,10,2

bet: 100
5,11,{2,9,7,10}
5,2,{11,9,7,10}
5,9,{11,2,7,10}
5,7,{11,2,9,10}
11,5,{2,9,7,10}
11,2,{5,9,7,10}
11,9,{5,2,7,10}
11,7,{5,2,9,10}
2,5,{11,9,7,10}
2,11,{5,9,7,10}
2,9,{5,11,7,10}
2,7,{5,11,9,10}

bet: 700
4,9,11
4,11,9
9,4,11
9,11,4
11,4,9
11,9,4

bet: 4000
4,5,2