

bet: 100
7,4,{2,5,3,8}
7,2,{5,3,8}
7,5,{2,3,8}
7,3,{2,5,8}
7,8,{2,5,3}
4,7,{2,5,3,8}
4,2,{5,3,8}
4,5,{2,3,8}
4,3,{2,5,8}
4,8,{2,5,3}
2,7,{5,3,8}
2,4,{5,3,8}
2,5,{3,8}
2,3,{5,8}
2,8,{5,3}
5,7,{2,3,8}
5,4,{3,8}
5,2,{3,8}
5,3,{2,8}
5,8,{2,3}

bet: 700
5,3,8
5,8,3
3,5,8
3,8,5
8,5,3
8,3,5

bet: 700
11,8,1
11,1,8
8,11,1
8,1,11
1,11,8
1,8,11

bet: 700
3,5,11
3,11,5
5,3,11
5,11,3
11,3,5
11,5,3

bet: 100
5,2,{3,8,6,7}
5,3,{2,8,6,7}
5,8,{2,3,6,7}
5,6,{2,3,8,7}
2,5,{3,8,6,7}
2,3,{5,8,6,7}
2,8,{5,3,6,7}
2,6,{5,3,8,7}
3,5,{2,8,6,7}
3,2,{5,8,6,7}
3,8,{5,2,6,7}
3,6,{5,2,8,7}

bet: 700
5,8,3
5,3,8
8,5,3
8,3,5
3,5,8
3,8,5

bet: 4000
2,4,8

2,4,{5,6,7,8,}
2,5,{4,6,7,8,}
2,6,{4,5,7,8,}
2,7,{4,5,6,8,}
2,8,{4,5,6,7,}
4,2,{5,6,7,8,}
4,5,{2,6,7,8,}
4,6,{2,5,7,8,}
4,7,{2,5,6,8,}
4,8,{2,5,6,7,}
5,2,{4,6,7,8,}
5,4,{2,6,7,8,}
5,6,{2,4,7,8,}
5,7,{2,4,6,8,}
5,8,{2,4,6,7,}
6,2,{4,5,7,8,}
6,4,{2,5,7,8,}
6,5,{2,4,7,8,}
6,7,{2,4,5,8,}
6,8,{2,4,5,7,}
7,2,{4,5,6,8,}
7,4,{2,5,6,8,}
7,5,{2,4,6,8,}
7,6,{2,4,5,8,}
7,8,{2,4,5,6,}
8,2,{4,5,6,7,}
8,4,{2,5,6,7,}
8,5,{2,4,6,7,}
8,6,{2,4,5,7,}
8,7,{2,4,5,6,}