

bet: 100
3,9,{10,12,1,5}
3,10,{12,1,5}
3,12,{10,1,5}
3,1,{10,12,5}
3,5,{10,12,1}
9,3,{10,12,1,5}
9,10,{12,1,5}
9,12,{10,1,5}
9,1,{10,12,5}
9,5,{10,12,1}
10,3,{12,1,5}
10,9,{12,1,5}
10,12,{1,5}
10,1,{12,5}
10,5,{12,1}
12,3,{10,1,5}
12,9,{1,5}
12,10,{1,5}
12,1,{10,5}
12,5,{10,1}

bet: 700
12,1,5
12,5,1
1,12,5
1,5,12
5,12,1
5,1,12

bet: 700
9,7,1
9,1,7
7,9,1
7,1,9
1,9,7
1,7,9

bet: 700
9,12,1
9,1,12
12,9,1
12,1,9
1,9,12
1,12,9

bet: 100
3,4,{10,7,5,1}
3,10,{4,7,5,1}
3,7,{4,10,5,1}
3,5,{4,10,7,1}
4,3,{10,7,5,1}
4,10,{3,7,5,1}
4,7,{3,10,5,1}
4,5,{3,10,7,1}
10,3,{4,7,5,1}
10,4,{3,7,5,1}
10,7,{3,4,5,1}
10,5,{3,4,7,1}

bet: 700
10,5,11
10,11,5
5,10,11
5,11,10
11,10,5
11,5,10

bet: 4000
4,10,7

1,3,{4,7,9,}
1,4,{3,7,9,}
1,7,{3,4,9,}
1,9,{3,4,7,}
3,1,{4,7,9,}
3,4,{1,7,9,}
3,7,{1,4,9,}
3,9,{1,4,7,}
4,1,{3,7,9,}
4,3,{1,7,9,}
4,7,{1,3,9,}
4,9,{1,3,7,}
7,1,{3,4,9,}
7,3,{1,4,9,}
7,4,{1,3,9,}
7,9,{1,3,4,}
9,1,{3,4,7,}
9,3,{1,4,7,}
9,4,{1,3,7,}
9,7,{1,3,4,}