1,2,{3,7,8,10,}
1,3,{2,7,8,10,}
1,7,{2,3,8,10,}
1,8,{2,3,7,10,}
1,10,{2,3,7,8,}
2,1,{3,7,8,10,}
2,3,{1,7,8,10,}
2,7,{1,3,8,10,}
2,8,{1,3,7,10,}
2,10,{1,3,7,8,}
3,1,{2,7,8,10,}
3,2,{1,7,8,10,}
3,7,{1,2,8,10,}
3,8,{1,2,7,10,}
3,10,{1,2,7,8,}
7,1,{2,3,8,10,}
7,2,{1,3,8,10,}
7,3,{1,2,8,10,}
7,8,{1,2,3,10,}
7,10,{1,2,3,8,}
8,1,{2,3,7,10,}
8,2,{1,3,7,10,}
8,3,{1,2,7,10,}
8,7,{1,2,3,10,}
8,10,{1,2,3,7,}
10,1,{2,3,7,8,}
10,2,{1,3,7,8,}
10,3,{1,2,7,8,}
10,7,{1,2,3,8,}
10,8,{1,2,3,7,}

bet: 100
8,5,{4,10,3,7}
8,4,{10,3,7}
8,10,{4,3,7}
8,3,{4,10,7}
8,7,{4,10,3}
5,8,{4,10,3,7}
5,4,{10,3,7}
5,10,{4,3,7}
5,3,{4,10,7}
5,7,{4,10,3}
4,8,{10,3,7}
4,5,{10,3,7}
4,10,{3,7}
4,3,{10,7}
4,7,{10,3}
10,8,{4,3,7}
10,5,{3,7}
10,4,{3,7}
10,3,{4,7}
10,7,{4,3}

bet: 700
10,3,7
10,7,3
3,10,7
3,7,10
7,10,3
7,3,10

bet: 700
9,2,10
9,10,2
2,9,10
2,10,9
10,9,2
10,2,9

bet: 700
10,5,4
10,4,5
5,10,4
5,4,10
4,10,5
4,5,10

bet: 100
4,3,{10,9,8,2}
4,10,{3,9,8,2}
4,9,{3,10,8,2}
4,8,{3,10,9,2}
3,4,{10,9,8,2}
3,10,{4,9,8,2}
3,9,{4,10,8,2}
3,8,{4,10,9,2}
10,4,{3,9,8,2}
10,3,{4,9,8,2}
10,9,{4,3,8,2}
10,8,{4,3,9,2}

bet: 700
12,9,8
12,8,9
9,12,8
9,8,12
8,12,9
8,9,12

bet: 4000
3,7,6