


=== rcno: 1, nData: 300, year: 6, train_course: 0, model: 5 ===
1,8,5,7,4,2


bet: 2500
9,6,8, ss: 2500
1,8,5,7,4,2


bet: 400
9,6,8, ss: 400
9,8,6, ss: 400
6,9,8, ss: 400
6,8,9, ss: 400
8,9,6, ss: 400
8,6,9, ss: 400



=== rcno: 2, nData: 300, year: 6, train_course: 0, model: 5 ===
5,4,0,1,6,7


bet: 2500
5,1,2, ss: 2500
5,4,0,1,6,7


bet: 400
5,1,2, ss: 400
5,2,1, ss: 400
1,5,2, ss: 400
1,2,5, ss: 400
2,5,1, ss: 400
2,1,5, ss: 400



=== rcno: 3, nData: 300, year: 6, train_course: 0, model: 5 ===
1,4,2,0,7,6


bet: 2500
5,3,1, ss: 2500
1,4,2,0,7,6


bet: 400
5,3,1, ss: 400
5,1,3, ss: 400
3,5,1, ss: 400
3,1,5, ss: 400
1,5,3, ss: 400
1,3,5, ss: 400



=== rcno: 4, nData: 300, year: 6, train_course: 0, model: 5 ===
6,1,3,0,7,4


bet: 2500
2,4,1, ss: 2500
6,1,3,0,7,4


bet: 400
2,4,1, ss: 400
2,1,4, ss: 400
4,2,1, ss: 400
4,1,2, ss: 400
1,2,4, ss: 400
1,4,2, ss: 400



=== rcno: 5, nData: 300, year: 6, train_course: 0, model: 5 ===
9,7,6,11,1,5


bet: 2500
8,7,12, ss: 2500
9,7,6,11,1,5


bet: 400
8,7,12, ss: 400
8,12,7, ss: 400
7,8,12, ss: 400
7,12,8, ss: 400
12,8,7, ss: 400
12,7,8, ss: 400



=== rcno: 6, nData: 300, year: 6, train_course: 0, model: 5 ===
0,5,2,6,9,4


bet: 2500
6,3,7, ss: 2500
0,5,2,6,9,4


bet: 400
6,3,7, ss: 400
6,7,3, ss: 400
3,6,7, ss: 400
3,7,6, ss: 400
7,6,3, ss: 400
7,3,6, ss: 400



=== rcno: 7, nData: 300, year: 6, train_course: 0, model: 5 ===
11,1,6,3,7,10


bet: 2500
2,7,4, ss: 2500
11,1,6,3,7,10


bet: 400
2,7,4, ss: 400
2,4,7, ss: 400
7,2,4, ss: 400
7,4,2, ss: 400
4,2,7, ss: 400
4,7,2, ss: 400



=== rcno: 8, nData: 300, year: 6, train_course: 0, model: 5 ===
1,5,4,2,8,6


bet: 2500
6,5,3, ss: 2500
1,5,4,2,8,6


bet: 400
6,5,3, ss: 400
6,3,5, ss: 400
5,6,3, ss: 400
5,3,6, ss: 400
3,6,5, ss: 400
3,5,6, ss: 400



=== rcno: 9, nData: 300, year: 6, train_course: 0, model: 5 ===
0,3,2,4,1,5


bet: 2500
4,3,5, ss: 2500
0,3,2,4,1,5


bet: 400
4,3,5, ss: 400
4,5,3, ss: 400
3,4,5, ss: 400
3,5,4, ss: 400
5,4,3, ss: 400
5,3,4, ss: 400



=== rcno: 10, nData: 300, year: 6, train_course: 0, model: 5 ===
0,1,8,7,4,6


bet: 2500
2,9,8, ss: 2500
0,1,8,7,4,6


bet: 400
2,9,8, ss: 400
2,8,9, ss: 400
9,2,8, ss: 400
9,8,2, ss: 400
8,2,9, ss: 400
8,9,2, ss: 400



=== rcno: 11, nData: 300, year: 6, train_course: 0, model: 5 ===
5,3,1,10,7,8


bet: 2500
4,2,11, ss: 2500
5,3,1,10,7,8


bet: 400
4,2,11, ss: 400
4,11,2, ss: 400
2,4,11, ss: 400
2,11,4, ss: 400
11,4,2, ss: 400
11,2,4, ss: 400



=== rcno: 1, nData: 300, year: 6, train_course: 0, model: 5 ===
1,5,8,4,7,2


bet: 2500
6,9,5, ss: 2500
1,5,8,4,7,2


bet: 400
6,9,5, ss: 400
6,5,9, ss: 400
9,6,5, ss: 400
9,5,6, ss: 400
5,6,9, ss: 400
5,9,6, ss: 400



=== rcno: 2, nData: 300, year: 6, train_course: 0, model: 5 ===
5,4,1,0,6,3


bet: 2500
5,2,1, ss: 2500
5,4,1,0,6,3


bet: 400
5,2,1, ss: 400
5,1,2, ss: 400
2,5,1, ss: 400
2,1,5, ss: 400
1,5,2, ss: 400
1,2,5, ss: 400



=== rcno: 3, nData: 300, year: 6, train_course: 0, model: 5 ===
1,4,7,2,0,6


bet: 2500
5,8,3, ss: 2500
1,4,7,2,0,6


bet: 400
5,8,3, ss: 400
5,3,8, ss: 400
8,5,3, ss: 400
8,3,5, ss: 400
3,5,8, ss: 400
3,8,5, ss: 400



=== rcno: 4, nData: 300, year: 6, train_course: 0, model: 5 ===
6,1,0,7,3,2


bet: 2500
2,1,8, ss: 2500
6,1,0,7,3,2


bet: 400
2,1,8, ss: 400
2,8,1, ss: 400
1,2,8, ss: 400
1,8,2, ss: 400
8,2,1, ss: 400
8,1,2, ss: 400



=== rcno: 5, nData: 300, year: 6, train_course: 0, model: 5 ===
7,11,9,6,1,5


bet: 2500
12,10,7, ss: 2500
7,11,9,6,1,5


bet: 400
12,10,7, ss: 400
12,7,10, ss: 400
10,12,7, ss: 400
10,7,12, ss: 400
7,12,10, ss: 400
7,10,12, ss: 400



=== rcno: 6, nData: 300, year: 6, train_course: 0, model: 5 ===
5,0,2,1,6,3


bet: 2500
1,3,2, ss: 2500
5,0,2,1,6,3


bet: 400
1,3,2, ss: 400
1,2,3, ss: 400
3,1,2, ss: 400
3,2,1, ss: 400
2,1,3, ss: 400
2,3,1, ss: 400



=== rcno: 7, nData: 300, year: 6, train_course: 0, model: 5 ===
11,1,10,3,2,8


bet: 2500
2,11,4, ss: 2500
11,1,10,3,2,8


bet: 400
2,11,4, ss: 400
2,4,11, ss: 400
11,2,4, ss: 400
11,4,2, ss: 400
4,2,11, ss: 400
4,11,2, ss: 400



=== rcno: 8, nData: 300, year: 6, train_course: 0, model: 5 ===
1,5,8,9,3,6


bet: 2500
6,9,10, ss: 2500
1,5,8,9,3,6


bet: 400
6,9,10, ss: 400
6,10,9, ss: 400
9,6,10, ss: 400
9,10,6, ss: 400
10,6,9, ss: 400
10,9,6, ss: 400



=== rcno: 9, nData: 300, year: 6, train_course: 0, model: 5 ===
0,8,3,4,2,1


bet: 2500
9,4,5, ss: 2500
0,8,3,4,2,1


bet: 400
9,4,5, ss: 400
9,5,4, ss: 400
4,9,5, ss: 400
4,5,9, ss: 400
5,9,4, ss: 400
5,4,9, ss: 400



=== rcno: 10, nData: 300, year: 6, train_course: 0, model: 5 ===
0,1,4,8,7,3


bet: 2500
2,5,9, ss: 2500
0,1,4,8,7,3


bet: 400
2,5,9, ss: 400
2,9,5, ss: 400
5,2,9, ss: 400
5,9,2, ss: 400
9,2,5, ss: 400
9,5,2, ss: 400



=== rcno: 11, nData: 300, year: 6, train_course: 0, model: 5 ===
5,1,3,10,7,4


bet: 2500
2,4,11, ss: 2500
5,1,3,10,7,4


bet: 400
2,4,11, ss: 400
2,11,4, ss: 400
4,2,11, ss: 400
4,11,2, ss: 400
11,2,4, ss: 400
11,4,2, ss: 400
