


=== rcno: 1, nData: 300, year: 6, train_course: 0, model: 5 ===
1,11,5,2,7,10


bet: 2500
12,6,3, ss: 2500
1,11,5,2,7,10


bet: 400
12,6,3, ss: 400
12,3,6, ss: 400
6,12,3, ss: 400
6,3,12, ss: 400
3,12,6, ss: 400
3,6,12, ss: 400



=== rcno: 2, nData: 300, year: 6, train_course: 0, model: 5 ===
2,9,3,7,5,0


bet: 2500
10,4,8, ss: 2500
2,9,3,7,5,0


bet: 400
10,4,8, ss: 400
10,8,4, ss: 400
4,10,8, ss: 400
4,8,10, ss: 400
8,10,4, ss: 400
8,4,10, ss: 400



=== rcno: 3, nData: 300, year: 6, train_course: 0, model: 5 ===
0,2,4,6,1,10


bet: 2500
3,5,7, ss: 2500
0,2,4,6,1,10


bet: 400
3,5,7, ss: 400
3,7,5, ss: 400
5,3,7, ss: 400
5,7,3, ss: 400
7,3,5, ss: 400
7,5,3, ss: 400



=== rcno: 4, nData: 300, year: 6, train_course: 0, model: 5 ===
9,2,11,1,6,4


bet: 2500
3,12,2, ss: 2500
9,2,11,1,6,4


bet: 400
3,12,2, ss: 400
3,2,12, ss: 400
12,3,2, ss: 400
12,2,3, ss: 400
2,3,12, ss: 400
2,12,3, ss: 400



=== rcno: 5, nData: 300, year: 6, train_course: 0, model: 5 ===
5,10,0,6,8,1


bet: 2500
11,1,7, ss: 2500
5,10,0,6,8,1


bet: 400
11,1,7, ss: 400
11,7,1, ss: 400
1,11,7, ss: 400
1,7,11, ss: 400
7,11,1, ss: 400
7,1,11, ss: 400



=== rcno: 6, nData: 300, year: 6, train_course: 0, model: 5 ===
3,6,10,4,11,1


bet: 2500
7,11,5, ss: 2500
3,6,10,4,11,1


bet: 400
7,11,5, ss: 400
7,5,11, ss: 400
11,7,5, ss: 400
11,5,7, ss: 400
5,7,11, ss: 400
5,11,7, ss: 400



=== rcno: 7, nData: 300, year: 6, train_course: 0, model: 5 ===
9,4,2,7,10,1


bet: 2500
5,3,8, ss: 2500
9,4,2,7,10,1


bet: 400
5,3,8, ss: 400
5,8,3, ss: 400
3,5,8, ss: 400
3,8,5, ss: 400
8,5,3, ss: 400
8,3,5, ss: 400



=== rcno: 8, nData: 300, year: 6, train_course: 0, model: 5 ===
0,4,11,9,1,5


bet: 2500
5,12,10, ss: 2500
0,4,11,9,1,5


bet: 400
5,12,10, ss: 400
5,10,12, ss: 400
12,5,10, ss: 400
12,10,5, ss: 400
10,5,12, ss: 400
10,12,5, ss: 400



=== rcno: 9, nData: 300, year: 6, train_course: 0, model: 5 ===
9,3,6,5,0,8


bet: 2500
4,7,6, ss: 2500
9,3,6,5,0,8


bet: 400
4,7,6, ss: 400
4,6,7, ss: 400
7,4,6, ss: 400
7,6,4, ss: 400
6,4,7, ss: 400
6,7,4, ss: 400



=== rcno: 10, nData: 300, year: 6, train_course: 0, model: 5 ===
7,2,5,8,6,9


bet: 2500
3,6,9, ss: 2500
7,2,5,8,6,9


bet: 400
3,6,9, ss: 400
3,9,6, ss: 400
6,3,9, ss: 400
6,9,3, ss: 400
9,3,6, ss: 400
9,6,3, ss: 400



=== rcno: 11, nData: 300, year: 6, train_course: 0, model: 5 ===
0,1,6,4,5,8


bet: 2500
2,7,5, ss: 2500
0,1,6,4,5,8


bet: 400
2,7,5, ss: 400
2,5,7, ss: 400
7,2,5, ss: 400
7,5,2, ss: 400
5,2,7, ss: 400
5,7,2, ss: 400



=== rcno: 1, nData: 300, year: 6, train_course: 0, model: 5 ===
1,5,7,9,10,11


bet: 2500
6,8,10, ss: 2500
1,5,7,9,10,11


bet: 400
6,8,10, ss: 400
6,10,8, ss: 400
8,6,10, ss: 400
8,10,6, ss: 400
10,6,8, ss: 400
10,8,6, ss: 400



=== rcno: 2, nData: 300, year: 6, train_course: 0, model: 5 ===
2,3,7,9,5,1


bet: 2500
4,8,10, ss: 2500
2,3,7,9,5,1


bet: 400
4,8,10, ss: 400
4,10,8, ss: 400
8,4,10, ss: 400
8,10,4, ss: 400
10,4,8, ss: 400
10,8,4, ss: 400



=== rcno: 3, nData: 300, year: 6, train_course: 0, model: 5 ===
0,2,10,6,4,1


bet: 2500
3,11,7, ss: 2500
0,2,10,6,4,1


bet: 400
3,11,7, ss: 400
3,7,11, ss: 400
11,3,7, ss: 400
11,7,3, ss: 400
7,3,11, ss: 400
7,11,3, ss: 400



=== rcno: 4, nData: 300, year: 6, train_course: 0, model: 5 ===
9,2,1,6,3,4


bet: 2500
3,2,7, ss: 2500
9,2,1,6,3,4


bet: 400
3,2,7, ss: 400
3,7,2, ss: 400
2,3,7, ss: 400
2,7,3, ss: 400
7,3,2, ss: 400
7,2,3, ss: 400



=== rcno: 5, nData: 300, year: 6, train_course: 0, model: 5 ===
5,10,0,1,8,6


bet: 2500
11,1,2, ss: 2500
5,10,0,1,8,6


bet: 400
11,1,2, ss: 400
11,2,1, ss: 400
1,11,2, ss: 400
1,2,11, ss: 400
2,11,1, ss: 400
2,1,11, ss: 400



=== rcno: 6, nData: 300, year: 6, train_course: 0, model: 5 ===
4,6,11,3,10,1


bet: 2500
7,12,4, ss: 2500
4,6,11,3,10,1


bet: 400
7,12,4, ss: 400
7,4,12, ss: 400
12,7,4, ss: 400
12,4,7, ss: 400
4,7,12, ss: 400
4,12,7, ss: 400



=== rcno: 7, nData: 300, year: 6, train_course: 0, model: 5 ===
2,7,9,10,4,5


bet: 2500
8,10,11, ss: 2500
2,7,9,10,4,5


bet: 400
8,10,11, ss: 400
8,11,10, ss: 400
10,8,11, ss: 400
10,11,8, ss: 400
11,8,10, ss: 400
11,10,8, ss: 400



=== rcno: 8, nData: 300, year: 6, train_course: 0, model: 5 ===
0,4,1,9,11,2


bet: 2500
5,2,10, ss: 2500
0,4,1,9,11,2


bet: 400
5,2,10, ss: 400
5,10,2, ss: 400
2,5,10, ss: 400
2,10,5, ss: 400
10,5,2, ss: 400
10,2,5, ss: 400



=== rcno: 9, nData: 300, year: 6, train_course: 0, model: 5 ===
9,3,6,0,5,2


bet: 2500
4,7,1, ss: 2500
9,3,6,0,5,2


bet: 400
4,7,1, ss: 400
4,1,7, ss: 400
7,4,1, ss: 400
7,1,4, ss: 400
1,4,7, ss: 400
1,7,4, ss: 400



=== rcno: 10, nData: 300, year: 6, train_course: 0, model: 5 ===
7,6,2,5,8,9


bet: 2500
7,3,6, ss: 2500
7,6,2,5,8,9


bet: 400
7,3,6, ss: 400
7,6,3, ss: 400
3,7,6, ss: 400
3,6,7, ss: 400
6,7,3, ss: 400
6,3,7, ss: 400



=== rcno: 11, nData: 300, year: 6, train_course: 0, model: 5 ===
0,9,4,1,8,5


bet: 2500
10,5,2, ss: 2500
0,9,4,1,8,5


bet: 400
10,5,2, ss: 400
10,2,5, ss: 400
5,10,2, ss: 400
5,2,10, ss: 400
2,10,5, ss: 400
2,5,10, ss: 400



=== rcno: 1, nData: 300, year: 6, train_course: 0, model: 5 ===
1,11,5,4,7,9


bet: 2500
12,6,5, ss: 2500



=== rcno: 2, nData: 300, year: 6, train_course: 0, model: 5 ===
5,0,3,2,1,11


bet: 2500
1,4,3, ss: 2500



=== rcno: 3, nData: 300, year: 6, train_course: 0, model: 5 ===
5,2,0,3,4,8


bet: 2500
3,1,4, ss: 2500



=== rcno: 4, nData: 300, year: 6, train_course: 0, model: 5 ===
9,2,4,1,5,6


bet: 2500
3,5,2, ss: 2500



=== rcno: 5, nData: 300, year: 6, train_course: 0, model: 5 ===
5,10,0,1,8,11


bet: 2500
11,1,2, ss: 2500



=== rcno: 6, nData: 300, year: 6, train_course: 0, model: 5 ===
3,6,11,1,4,5


bet: 2500
7,12,2, ss: 2500



=== rcno: 7, nData: 300, year: 6, train_course: 0, model: 5 ===
2,5,1,9,10,4


bet: 2500
6,2,10, ss: 2500



=== rcno: 8, nData: 300, year: 6, train_course: 0, model: 5 ===
2,0,4,11,1,8


bet: 2500
1,5,12, ss: 2500



=== rcno: 9, nData: 300, year: 6, train_course: 0, model: 5 ===
9,3,6,5,1,2


bet: 2500
4,7,6, ss: 2500



=== rcno: 10, nData: 300, year: 6, train_course: 0, model: 5 ===
2,7,5,8,6,9


bet: 2500
8,6,9, ss: 2500



=== rcno: 11, nData: 300, year: 6, train_course: 0, model: 5 ===
0,4,1,11,6,9


bet: 2500
5,2,12, ss: 2500



=== rcno: 1, nData: 300, year: 6, train_course: 0, model: 5 ===
1,11,4,7,5,3


bet: 2500
12,5,8, ss: 2500



=== rcno: 2, nData: 300, year: 6, train_course: 0, model: 5 ===
0,5,2,9,3,1


bet: 2500
6,3,10, ss: 2500



=== rcno: 3, nData: 300, year: 6, train_course: 0, model: 5 ===
0,2,5,1,8,7


bet: 2500
3,6,2, ss: 2500



=== rcno: 4, nData: 300, year: 6, train_course: 0, model: 5 ===
9,4,2,5,11,1


bet: 2500
5,3,6, ss: 2500



=== rcno: 5, nData: 300, year: 6, train_course: 0, model: 5 ===
5,10,0,1,6,8


bet: 2500
11,1,2, ss: 2500



=== rcno: 6, nData: 300, year: 6, train_course: 0, model: 5 ===
6,10,3,11,1,5


bet: 2500
11,4,12, ss: 2500



=== rcno: 7, nData: 300, year: 6, train_course: 0, model: 5 ===
5,2,10,1,4,3


bet: 2500
3,11,2, ss: 2500



=== rcno: 8, nData: 300, year: 6, train_course: 0, model: 5 ===
2,4,0,11,8,5


bet: 2500
5,1,12, ss: 2500



=== rcno: 9, nData: 300, year: 6, train_course: 0, model: 5 ===
9,3,1,6,5,0


bet: 2500
4,2,7, ss: 2500



=== rcno: 10, nData: 300, year: 6, train_course: 0, model: 5 ===
2,7,5,8,6,9


bet: 2500
8,6,9, ss: 2500



=== rcno: 11, nData: 300, year: 6, train_course: 0, model: 5 ===
0,11,4,1,9,3


bet: 2500
12,5,2, ss: 2500



=== rcno: 1, nData: 300, year: 6, train_course: 0, model: 6 ===
1,8,4,5,3,2


bet: 1000
9,5,6, ss: 1000
1,8,4,5,3,2


bet: 0
9,5,6, ss: 100
9,5,4, ss: 100
9,6,5, ss: 100
9,6,4, ss: 100
9,4,5, ss: 100
9,4,6, ss: 100
5,9,6, ss: 100
5,9,4, ss: 100
5,6,9, ss: 100
5,6,4, ss: 100
5,4,9, ss: 100
5,4,6, ss: 100
6,9,5, ss: 100
6,9,4, ss: 100
6,5,9, ss: 100
6,5,4, ss: 100
6,4,9, ss: 100
6,4,5, ss: 100
4,9,5, ss: 100
4,9,6, ss: 100
4,5,9, ss: 100
4,5,6, ss: 100
4,6,9, ss: 100
4,6,5, ss: 100



=== rcno: 2, nData: 300, year: 6, train_course: 0, model: 6 ===
3,7,6,2,1,8


bet: 1000
8,7,3, ss: 1000
3,7,6,2,1,8


bet: 0
8,7,3, ss: 100
8,7,2, ss: 100
8,3,7, ss: 100
8,3,2, ss: 100
8,2,7, ss: 100
8,2,3, ss: 100
7,8,3, ss: 100
7,8,2, ss: 100
7,3,8, ss: 100
7,3,2, ss: 100
7,2,8, ss: 100
7,2,3, ss: 100
3,8,7, ss: 100
3,8,2, ss: 100
3,7,8, ss: 100
3,7,2, ss: 100
3,2,8, ss: 100
3,2,7, ss: 100
2,8,7, ss: 100
2,8,3, ss: 100
2,7,8, ss: 100
2,7,3, ss: 100
2,3,8, ss: 100
2,3,7, ss: 100



=== rcno: 3, nData: 300, year: 6, train_course: 0, model: 6 ===
8,9,4,2,5,6


bet: 1000
10,5,3, ss: 1000
8,9,4,2,5,6


bet: 0
10,5,3, ss: 100
10,5,6, ss: 100
10,3,5, ss: 100
10,3,6, ss: 100
10,6,5, ss: 100
10,6,3, ss: 100
5,10,3, ss: 100
5,10,6, ss: 100
5,3,10, ss: 100
5,3,6, ss: 100
5,6,10, ss: 100
5,6,3, ss: 100
3,10,5, ss: 100
3,10,6, ss: 100
3,5,10, ss: 100
3,5,6, ss: 100
3,6,10, ss: 100
3,6,5, ss: 100
6,10,5, ss: 100
6,10,3, ss: 100
6,5,10, ss: 100
6,5,3, ss: 100
6,3,10, ss: 100
6,3,5, ss: 100



=== rcno: 4, nData: 300, year: 6, train_course: 0, model: 6 ===
11,5,1,0,7,9


bet: 1000
6,2,1, ss: 1000
11,5,1,0,7,9


bet: 0
6,2,1, ss: 100
6,2,8, ss: 100
6,1,2, ss: 100
6,1,8, ss: 100
6,8,2, ss: 100
6,8,1, ss: 100
2,6,1, ss: 100
2,6,8, ss: 100
2,1,6, ss: 100
2,1,8, ss: 100
2,8,6, ss: 100
2,8,1, ss: 100
1,6,2, ss: 100
1,6,8, ss: 100
1,2,6, ss: 100
1,2,8, ss: 100
1,8,6, ss: 100
1,8,2, ss: 100
8,6,2, ss: 100
8,6,1, ss: 100
8,2,6, ss: 100
8,2,1, ss: 100
8,1,6, ss: 100
8,1,2, ss: 100



=== rcno: 5, nData: 300, year: 6, train_course: 0, model: 6 ===
0,5,10,11,4,6


bet: 1000
6,11,12, ss: 1000
0,5,10,11,4,6


bet: 0
6,11,12, ss: 100
6,11,5, ss: 100
6,12,11, ss: 100
6,12,5, ss: 100
6,5,11, ss: 100
6,5,12, ss: 100
11,6,12, ss: 100
11,6,5, ss: 100
11,12,6, ss: 100
11,12,5, ss: 100
11,5,6, ss: 100
11,5,12, ss: 100
12,6,11, ss: 100
12,6,5, ss: 100
12,11,6, ss: 100
12,11,5, ss: 100
12,5,6, ss: 100
12,5,11, ss: 100
5,6,11, ss: 100
5,6,12, ss: 100
5,11,6, ss: 100
5,11,12, ss: 100
5,12,6, ss: 100
5,12,11, ss: 100



=== rcno: 6, nData: 300, year: 6, train_course: 0, model: 6 ===
11,3,10,8,6,2


bet: 1000
4,11,9, ss: 1000
11,3,10,8,6,2


bet: 0
4,11,9, ss: 100
4,11,7, ss: 100
4,9,11, ss: 100
4,9,7, ss: 100
4,7,11, ss: 100
4,7,9, ss: 100
11,4,9, ss: 100
11,4,7, ss: 100
11,9,4, ss: 100
11,9,7, ss: 100
11,7,4, ss: 100
11,7,9, ss: 100
9,4,11, ss: 100
9,4,7, ss: 100
9,11,4, ss: 100
9,11,7, ss: 100
9,7,4, ss: 100
9,7,11, ss: 100
7,4,11, ss: 100
7,4,9, ss: 100
7,11,4, ss: 100
7,11,9, ss: 100
7,9,4, ss: 100
7,9,11, ss: 100



=== rcno: 7, nData: 300, year: 6, train_course: 0, model: 6 ===
11,7,10,9,5,0


bet: 1000
8,11,10, ss: 1000
11,7,10,9,5,0


bet: 0
8,11,10, ss: 100
8,11,6, ss: 100
8,10,11, ss: 100
8,10,6, ss: 100
8,6,11, ss: 100
8,6,10, ss: 100
11,8,10, ss: 100
11,8,6, ss: 100
11,10,8, ss: 100
11,10,6, ss: 100
11,6,8, ss: 100
11,6,10, ss: 100
10,8,11, ss: 100
10,8,6, ss: 100
10,11,8, ss: 100
10,11,6, ss: 100
10,6,8, ss: 100
10,6,11, ss: 100
6,8,11, ss: 100
6,8,10, ss: 100
6,11,8, ss: 100
6,11,10, ss: 100
6,10,8, ss: 100
6,10,11, ss: 100



=== rcno: 8, nData: 300, year: 6, train_course: 0, model: 6 ===
4,2,5,3,10,8


bet: 1000
3,6,4, ss: 1000
4,2,5,3,10,8


bet: 0
3,6,4, ss: 100
3,6,11, ss: 100
3,4,6, ss: 100
3,4,11, ss: 100
3,11,6, ss: 100
3,11,4, ss: 100
6,3,4, ss: 100
6,3,11, ss: 100
6,4,3, ss: 100
6,4,11, ss: 100
6,11,3, ss: 100
6,11,4, ss: 100
4,3,6, ss: 100
4,3,11, ss: 100
4,6,3, ss: 100
4,6,11, ss: 100
4,11,3, ss: 100
4,11,6, ss: 100
11,3,6, ss: 100
11,3,4, ss: 100
11,6,3, ss: 100
11,6,4, ss: 100
11,4,3, ss: 100
11,4,6, ss: 100



=== rcno: 9, nData: 300, year: 6, train_course: 0, model: 6 ===
2,9,7,5,8,4


bet: 1000
10,8,6, ss: 1000
2,9,7,5,8,4


bet: 0
10,8,6, ss: 100
10,8,9, ss: 100
10,6,8, ss: 100
10,6,9, ss: 100
10,9,8, ss: 100
10,9,6, ss: 100
8,10,6, ss: 100
8,10,9, ss: 100
8,6,10, ss: 100
8,6,9, ss: 100
8,9,10, ss: 100
8,9,6, ss: 100
6,10,8, ss: 100
6,10,9, ss: 100
6,8,10, ss: 100
6,8,9, ss: 100
6,9,10, ss: 100
6,9,8, ss: 100
9,10,8, ss: 100
9,10,6, ss: 100
9,8,10, ss: 100
9,8,6, ss: 100
9,6,10, ss: 100
9,6,8, ss: 100



=== rcno: 10, nData: 300, year: 6, train_course: 0, model: 6 ===
9,6,8,4,0,5


bet: 1000
7,9,5, ss: 1000
9,6,8,4,0,5


bet: 0
7,9,5, ss: 100
7,9,1, ss: 100
7,5,9, ss: 100
7,5,1, ss: 100
7,1,9, ss: 100
7,1,5, ss: 100
9,7,5, ss: 100
9,7,1, ss: 100
9,5,7, ss: 100
9,5,1, ss: 100
9,1,7, ss: 100
9,1,5, ss: 100
5,7,9, ss: 100
5,7,1, ss: 100
5,9,7, ss: 100
5,9,1, ss: 100
5,1,7, ss: 100
5,1,9, ss: 100
1,7,9, ss: 100
1,7,5, ss: 100
1,9,7, ss: 100
1,9,5, ss: 100
1,5,7, ss: 100
1,5,9, ss: 100



=== rcno: 11, nData: 300, year: 6, train_course: 0, model: 6 ===
1,2,0,6,9,3


bet: 1000
3,1,7, ss: 1000
1,2,0,6,9,3


bet: 0
3,1,7, ss: 100
3,1,10, ss: 100
3,7,1, ss: 100
3,7,10, ss: 100
3,10,1, ss: 100
3,10,7, ss: 100
1,3,7, ss: 100
1,3,10, ss: 100
1,7,3, ss: 100
1,7,10, ss: 100
1,10,3, ss: 100
1,10,7, ss: 100
7,3,1, ss: 100
7,3,10, ss: 100
7,1,3, ss: 100
7,1,10, ss: 100
7,10,3, ss: 100
7,10,1, ss: 100
10,3,1, ss: 100
10,3,7, ss: 100
10,1,3, ss: 100
10,1,7, ss: 100
10,7,3, ss: 100
10,7,1, ss: 100



=== rcno: 1, nData: 300, year: 6, train_course: 0, model: 6 ===
1,8,5,3,4,9


bet: 1000
9,6,4, ss: 1000
1,8,5,3,4,9


bet: 0
9,6,4, ss: 100
9,6,5, ss: 100
9,4,6, ss: 100
9,4,5, ss: 100
9,5,6, ss: 100
9,5,4, ss: 100
6,9,4, ss: 100
6,9,5, ss: 100
6,4,9, ss: 100
6,4,5, ss: 100
6,5,9, ss: 100
6,5,4, ss: 100
4,9,6, ss: 100
4,9,5, ss: 100
4,6,9, ss: 100
4,6,5, ss: 100
4,5,9, ss: 100
4,5,6, ss: 100
5,9,6, ss: 100
5,9,4, ss: 100
5,6,9, ss: 100
5,6,4, ss: 100
5,4,9, ss: 100
5,4,6, ss: 100



=== rcno: 2, nData: 300, year: 6, train_course: 0, model: 6 ===
3,6,7,2,1,8


bet: 1000
7,8,3, ss: 1000
3,6,7,2,1,8


bet: 0
7,8,3, ss: 100
7,8,2, ss: 100
7,3,8, ss: 100
7,3,2, ss: 100
7,2,8, ss: 100
7,2,3, ss: 100
8,7,3, ss: 100
8,7,2, ss: 100
8,3,7, ss: 100
8,3,2, ss: 100
8,2,7, ss: 100
8,2,3, ss: 100
3,7,8, ss: 100
3,7,2, ss: 100
3,8,7, ss: 100
3,8,2, ss: 100
3,2,7, ss: 100
3,2,8, ss: 100
2,7,8, ss: 100
2,7,3, ss: 100
2,8,7, ss: 100
2,8,3, ss: 100
2,3,7, ss: 100
2,3,8, ss: 100



=== rcno: 3, nData: 300, year: 6, train_course: 0, model: 6 ===
9,8,4,2,6,10


bet: 1000
9,5,3, ss: 1000
9,8,4,2,6,10


bet: 0
9,5,3, ss: 100
9,5,7, ss: 100
9,3,5, ss: 100
9,3,7, ss: 100
9,7,5, ss: 100
9,7,3, ss: 100
5,9,3, ss: 100
5,9,7, ss: 100
5,3,9, ss: 100
5,3,7, ss: 100
5,7,9, ss: 100
5,7,3, ss: 100
3,9,5, ss: 100
3,9,7, ss: 100
3,5,9, ss: 100
3,5,7, ss: 100
3,7,9, ss: 100
3,7,5, ss: 100
7,9,5, ss: 100
7,9,3, ss: 100
7,5,9, ss: 100
7,5,3, ss: 100
7,3,9, ss: 100
7,3,5, ss: 100



=== rcno: 4, nData: 300, year: 6, train_course: 0, model: 6 ===
11,5,1,0,9,7


bet: 1000
6,2,1, ss: 1000
11,5,1,0,9,7


bet: 0
6,2,1, ss: 100
6,2,10, ss: 100
6,1,2, ss: 100
6,1,10, ss: 100
6,10,2, ss: 100
6,10,1, ss: 100
2,6,1, ss: 100
2,6,10, ss: 100
2,1,6, ss: 100
2,1,10, ss: 100
2,10,6, ss: 100
2,10,1, ss: 100
1,6,2, ss: 100
1,6,10, ss: 100
1,2,6, ss: 100
1,2,10, ss: 100
1,10,6, ss: 100
1,10,2, ss: 100
10,6,2, ss: 100
10,6,1, ss: 100
10,2,6, ss: 100
10,2,1, ss: 100
10,1,6, ss: 100
10,1,2, ss: 100



=== rcno: 5, nData: 300, year: 6, train_course: 0, model: 6 ===
5,0,10,4,11,7


bet: 1000
1,11,5, ss: 1000
5,0,10,4,11,7


bet: 0
1,11,5, ss: 100
1,11,12, ss: 100
1,5,11, ss: 100
1,5,12, ss: 100
1,12,11, ss: 100
1,12,5, ss: 100
11,1,5, ss: 100
11,1,12, ss: 100
11,5,1, ss: 100
11,5,12, ss: 100
11,12,1, ss: 100
11,12,5, ss: 100
5,1,11, ss: 100
5,1,12, ss: 100
5,11,1, ss: 100
5,11,12, ss: 100
5,12,1, ss: 100
5,12,11, ss: 100
12,1,11, ss: 100
12,1,5, ss: 100
12,11,1, ss: 100
12,11,5, ss: 100
12,5,1, ss: 100
12,5,11, ss: 100



=== rcno: 6, nData: 300, year: 6, train_course: 0, model: 6 ===
11,3,10,8,6,2


bet: 1000
4,11,9, ss: 1000
11,3,10,8,6,2


bet: 0
4,11,9, ss: 100
4,11,7, ss: 100
4,9,11, ss: 100
4,9,7, ss: 100
4,7,11, ss: 100
4,7,9, ss: 100
11,4,9, ss: 100
11,4,7, ss: 100
11,9,4, ss: 100
11,9,7, ss: 100
11,7,4, ss: 100
11,7,9, ss: 100
9,4,11, ss: 100
9,4,7, ss: 100
9,11,4, ss: 100
9,11,7, ss: 100
9,7,4, ss: 100
9,7,11, ss: 100
7,4,11, ss: 100
7,4,9, ss: 100
7,11,4, ss: 100
7,11,9, ss: 100
7,9,4, ss: 100
7,9,11, ss: 100



=== rcno: 7, nData: 300, year: 6, train_course: 0, model: 6 ===
11,10,7,9,5,0


bet: 1000
11,8,10, ss: 1000
11,10,7,9,5,0


bet: 0
11,8,10, ss: 100
11,8,6, ss: 100
11,10,8, ss: 100
11,10,6, ss: 100
11,6,8, ss: 100
11,6,10, ss: 100
8,11,10, ss: 100
8,11,6, ss: 100
8,10,11, ss: 100
8,10,6, ss: 100
8,6,11, ss: 100
8,6,10, ss: 100
10,11,8, ss: 100
10,11,6, ss: 100
10,8,11, ss: 100
10,8,6, ss: 100
10,6,11, ss: 100
10,6,8, ss: 100
6,11,8, ss: 100
6,11,10, ss: 100
6,8,11, ss: 100
6,8,10, ss: 100
6,10,11, ss: 100
6,10,8, ss: 100



=== rcno: 8, nData: 300, year: 6, train_course: 0, model: 6 ===
4,2,5,10,8,3


bet: 1000
3,6,11, ss: 1000
4,2,5,10,8,3


bet: 0
3,6,11, ss: 100
3,6,9, ss: 100
3,11,6, ss: 100
3,11,9, ss: 100
3,9,6, ss: 100
3,9,11, ss: 100
6,3,11, ss: 100
6,3,9, ss: 100
6,11,3, ss: 100
6,11,9, ss: 100
6,9,3, ss: 100
6,9,11, ss: 100
11,3,6, ss: 100
11,3,9, ss: 100
11,6,3, ss: 100
11,6,9, ss: 100
11,9,3, ss: 100
11,9,6, ss: 100
9,3,6, ss: 100
9,3,11, ss: 100
9,6,3, ss: 100
9,6,11, ss: 100
9,11,3, ss: 100
9,11,6, ss: 100



=== rcno: 9, nData: 300, year: 6, train_course: 0, model: 6 ===
9,7,5,2,0,4


bet: 1000
8,6,3, ss: 1000
9,7,5,2,0,4


bet: 0
8,6,3, ss: 100
8,6,1, ss: 100
8,3,6, ss: 100
8,3,1, ss: 100
8,1,6, ss: 100
8,1,3, ss: 100
6,8,3, ss: 100
6,8,1, ss: 100
6,3,8, ss: 100
6,3,1, ss: 100
6,1,8, ss: 100
6,1,3, ss: 100
3,8,6, ss: 100
3,8,1, ss: 100
3,6,8, ss: 100
3,6,1, ss: 100
3,1,8, ss: 100
3,1,6, ss: 100
1,8,6, ss: 100
1,8,3, ss: 100
1,6,8, ss: 100
1,6,3, ss: 100
1,3,8, ss: 100
1,3,6, ss: 100



=== rcno: 10, nData: 300, year: 6, train_course: 0, model: 6 ===
9,4,6,8,0,5


bet: 1000
5,7,9, ss: 1000
9,4,6,8,0,5


bet: 0
5,7,9, ss: 100
5,7,1, ss: 100
5,9,7, ss: 100
5,9,1, ss: 100
5,1,7, ss: 100
5,1,9, ss: 100
7,5,9, ss: 100
7,5,1, ss: 100
7,9,5, ss: 100
7,9,1, ss: 100
7,1,5, ss: 100
7,1,9, ss: 100
9,5,7, ss: 100
9,5,1, ss: 100
9,7,5, ss: 100
9,7,1, ss: 100
9,1,5, ss: 100
9,1,7, ss: 100
1,5,7, ss: 100
1,5,9, ss: 100
1,7,5, ss: 100
1,7,9, ss: 100
1,9,5, ss: 100
1,9,7, ss: 100



=== rcno: 11, nData: 300, year: 6, train_course: 0, model: 6 ===
1,2,0,6,3,8


bet: 1000
3,1,7, ss: 1000
1,2,0,6,3,8


bet: 0
3,1,7, ss: 100
3,1,4, ss: 100
3,7,1, ss: 100
3,7,4, ss: 100
3,4,1, ss: 100
3,4,7, ss: 100
1,3,7, ss: 100
1,3,4, ss: 100
1,7,3, ss: 100
1,7,4, ss: 100
1,4,3, ss: 100
1,4,7, ss: 100
7,3,1, ss: 100
7,3,4, ss: 100
7,1,3, ss: 100
7,1,4, ss: 100
7,4,3, ss: 100
7,4,1, ss: 100
4,3,1, ss: 100
4,3,7, ss: 100
4,1,3, ss: 100
4,1,7, ss: 100
4,7,3, ss: 100
4,7,1, ss: 100



=== rcno: 1, nData: 300, year: 6, train_course: 0, model: 6 ===
1,8,5,4,3,2


bet: 1000
9,6,5, ss: 1000
1,8,5,4,3,2


bet: 0
9,6,5, ss: 100
9,6,4, ss: 100
9,5,6, ss: 100
9,5,4, ss: 100
9,4,6, ss: 100
9,4,5, ss: 100
6,9,5, ss: 100
6,9,4, ss: 100
6,5,9, ss: 100
6,5,4, ss: 100
6,4,9, ss: 100
6,4,5, ss: 100
5,9,6, ss: 100
5,9,4, ss: 100
5,6,9, ss: 100
5,6,4, ss: 100
5,4,9, ss: 100
5,4,6, ss: 100
4,9,6, ss: 100
4,9,5, ss: 100
4,6,9, ss: 100
4,6,5, ss: 100
4,5,9, ss: 100
4,5,6, ss: 100



=== rcno: 2, nData: 300, year: 6, train_course: 0, model: 6 ===
3,6,7,2,1,8


bet: 1000
7,8,3, ss: 1000
3,6,7,2,1,8


bet: 0
7,8,3, ss: 100
7,8,2, ss: 100
7,3,8, ss: 100
7,3,2, ss: 100
7,2,8, ss: 100
7,2,3, ss: 100
8,7,3, ss: 100
8,7,2, ss: 100
8,3,7, ss: 100
8,3,2, ss: 100
8,2,7, ss: 100
8,2,3, ss: 100
3,7,8, ss: 100
3,7,2, ss: 100
3,8,7, ss: 100
3,8,2, ss: 100
3,2,7, ss: 100
3,2,8, ss: 100
2,7,8, ss: 100
2,7,3, ss: 100
2,8,7, ss: 100
2,8,3, ss: 100
2,3,7, ss: 100
2,3,8, ss: 100



=== rcno: 3, nData: 300, year: 6, train_course: 0, model: 6 ===
8,4,9,2,6,10


bet: 1000
5,10,3, ss: 1000
8,4,9,2,6,10


bet: 0
5,10,3, ss: 100
5,10,7, ss: 100
5,3,10, ss: 100
5,3,7, ss: 100
5,7,10, ss: 100
5,7,3, ss: 100
10,5,3, ss: 100
10,5,7, ss: 100
10,3,5, ss: 100
10,3,7, ss: 100
10,7,5, ss: 100
10,7,3, ss: 100
3,5,10, ss: 100
3,5,7, ss: 100
3,10,5, ss: 100
3,10,7, ss: 100
3,7,5, ss: 100
3,7,10, ss: 100
7,5,10, ss: 100
7,5,3, ss: 100
7,10,5, ss: 100
7,10,3, ss: 100
7,3,5, ss: 100
7,3,10, ss: 100



=== rcno: 4, nData: 300, year: 6, train_course: 0, model: 6 ===
11,5,7,0,1,6


bet: 1000
6,8,1, ss: 1000
11,5,7,0,1,6


bet: 0
6,8,1, ss: 100
6,8,2, ss: 100
6,1,8, ss: 100
6,1,2, ss: 100
6,2,8, ss: 100
6,2,1, ss: 100
8,6,1, ss: 100
8,6,2, ss: 100
8,1,6, ss: 100
8,1,2, ss: 100
8,2,6, ss: 100
8,2,1, ss: 100
1,6,8, ss: 100
1,6,2, ss: 100
1,8,6, ss: 100
1,8,2, ss: 100
1,2,6, ss: 100
1,2,8, ss: 100
2,6,8, ss: 100
2,6,1, ss: 100
2,8,6, ss: 100
2,8,1, ss: 100
2,1,6, ss: 100
2,1,8, ss: 100



=== rcno: 5, nData: 300, year: 6, train_course: 0, model: 6 ===
5,0,4,10,11,6


bet: 1000
1,5,11, ss: 1000
5,0,4,10,11,6


bet: 0
1,5,11, ss: 100
1,5,12, ss: 100
1,11,5, ss: 100
1,11,12, ss: 100
1,12,5, ss: 100
1,12,11, ss: 100
5,1,11, ss: 100
5,1,12, ss: 100
5,11,1, ss: 100
5,11,12, ss: 100
5,12,1, ss: 100
5,12,11, ss: 100
11,1,5, ss: 100
11,1,12, ss: 100
11,5,1, ss: 100
11,5,12, ss: 100
11,12,1, ss: 100
11,12,5, ss: 100
12,1,5, ss: 100
12,1,11, ss: 100
12,5,1, ss: 100
12,5,11, ss: 100
12,11,1, ss: 100
12,11,5, ss: 100



=== rcno: 6, nData: 300, year: 6, train_course: 0, model: 6 ===
11,3,10,8,6,2


bet: 1000
4,11,9, ss: 1000
11,3,10,8,6,2


bet: 0
4,11,9, ss: 100
4,11,7, ss: 100
4,9,11, ss: 100
4,9,7, ss: 100
4,7,11, ss: 100
4,7,9, ss: 100
11,4,9, ss: 100
11,4,7, ss: 100
11,9,4, ss: 100
11,9,7, ss: 100
11,7,4, ss: 100
11,7,9, ss: 100
9,4,11, ss: 100
9,4,7, ss: 100
9,11,4, ss: 100
9,11,7, ss: 100
9,7,4, ss: 100
9,7,11, ss: 100
7,4,11, ss: 100
7,4,9, ss: 100
7,11,4, ss: 100
7,11,9, ss: 100
7,9,4, ss: 100
7,9,11, ss: 100



=== rcno: 7, nData: 300, year: 6, train_course: 0, model: 6 ===
11,7,10,9,0,5


bet: 1000
8,11,10, ss: 1000
11,7,10,9,0,5


bet: 0
8,11,10, ss: 100
8,11,1, ss: 100
8,10,11, ss: 100
8,10,1, ss: 100
8,1,11, ss: 100
8,1,10, ss: 100
11,8,10, ss: 100
11,8,1, ss: 100
11,10,8, ss: 100
11,10,1, ss: 100
11,1,8, ss: 100
11,1,10, ss: 100
10,8,11, ss: 100
10,8,1, ss: 100
10,11,8, ss: 100
10,11,1, ss: 100
10,1,8, ss: 100
10,1,11, ss: 100
1,8,11, ss: 100
1,8,10, ss: 100
1,11,8, ss: 100
1,11,10, ss: 100
1,10,8, ss: 100
1,10,11, ss: 100



=== rcno: 8, nData: 300, year: 6, train_course: 0, model: 6 ===
4,2,5,3,8,10


bet: 1000
3,6,4, ss: 1000
4,2,5,3,8,10


bet: 0
3,6,4, ss: 100
3,6,9, ss: 100
3,4,6, ss: 100
3,4,9, ss: 100
3,9,6, ss: 100
3,9,4, ss: 100
6,3,4, ss: 100
6,3,9, ss: 100
6,4,3, ss: 100
6,4,9, ss: 100
6,9,3, ss: 100
6,9,4, ss: 100
4,3,6, ss: 100
4,3,9, ss: 100
4,6,3, ss: 100
4,6,9, ss: 100
4,9,3, ss: 100
4,9,6, ss: 100
9,3,6, ss: 100
9,3,4, ss: 100
9,6,3, ss: 100
9,6,4, ss: 100
9,4,3, ss: 100
9,4,6, ss: 100



=== rcno: 9, nData: 300, year: 6, train_course: 0, model: 6 ===
9,2,7,5,0,6


bet: 1000
3,8,6, ss: 1000
9,2,7,5,0,6


bet: 0
3,8,6, ss: 100
3,8,1, ss: 100
3,6,8, ss: 100
3,6,1, ss: 100
3,1,8, ss: 100
3,1,6, ss: 100
8,3,6, ss: 100
8,3,1, ss: 100
8,6,3, ss: 100
8,6,1, ss: 100
8,1,3, ss: 100
8,1,6, ss: 100
6,3,8, ss: 100
6,3,1, ss: 100
6,8,3, ss: 100
6,8,1, ss: 100
6,1,3, ss: 100
6,1,8, ss: 100
1,3,8, ss: 100
1,3,6, ss: 100
1,8,3, ss: 100
1,8,6, ss: 100
1,6,3, ss: 100
1,6,8, ss: 100



=== rcno: 10, nData: 300, year: 6, train_course: 0, model: 6 ===
9,4,0,6,8,5


bet: 1000
5,1,7, ss: 1000
9,4,0,6,8,5


bet: 0
5,1,7, ss: 100
5,1,9, ss: 100
5,7,1, ss: 100
5,7,9, ss: 100
5,9,1, ss: 100
5,9,7, ss: 100
1,5,7, ss: 100
1,5,9, ss: 100
1,7,5, ss: 100
1,7,9, ss: 100
1,9,5, ss: 100
1,9,7, ss: 100
7,5,1, ss: 100
7,5,9, ss: 100
7,1,5, ss: 100
7,1,9, ss: 100
7,9,5, ss: 100
7,9,1, ss: 100
9,5,1, ss: 100
9,5,7, ss: 100
9,1,5, ss: 100
9,1,7, ss: 100
9,7,5, ss: 100
9,7,1, ss: 100



=== rcno: 11, nData: 300, year: 6, train_course: 0, model: 6 ===
1,2,6,3,9,8


bet: 1000
3,7,4, ss: 1000
1,2,6,3,9,8


bet: 0
3,7,4, ss: 100
3,7,10, ss: 100
3,4,7, ss: 100
3,4,10, ss: 100
3,10,7, ss: 100
3,10,4, ss: 100
7,3,4, ss: 100
7,3,10, ss: 100
7,4,3, ss: 100
7,4,10, ss: 100
7,10,3, ss: 100
7,10,4, ss: 100
4,3,7, ss: 100
4,3,10, ss: 100
4,7,3, ss: 100
4,7,10, ss: 100
4,10,3, ss: 100
4,10,7, ss: 100
10,3,7, ss: 100
10,3,4, ss: 100
10,7,3, ss: 100
10,7,4, ss: 100
10,4,3, ss: 100
10,4,7, ss: 100



=== rcno: 1, nData: 300, year: 6, train_course: 0, model: 6 ===
1,8,5,4,3,9


bet: 1000
9,6,5, ss: 1000
1,8,5,4,3,9


bet: 0
9,6,5, ss: 100
9,6,4, ss: 100
9,5,6, ss: 100
9,5,4, ss: 100
9,4,6, ss: 100
9,4,5, ss: 100
6,9,5, ss: 100
6,9,4, ss: 100
6,5,9, ss: 100
6,5,4, ss: 100
6,4,9, ss: 100
6,4,5, ss: 100
5,9,6, ss: 100
5,9,4, ss: 100
5,6,9, ss: 100
5,6,4, ss: 100
5,4,9, ss: 100
5,4,6, ss: 100
4,9,6, ss: 100
4,9,5, ss: 100
4,6,9, ss: 100
4,6,5, ss: 100
4,5,9, ss: 100
4,5,6, ss: 100



=== rcno: 2, nData: 300, year: 6, train_course: 0, model: 6 ===
3,7,6,2,1,0


bet: 1000
8,7,3, ss: 1000
3,7,6,2,1,0


bet: 0
8,7,3, ss: 100
8,7,2, ss: 100
8,3,7, ss: 100
8,3,2, ss: 100
8,2,7, ss: 100
8,2,3, ss: 100
7,8,3, ss: 100
7,8,2, ss: 100
7,3,8, ss: 100
7,3,2, ss: 100
7,2,8, ss: 100
7,2,3, ss: 100
3,8,7, ss: 100
3,8,2, ss: 100
3,7,8, ss: 100
3,7,2, ss: 100
3,2,8, ss: 100
3,2,7, ss: 100
2,8,7, ss: 100
2,8,3, ss: 100
2,7,8, ss: 100
2,7,3, ss: 100
2,3,8, ss: 100
2,3,7, ss: 100



=== rcno: 3, nData: 300, year: 6, train_course: 0, model: 6 ===
8,9,4,2,5,10


bet: 1000
10,5,3, ss: 1000
8,9,4,2,5,10


bet: 0
10,5,3, ss: 100
10,5,6, ss: 100
10,3,5, ss: 100
10,3,6, ss: 100
10,6,5, ss: 100
10,6,3, ss: 100
5,10,3, ss: 100
5,10,6, ss: 100
5,3,10, ss: 100
5,3,6, ss: 100
5,6,10, ss: 100
5,6,3, ss: 100
3,10,5, ss: 100
3,10,6, ss: 100
3,5,10, ss: 100
3,5,6, ss: 100
3,6,10, ss: 100
3,6,5, ss: 100
6,10,5, ss: 100
6,10,3, ss: 100
6,5,10, ss: 100
6,5,3, ss: 100
6,3,10, ss: 100
6,3,5, ss: 100



=== rcno: 4, nData: 300, year: 6, train_course: 0, model: 6 ===
11,5,1,9,7,8


bet: 1000
6,2,10, ss: 1000
11,5,1,9,7,8


bet: 0
6,2,10, ss: 100
6,2,8, ss: 100
6,10,2, ss: 100
6,10,8, ss: 100
6,8,2, ss: 100
6,8,10, ss: 100
2,6,10, ss: 100
2,6,8, ss: 100
2,10,6, ss: 100
2,10,8, ss: 100
2,8,6, ss: 100
2,8,10, ss: 100
10,6,2, ss: 100
10,6,8, ss: 100
10,2,6, ss: 100
10,2,8, ss: 100
10,8,6, ss: 100
10,8,2, ss: 100
8,6,2, ss: 100
8,6,10, ss: 100
8,2,6, ss: 100
8,2,10, ss: 100
8,10,6, ss: 100
8,10,2, ss: 100



=== rcno: 5, nData: 300, year: 6, train_course: 0, model: 6 ===
5,0,10,11,4,1


bet: 1000
1,11,12, ss: 1000
5,0,10,11,4,1


bet: 0
1,11,12, ss: 100
1,11,5, ss: 100
1,12,11, ss: 100
1,12,5, ss: 100
1,5,11, ss: 100
1,5,12, ss: 100
11,1,12, ss: 100
11,1,5, ss: 100
11,12,1, ss: 100
11,12,5, ss: 100
11,5,1, ss: 100
11,5,12, ss: 100
12,1,11, ss: 100
12,1,5, ss: 100
12,11,1, ss: 100
12,11,5, ss: 100
12,5,1, ss: 100
12,5,11, ss: 100
5,1,11, ss: 100
5,1,12, ss: 100
5,11,1, ss: 100
5,11,12, ss: 100
5,12,1, ss: 100
5,12,11, ss: 100



=== rcno: 6, nData: 300, year: 6, train_course: 0, model: 6 ===
11,10,8,3,2,6


bet: 1000
11,9,4, ss: 1000
11,10,8,3,2,6


bet: 0
11,9,4, ss: 100
11,9,3, ss: 100
11,4,9, ss: 100
11,4,3, ss: 100
11,3,9, ss: 100
11,3,4, ss: 100
9,11,4, ss: 100
9,11,3, ss: 100
9,4,11, ss: 100
9,4,3, ss: 100
9,3,11, ss: 100
9,3,4, ss: 100
4,11,9, ss: 100
4,11,3, ss: 100
4,9,11, ss: 100
4,9,3, ss: 100
4,3,11, ss: 100
4,3,9, ss: 100
3,11,9, ss: 100
3,11,4, ss: 100
3,9,11, ss: 100
3,9,4, ss: 100
3,4,11, ss: 100
3,4,9, ss: 100



=== rcno: 7, nData: 300, year: 6, train_course: 0, model: 6 ===
11,10,7,9,5,3


bet: 1000
11,8,10, ss: 1000
11,10,7,9,5,3


bet: 0
11,8,10, ss: 100
11,8,6, ss: 100
11,10,8, ss: 100
11,10,6, ss: 100
11,6,8, ss: 100
11,6,10, ss: 100
8,11,10, ss: 100
8,11,6, ss: 100
8,10,11, ss: 100
8,10,6, ss: 100
8,6,11, ss: 100
8,6,10, ss: 100
10,11,8, ss: 100
10,11,6, ss: 100
10,8,11, ss: 100
10,8,6, ss: 100
10,6,11, ss: 100
10,6,8, ss: 100
6,11,8, ss: 100
6,11,10, ss: 100
6,8,11, ss: 100
6,8,10, ss: 100
6,10,11, ss: 100
6,10,8, ss: 100



=== rcno: 8, nData: 300, year: 6, train_course: 0, model: 6 ===
4,2,5,10,3,0


bet: 1000
3,6,11, ss: 1000
4,2,5,10,3,0


bet: 0
3,6,11, ss: 100
3,6,4, ss: 100
3,11,6, ss: 100
3,11,4, ss: 100
3,4,6, ss: 100
3,4,11, ss: 100
6,3,11, ss: 100
6,3,4, ss: 100
6,11,3, ss: 100
6,11,4, ss: 100
6,4,3, ss: 100
6,4,11, ss: 100
11,3,6, ss: 100
11,3,4, ss: 100
11,6,3, ss: 100
11,6,4, ss: 100
11,4,3, ss: 100
11,4,6, ss: 100
4,3,6, ss: 100
4,3,11, ss: 100
4,6,3, ss: 100
4,6,11, ss: 100
4,11,3, ss: 100
4,11,6, ss: 100



=== rcno: 9, nData: 300, year: 6, train_course: 0, model: 6 ===
9,7,2,0,5,6


bet: 1000
8,3,1, ss: 1000
9,7,2,0,5,6


bet: 0
8,3,1, ss: 100
8,3,6, ss: 100
8,1,3, ss: 100
8,1,6, ss: 100
8,6,3, ss: 100
8,6,1, ss: 100
3,8,1, ss: 100
3,8,6, ss: 100
3,1,8, ss: 100
3,1,6, ss: 100
3,6,8, ss: 100
3,6,1, ss: 100
1,8,3, ss: 100
1,8,6, ss: 100
1,3,8, ss: 100
1,3,6, ss: 100
1,6,8, ss: 100
1,6,3, ss: 100
6,8,3, ss: 100
6,8,1, ss: 100
6,3,8, ss: 100
6,3,1, ss: 100
6,1,8, ss: 100
6,1,3, ss: 100



=== rcno: 10, nData: 300, year: 6, train_course: 0, model: 6 ===
9,8,6,4,5,0


bet: 1000
9,7,5, ss: 1000
9,8,6,4,5,0


bet: 0
9,7,5, ss: 100
9,7,6, ss: 100
9,5,7, ss: 100
9,5,6, ss: 100
9,6,7, ss: 100
9,6,5, ss: 100
7,9,5, ss: 100
7,9,6, ss: 100
7,5,9, ss: 100
7,5,6, ss: 100
7,6,9, ss: 100
7,6,5, ss: 100
5,9,7, ss: 100
5,9,6, ss: 100
5,7,9, ss: 100
5,7,6, ss: 100
5,6,9, ss: 100
5,6,7, ss: 100
6,9,7, ss: 100
6,9,5, ss: 100
6,7,9, ss: 100
6,7,5, ss: 100
6,5,9, ss: 100
6,5,7, ss: 100



=== rcno: 11, nData: 300, year: 6, train_course: 0, model: 6 ===
1,2,6,0,3,8


bet: 1000
3,7,1, ss: 1000
1,2,6,0,3,8


bet: 0
3,7,1, ss: 100
3,7,4, ss: 100
3,1,7, ss: 100
3,1,4, ss: 100
3,4,7, ss: 100
3,4,1, ss: 100
7,3,1, ss: 100
7,3,4, ss: 100
7,1,3, ss: 100
7,1,4, ss: 100
7,4,3, ss: 100
7,4,1, ss: 100
1,3,7, ss: 100
1,3,4, ss: 100
1,7,3, ss: 100
1,7,4, ss: 100
1,4,3, ss: 100
1,4,7, ss: 100
4,3,7, ss: 100
4,3,1, ss: 100
4,7,3, ss: 100
4,7,1, ss: 100
4,1,3, ss: 100
4,1,7, ss: 100



=== rcno: 1, nData: 300, year: 6, train_course: 0, model: 6 ===
1,8,5,3,9,2


bet: 1000
9,6,4, ss: 1000
1,8,5,3,9,2


bet: 0
9,6,4, ss: 100
9,6,10, ss: 100
9,4,6, ss: 100
9,4,10, ss: 100
9,10,6, ss: 100
9,10,4, ss: 100
6,9,4, ss: 100
6,9,10, ss: 100
6,4,9, ss: 100
6,4,10, ss: 100
6,10,9, ss: 100
6,10,4, ss: 100
4,9,6, ss: 100
4,9,10, ss: 100
4,6,9, ss: 100
4,6,10, ss: 100
4,10,9, ss: 100
4,10,6, ss: 100
10,9,6, ss: 100
10,9,4, ss: 100
10,6,9, ss: 100
10,6,4, ss: 100
10,4,9, ss: 100
10,4,6, ss: 100



=== rcno: 2, nData: 300, year: 6, train_course: 0, model: 6 ===
3,6,7,2,1,0


bet: 1000
7,8,3, ss: 1000
3,6,7,2,1,0


bet: 0
7,8,3, ss: 100
7,8,2, ss: 100
7,3,8, ss: 100
7,3,2, ss: 100
7,2,8, ss: 100
7,2,3, ss: 100
8,7,3, ss: 100
8,7,2, ss: 100
8,3,7, ss: 100
8,3,2, ss: 100
8,2,7, ss: 100
8,2,3, ss: 100
3,7,8, ss: 100
3,7,2, ss: 100
3,8,7, ss: 100
3,8,2, ss: 100
3,2,7, ss: 100
3,2,8, ss: 100
2,7,8, ss: 100
2,7,3, ss: 100
2,8,7, ss: 100
2,8,3, ss: 100
2,3,7, ss: 100
2,3,8, ss: 100



=== rcno: 3, nData: 300, year: 6, train_course: 0, model: 6 ===
8,9,4,5,2,1


bet: 1000
10,5,6, ss: 1000
8,9,4,5,2,1


bet: 0
10,5,6, ss: 100
10,5,3, ss: 100
10,6,5, ss: 100
10,6,3, ss: 100
10,3,5, ss: 100
10,3,6, ss: 100
5,10,6, ss: 100
5,10,3, ss: 100
5,6,10, ss: 100
5,6,3, ss: 100
5,3,10, ss: 100
5,3,6, ss: 100
6,10,5, ss: 100
6,10,3, ss: 100
6,5,10, ss: 100
6,5,3, ss: 100
6,3,10, ss: 100
6,3,5, ss: 100
3,10,5, ss: 100
3,10,6, ss: 100
3,5,10, ss: 100
3,5,6, ss: 100
3,6,10, ss: 100
3,6,5, ss: 100



=== rcno: 4, nData: 300, year: 6, train_course: 0, model: 6 ===
11,5,1,9,7,0


bet: 1000
6,2,10, ss: 1000
11,5,1,9,7,0


bet: 0
6,2,10, ss: 100
6,2,8, ss: 100
6,10,2, ss: 100
6,10,8, ss: 100
6,8,2, ss: 100
6,8,10, ss: 100
2,6,10, ss: 100
2,6,8, ss: 100
2,10,6, ss: 100
2,10,8, ss: 100
2,8,6, ss: 100
2,8,10, ss: 100
10,6,2, ss: 100
10,6,8, ss: 100
10,2,6, ss: 100
10,2,8, ss: 100
10,8,6, ss: 100
10,8,2, ss: 100
8,6,2, ss: 100
8,6,10, ss: 100
8,2,6, ss: 100
8,2,10, ss: 100
8,10,6, ss: 100
8,10,2, ss: 100



=== rcno: 5, nData: 300, year: 6, train_course: 0, model: 6 ===
5,0,10,4,1,11


bet: 1000
1,11,5, ss: 1000
5,0,10,4,1,11


bet: 0
1,11,5, ss: 100
1,11,2, ss: 100
1,5,11, ss: 100
1,5,2, ss: 100
1,2,11, ss: 100
1,2,5, ss: 100
11,1,5, ss: 100
11,1,2, ss: 100
11,5,1, ss: 100
11,5,2, ss: 100
11,2,1, ss: 100
11,2,5, ss: 100
5,1,11, ss: 100
5,1,2, ss: 100
5,11,1, ss: 100
5,11,2, ss: 100
5,2,1, ss: 100
5,2,11, ss: 100
2,1,11, ss: 100
2,1,5, ss: 100
2,11,1, ss: 100
2,11,5, ss: 100
2,5,1, ss: 100
2,5,11, ss: 100



=== rcno: 6, nData: 300, year: 6, train_course: 0, model: 6 ===
11,3,10,8,2,6


bet: 1000
4,11,9, ss: 1000
11,3,10,8,2,6


bet: 0
4,11,9, ss: 100
4,11,3, ss: 100
4,9,11, ss: 100
4,9,3, ss: 100
4,3,11, ss: 100
4,3,9, ss: 100
11,4,9, ss: 100
11,4,3, ss: 100
11,9,4, ss: 100
11,9,3, ss: 100
11,3,4, ss: 100
11,3,9, ss: 100
9,4,11, ss: 100
9,4,3, ss: 100
9,11,4, ss: 100
9,11,3, ss: 100
9,3,4, ss: 100
9,3,11, ss: 100
3,4,11, ss: 100
3,4,9, ss: 100
3,11,4, ss: 100
3,11,9, ss: 100
3,9,4, ss: 100
3,9,11, ss: 100



=== rcno: 7, nData: 300, year: 6, train_course: 0, model: 6 ===
10,11,7,9,5,0


bet: 1000
12,8,10, ss: 1000
10,11,7,9,5,0


bet: 0
12,8,10, ss: 100
12,8,6, ss: 100
12,10,8, ss: 100
12,10,6, ss: 100
12,6,8, ss: 100
12,6,10, ss: 100
8,12,10, ss: 100
8,12,6, ss: 100
8,10,12, ss: 100
8,10,6, ss: 100
8,6,12, ss: 100
8,6,10, ss: 100
10,12,8, ss: 100
10,12,6, ss: 100
10,8,12, ss: 100
10,8,6, ss: 100
10,6,12, ss: 100
10,6,8, ss: 100
6,12,8, ss: 100
6,12,10, ss: 100
6,8,12, ss: 100
6,8,10, ss: 100
6,10,12, ss: 100
6,10,8, ss: 100



=== rcno: 8, nData: 300, year: 6, train_course: 0, model: 6 ===
4,5,2,10,8,0


bet: 1000
6,3,11, ss: 1000
4,5,2,10,8,0


bet: 0
6,3,11, ss: 100
6,3,9, ss: 100
6,11,3, ss: 100
6,11,9, ss: 100
6,9,3, ss: 100
6,9,11, ss: 100
3,6,11, ss: 100
3,6,9, ss: 100
3,11,6, ss: 100
3,11,9, ss: 100
3,9,6, ss: 100
3,9,11, ss: 100
11,6,3, ss: 100
11,6,9, ss: 100
11,3,6, ss: 100
11,3,9, ss: 100
11,9,6, ss: 100
11,9,3, ss: 100
9,6,3, ss: 100
9,6,11, ss: 100
9,3,6, ss: 100
9,3,11, ss: 100
9,11,6, ss: 100
9,11,3, ss: 100



=== rcno: 9, nData: 300, year: 6, train_course: 0, model: 6 ===
5,7,2,9,0,4


bet: 1000
8,3,10, ss: 1000
5,7,2,9,0,4


bet: 0
8,3,10, ss: 100
8,3,1, ss: 100
8,10,3, ss: 100
8,10,1, ss: 100
8,1,3, ss: 100
8,1,10, ss: 100
3,8,10, ss: 100
3,8,1, ss: 100
3,10,8, ss: 100
3,10,1, ss: 100
3,1,8, ss: 100
3,1,10, ss: 100
10,8,3, ss: 100
10,8,1, ss: 100
10,3,8, ss: 100
10,3,1, ss: 100
10,1,8, ss: 100
10,1,3, ss: 100
1,8,3, ss: 100
1,8,10, ss: 100
1,3,8, ss: 100
1,3,10, ss: 100
1,10,8, ss: 100
1,10,3, ss: 100



=== rcno: 10, nData: 300, year: 6, train_course: 0, model: 6 ===
9,6,8,4,5,0


bet: 1000
7,9,5, ss: 1000
9,6,8,4,5,0


bet: 0
7,9,5, ss: 100
7,9,6, ss: 100
7,5,9, ss: 100
7,5,6, ss: 100
7,6,9, ss: 100
7,6,5, ss: 100
9,7,5, ss: 100
9,7,6, ss: 100
9,5,7, ss: 100
9,5,6, ss: 100
9,6,7, ss: 100
9,6,5, ss: 100
5,7,9, ss: 100
5,7,6, ss: 100
5,9,7, ss: 100
5,9,6, ss: 100
5,6,7, ss: 100
5,6,9, ss: 100
6,7,9, ss: 100
6,7,5, ss: 100
6,9,7, ss: 100
6,9,5, ss: 100
6,5,7, ss: 100
6,5,9, ss: 100



=== rcno: 11, nData: 300, year: 6, train_course: 0, model: 6 ===
2,1,6,3,8,11


bet: 1000
2,7,4, ss: 1000
2,1,6,3,8,11


bet: 0
2,7,4, ss: 100
2,7,9, ss: 100
2,4,7, ss: 100
2,4,9, ss: 100
2,9,7, ss: 100
2,9,4, ss: 100
7,2,4, ss: 100
7,2,9, ss: 100
7,4,2, ss: 100
7,4,9, ss: 100
7,9,2, ss: 100
7,9,4, ss: 100
4,2,7, ss: 100
4,2,9, ss: 100
4,7,2, ss: 100
4,7,9, ss: 100
4,9,2, ss: 100
4,9,7, ss: 100
9,2,7, ss: 100
9,2,4, ss: 100
9,7,2, ss: 100
9,7,4, ss: 100
9,4,2, ss: 100
9,4,7, ss: 100
