


=== rcno: 1, nData: 300, year: 6, train_course: 0, model: 6 ===
1,9,4,6,5,11


bet: 1500
2,10,5, ss: 1500
1,9,4,6,5,11


bet: 150
5,7,6, ss: 150
5,7,12, ss: 150
5,6,7, ss: 150
5,6,12, ss: 150
5,12,7, ss: 150
5,12,6, ss: 150
7,6,12, ss: 150
7,12,6, ss: 150
6,7,12, ss: 150
6,12,7, ss: 150



=== rcno: 2, nData: 300, year: 6, train_course: 0, model: 6 ===
5,4,6,7,1,9


bet: 1500
6,5,7, ss: 1500
5,4,6,7,1,9


bet: 150
7,8,2, ss: 150
7,8,10, ss: 150
7,2,8, ss: 150
7,2,10, ss: 150
7,10,8, ss: 150
7,10,2, ss: 150
8,2,10, ss: 150
8,10,2, ss: 150
2,8,10, ss: 150
2,10,8, ss: 150



=== rcno: 3, nData: 300, year: 6, train_course: 0, model: 6 ===
8,3,0,9,5,2


bet: 1500
9,4,1, ss: 1500
8,3,0,9,5,2


bet: 150
1,10,6, ss: 150
1,10,3, ss: 150
1,6,10, ss: 150
1,6,3, ss: 150
1,3,10, ss: 150
1,3,6, ss: 150
10,6,3, ss: 150
10,3,6, ss: 150
6,10,3, ss: 150
6,3,10, ss: 150



=== rcno: 4, nData: 300, year: 6, train_course: 0, model: 6 ===
9,0,5,2,8,6


bet: 1500
10,1,6, ss: 1500
9,0,5,2,8,6


bet: 150
6,3,9, ss: 150
6,3,7, ss: 150
6,9,3, ss: 150
6,9,7, ss: 150
6,7,3, ss: 150
6,7,9, ss: 150
3,9,7, ss: 150
3,7,9, ss: 150
9,3,7, ss: 150
9,7,3, ss: 150



=== rcno: 5, nData: 300, year: 6, train_course: 0, model: 6 ===
4,3,2,6,5,0


bet: 1500
5,4,3, ss: 1500
4,3,2,6,5,0


bet: 150
3,7,6, ss: 150
3,7,1, ss: 150
3,6,7, ss: 150
3,6,1, ss: 150
3,1,7, ss: 150
3,1,6, ss: 150
7,6,1, ss: 150
7,1,6, ss: 150
6,7,1, ss: 150
6,1,7, ss: 150



=== rcno: 6, nData: 300, year: 6, train_course: 0, model: 6 ===
6,7,2,1,3,5


bet: 1500
7,8,3, ss: 1500
6,7,2,1,3,5


bet: 150
3,2,4, ss: 150
3,2,6, ss: 150
3,4,2, ss: 150
3,4,6, ss: 150
3,6,2, ss: 150
3,6,4, ss: 150
2,4,6, ss: 150
2,6,4, ss: 150
4,2,6, ss: 150
4,6,2, ss: 150



=== rcno: 7, nData: 300, year: 6, train_course: 0, model: 6 ===
7,0,11,13,1,5


bet: 1500
8,1,12, ss: 1500
7,0,11,13,1,5


bet: 150
12,14,2, ss: 150
12,14,6, ss: 150
12,2,14, ss: 150
12,2,6, ss: 150
12,6,14, ss: 150
12,6,2, ss: 150
14,2,6, ss: 150
14,6,2, ss: 150
2,14,6, ss: 150
2,6,14, ss: 150



=== rcno: 8, nData: 300, year: 6, train_course: 0, model: 6 ===
9,10,4,5,6,8


bet: 1500
10,11,5, ss: 1500
9,10,4,5,6,8


bet: 150
5,6,7, ss: 150
5,6,9, ss: 150
5,7,6, ss: 150
5,7,9, ss: 150
5,9,6, ss: 150
5,9,7, ss: 150
6,7,9, ss: 150
6,9,7, ss: 150
7,6,9, ss: 150
7,9,6, ss: 150



=== rcno: 9, nData: 300, year: 6, train_course: 0, model: 6 ===
8,5,7,2,1,4


bet: 1500
9,6,8, ss: 1500
8,5,7,2,1,4


bet: 150
8,3,2, ss: 150
8,3,5, ss: 150
8,2,3, ss: 150
8,2,5, ss: 150
8,5,3, ss: 150
8,5,2, ss: 150
3,2,5, ss: 150
3,5,2, ss: 150
2,3,5, ss: 150
2,5,3, ss: 150



=== rcno: 10, nData: 300, year: 6, train_course: 0, model: 6 ===
6,7,5,9,3,10


bet: 1500
7,8,6, ss: 1500
6,7,5,9,3,10


bet: 150
6,10,4, ss: 150
6,10,11, ss: 150
6,4,10, ss: 150
6,4,11, ss: 150
6,11,10, ss: 150
6,11,4, ss: 150
10,4,11, ss: 150
10,11,4, ss: 150
4,10,11, ss: 150
4,11,10, ss: 150



=== rcno: 1, nData: 300, year: 6, train_course: 0, model: 6 ===
9,5,1,10,11,4


bet: 1500
10,6,2, ss: 1500
9,5,1,10,11,4


bet: 150
2,11,12, ss: 150
2,11,5, ss: 150
2,12,11, ss: 150
2,12,5, ss: 150
2,5,11, ss: 150
2,5,12, ss: 150
11,12,5, ss: 150
11,5,12, ss: 150
12,11,5, ss: 150
12,5,11, ss: 150



=== rcno: 2, nData: 300, year: 6, train_course: 0, model: 6 ===
5,6,4,0,1,9


bet: 1500
6,7,5, ss: 1500
5,6,4,0,1,9


bet: 150
5,1,2, ss: 150
5,1,10, ss: 150
5,2,1, ss: 150
5,2,10, ss: 150
5,10,1, ss: 150
5,10,2, ss: 150
1,2,10, ss: 150
1,10,2, ss: 150
2,1,10, ss: 150
2,10,1, ss: 150



=== rcno: 3, nData: 300, year: 6, train_course: 0, model: 6 ===
8,3,5,9,6,2


bet: 1500
9,4,6, ss: 1500
8,3,5,9,6,2


bet: 150
6,10,7, ss: 150
6,10,3, ss: 150
6,7,10, ss: 150
6,7,3, ss: 150
6,3,10, ss: 150
6,3,7, ss: 150
10,7,3, ss: 150
10,3,7, ss: 150
7,10,3, ss: 150
7,3,10, ss: 150



=== rcno: 4, nData: 300, year: 6, train_course: 0, model: 6 ===
9,8,0,5,2,7


bet: 1500
10,9,1, ss: 1500
9,8,0,5,2,7


bet: 150
1,6,3, ss: 150
1,6,8, ss: 150
1,3,6, ss: 150
1,3,8, ss: 150
1,8,6, ss: 150
1,8,3, ss: 150
6,3,8, ss: 150
6,8,3, ss: 150
3,6,8, ss: 150
3,8,6, ss: 150



=== rcno: 5, nData: 300, year: 6, train_course: 0, model: 6 ===
4,2,5,6,0,3


bet: 1500
5,3,6, ss: 1500
4,2,5,6,0,3


bet: 150
6,7,1, ss: 150
6,7,4, ss: 150
6,1,7, ss: 150
6,1,4, ss: 150
6,4,7, ss: 150
6,4,1, ss: 150
7,1,4, ss: 150
7,4,1, ss: 150
1,7,4, ss: 150
1,4,7, ss: 150



=== rcno: 6, nData: 300, year: 6, train_course: 0, model: 6 ===
7,2,6,3,1,0


bet: 1500
8,3,7, ss: 1500
7,2,6,3,1,0


bet: 150
7,4,2, ss: 150
7,4,1, ss: 150
7,2,4, ss: 150
7,2,1, ss: 150
7,1,4, ss: 150
7,1,2, ss: 150
4,2,1, ss: 150
4,1,2, ss: 150
2,4,1, ss: 150
2,1,4, ss: 150



=== rcno: 7, nData: 300, year: 6, train_course: 0, model: 6 ===
7,11,13,1,8,5


bet: 1500
8,12,14, ss: 1500
7,11,13,1,8,5


bet: 150
14,2,9, ss: 150
14,2,6, ss: 150
14,9,2, ss: 150
14,9,6, ss: 150
14,6,2, ss: 150
14,6,9, ss: 150
2,9,6, ss: 150
2,6,9, ss: 150
9,2,6, ss: 150
9,6,2, ss: 150



=== rcno: 8, nData: 300, year: 6, train_course: 0, model: 6 ===
9,10,4,5,6,8


bet: 1500
10,11,5, ss: 1500
9,10,4,5,6,8


bet: 150
5,6,7, ss: 150
5,6,9, ss: 150
5,7,6, ss: 150
5,7,9, ss: 150
5,9,6, ss: 150
5,9,7, ss: 150
6,7,9, ss: 150
6,9,7, ss: 150
7,6,9, ss: 150
7,9,6, ss: 150



=== rcno: 9, nData: 300, year: 6, train_course: 0, model: 6 ===
2,7,8,5,1,4


bet: 1500
3,8,9, ss: 1500
2,7,8,5,1,4


bet: 150
9,6,2, ss: 150
9,6,5, ss: 150
9,2,6, ss: 150
9,2,5, ss: 150
9,5,6, ss: 150
9,5,2, ss: 150
6,2,5, ss: 150
6,5,2, ss: 150
2,6,5, ss: 150
2,5,6, ss: 150



=== rcno: 10, nData: 300, year: 6, train_course: 0, model: 6 ===
6,5,7,1,4,3


bet: 1500
7,6,8, ss: 1500
6,5,7,1,4,3


bet: 150
8,2,5, ss: 150
8,2,4, ss: 150
8,5,2, ss: 150
8,5,4, ss: 150
8,4,2, ss: 150
8,4,5, ss: 150
2,5,4, ss: 150
2,4,5, ss: 150
5,2,4, ss: 150
5,4,2, ss: 150



=== rcno: 1, nData: 300, year: 6, train_course: 0, model: 6 ===
3,1,9,11,6,8


bet: 1500
4,2,10, ss: 1500
3,1,9,11,6,8


bet: 150
10,12,7, ss: 150
10,12,9, ss: 150
10,7,12, ss: 150
10,7,9, ss: 150
10,9,12, ss: 150
10,9,7, ss: 150
12,7,9, ss: 150
12,9,7, ss: 150
7,12,9, ss: 150
7,9,12, ss: 150



=== rcno: 2, nData: 300, year: 6, train_course: 0, model: 6 ===
0,7,6,4,1,2


bet: 1500
1,8,7, ss: 1500
0,7,6,4,1,2


bet: 150
7,5,2, ss: 150
7,5,3, ss: 150
7,2,5, ss: 150
7,2,3, ss: 150
7,3,5, ss: 150
7,3,2, ss: 150
5,2,3, ss: 150
5,3,2, ss: 150
2,5,3, ss: 150
2,3,5, ss: 150



=== rcno: 3, nData: 300, year: 6, train_course: 0, model: 6 ===
9,0,3,8,7,4


bet: 1500
10,1,4, ss: 1500
9,0,3,8,7,4


bet: 150
4,9,8, ss: 150
4,9,5, ss: 150
4,8,9, ss: 150
4,8,5, ss: 150
4,5,9, ss: 150
4,5,8, ss: 150
9,8,5, ss: 150
9,5,8, ss: 150
8,9,5, ss: 150
8,5,9, ss: 150



=== rcno: 4, nData: 300, year: 6, train_course: 0, model: 6 ===
9,4,8,2,5,3


bet: 1500
10,5,9, ss: 1500
9,4,8,2,5,3


bet: 150
9,3,6, ss: 150
9,3,4, ss: 150
9,6,3, ss: 150
9,6,4, ss: 150
9,4,3, ss: 150
9,4,6, ss: 150
3,6,4, ss: 150
3,4,6, ss: 150
6,3,4, ss: 150
6,4,3, ss: 150



=== rcno: 5, nData: 300, year: 6, train_course: 0, model: 6 ===
4,0,5,2,6,1


bet: 1500
5,1,6, ss: 1500
4,0,5,2,6,1


bet: 150
6,3,7, ss: 150
6,3,2, ss: 150
6,7,3, ss: 150
6,7,2, ss: 150
6,2,3, ss: 150
6,2,7, ss: 150
3,7,2, ss: 150
3,2,7, ss: 150
7,3,2, ss: 150
7,2,3, ss: 150



=== rcno: 6, nData: 300, year: 6, train_course: 0, model: 6 ===
6,2,7,1,4,5


bet: 1500
7,3,8, ss: 1500
6,2,7,1,4,5


bet: 150
8,2,5, ss: 150
8,2,6, ss: 150
8,5,2, ss: 150
8,5,6, ss: 150
8,6,2, ss: 150
8,6,5, ss: 150
2,5,6, ss: 150
2,6,5, ss: 150
5,2,6, ss: 150
5,6,2, ss: 150



=== rcno: 7, nData: 300, year: 6, train_course: 0, model: 6 ===
10,13,12,4,2,8


bet: 1500
11,14,13, ss: 1500
10,13,12,4,2,8


bet: 150
13,5,3, ss: 150
13,5,9, ss: 150
13,3,5, ss: 150
13,3,9, ss: 150
13,9,5, ss: 150
13,9,3, ss: 150
5,3,9, ss: 150
5,9,3, ss: 150
3,5,9, ss: 150
3,9,5, ss: 150



=== rcno: 8, nData: 300, year: 6, train_course: 0, model: 6 ===
5,4,6,3,0,7


bet: 1500
6,5,7, ss: 1500
5,4,6,3,0,7


bet: 150
7,4,1, ss: 150
7,4,8, ss: 150
7,1,4, ss: 150
7,1,8, ss: 150
7,8,4, ss: 150
7,8,1, ss: 150
4,1,8, ss: 150
4,8,1, ss: 150
1,4,8, ss: 150
1,8,4, ss: 150



=== rcno: 9, nData: 300, year: 6, train_course: 0, model: 6 ===
8,2,3,6,5,4


bet: 1500
9,3,4, ss: 1500
8,2,3,6,5,4


bet: 150
4,7,6, ss: 150
4,7,5, ss: 150
4,6,7, ss: 150
4,6,5, ss: 150
4,5,7, ss: 150
4,5,6, ss: 150
7,6,5, ss: 150
7,5,6, ss: 150
6,7,5, ss: 150
6,5,7, ss: 150



=== rcno: 10, nData: 300, year: 6, train_course: 0, model: 6 ===
7,5,10,6,1,4


bet: 1500
8,6,11, ss: 1500
7,5,10,6,1,4


bet: 150
11,7,2, ss: 150
11,7,5, ss: 150
11,2,7, ss: 150
11,2,5, ss: 150
11,5,7, ss: 150
11,5,2, ss: 150
7,2,5, ss: 150
7,5,2, ss: 150
2,7,5, ss: 150
2,5,7, ss: 150



=== rcno: 1, nData: 300, year: 6, train_course: 0, model: 6 ===
1,9,3,11,8,6


bet: 1500
2,10,4, ss: 1500
1,9,3,11,8,6


bet: 150
4,12,9, ss: 150
4,12,7, ss: 150
4,9,12, ss: 150
4,9,7, ss: 150
4,7,12, ss: 150
4,7,9, ss: 150
12,9,7, ss: 150
12,7,9, ss: 150
9,12,7, ss: 150
9,7,12, ss: 150



=== rcno: 2, nData: 300, year: 6, train_course: 0, model: 6 ===
6,7,2,0,4,9


bet: 1500
7,8,3, ss: 1500
6,7,2,0,4,9


bet: 150
3,1,5, ss: 150
3,1,10, ss: 150
3,5,1, ss: 150
3,5,10, ss: 150
3,10,1, ss: 150
3,10,5, ss: 150
1,5,10, ss: 150
1,10,5, ss: 150
5,1,10, ss: 150
5,10,1, ss: 150



=== rcno: 3, nData: 300, year: 6, train_course: 0, model: 6 ===
9,8,0,3,5,2


bet: 1500
10,9,1, ss: 1500
9,8,0,3,5,2


bet: 150
1,4,6, ss: 150
1,4,3, ss: 150
1,6,4, ss: 150
1,6,3, ss: 150
1,3,4, ss: 150
1,3,6, ss: 150
4,6,3, ss: 150
4,3,6, ss: 150
6,4,3, ss: 150
6,3,4, ss: 150



=== rcno: 4, nData: 300, year: 6, train_course: 0, model: 6 ===
9,4,7,8,1,3


bet: 1500
10,5,8, ss: 1500
9,4,7,8,1,3


bet: 150
8,9,2, ss: 150
8,9,4, ss: 150
8,2,9, ss: 150
8,2,4, ss: 150
8,4,9, ss: 150
8,4,2, ss: 150
9,2,4, ss: 150
9,4,2, ss: 150
2,9,4, ss: 150
2,4,9, ss: 150



=== rcno: 5, nData: 300, year: 6, train_course: 0, model: 6 ===
4,2,5,0,6,3


bet: 1500
5,3,6, ss: 1500
4,2,5,0,6,3


bet: 150
6,1,7, ss: 150
6,1,4, ss: 150
6,7,1, ss: 150
6,7,4, ss: 150
6,4,1, ss: 150
6,4,7, ss: 150
1,7,4, ss: 150
1,4,7, ss: 150
7,1,4, ss: 150
7,4,1, ss: 150



=== rcno: 6, nData: 300, year: 6, train_course: 0, model: 6 ===
6,7,2,1,4,5


bet: 1500
7,8,3, ss: 1500
6,7,2,1,4,5


bet: 150
3,2,5, ss: 150
3,2,6, ss: 150
3,5,2, ss: 150
3,5,6, ss: 150
3,6,2, ss: 150
3,6,5, ss: 150
2,5,6, ss: 150
2,6,5, ss: 150
5,2,6, ss: 150
5,6,2, ss: 150



=== rcno: 7, nData: 300, year: 6, train_course: 0, model: 6 ===
6,4,12,2,10,13


bet: 1500
7,5,13, ss: 1500
6,4,12,2,10,13


bet: 150
13,3,11, ss: 150
13,3,14, ss: 150
13,11,3, ss: 150
13,11,14, ss: 150
13,14,3, ss: 150
13,14,11, ss: 150
3,11,14, ss: 150
3,14,11, ss: 150
11,3,14, ss: 150
11,14,3, ss: 150



=== rcno: 8, nData: 300, year: 6, train_course: 0, model: 6 ===
9,0,7,5,3,1


bet: 1500
10,1,8, ss: 1500
9,0,7,5,3,1


bet: 150
8,6,4, ss: 150
8,6,2, ss: 150
8,4,6, ss: 150
8,4,2, ss: 150
8,2,6, ss: 150
8,2,4, ss: 150
6,4,2, ss: 150
6,2,4, ss: 150
4,6,2, ss: 150
4,2,6, ss: 150



=== rcno: 9, nData: 300, year: 6, train_course: 0, model: 6 ===
8,6,2,3,5,4


bet: 1500
9,7,3, ss: 1500
8,6,2,3,5,4


bet: 150
3,4,6, ss: 150
3,4,5, ss: 150
3,6,4, ss: 150
3,6,5, ss: 150
3,5,4, ss: 150
3,5,6, ss: 150
4,6,5, ss: 150
4,5,6, ss: 150
6,4,5, ss: 150
6,5,4, ss: 150



=== rcno: 10, nData: 300, year: 6, train_course: 0, model: 6 ===
7,5,1,10,6,4


bet: 1500
8,6,2, ss: 1500
7,5,1,10,6,4


bet: 150
2,11,7, ss: 150
2,11,5, ss: 150
2,7,11, ss: 150
2,7,5, ss: 150
2,5,11, ss: 150
2,5,7, ss: 150
11,7,5, ss: 150
11,5,7, ss: 150
7,11,5, ss: 150
7,5,11, ss: 150



=== rcno: 1, nData: 300, year: 6, train_course: 0, model: 6 ===
3,1,8,9,4,11


bet: 1500
4,2,9, ss: 1500
3,1,8,9,4,11


bet: 150
9,10,5, ss: 150
9,10,12, ss: 150
9,5,10, ss: 150
9,5,12, ss: 150
9,12,10, ss: 150
9,12,5, ss: 150
10,5,12, ss: 150
10,12,5, ss: 150
5,10,12, ss: 150
5,12,10, ss: 150



=== rcno: 2, nData: 300, year: 6, train_course: 0, model: 6 ===
0,2,6,7,4,9


bet: 1500
1,3,7, ss: 1500
0,2,6,7,4,9


bet: 150
7,8,5, ss: 150
7,8,10, ss: 150
7,5,8, ss: 150
7,5,10, ss: 150
7,10,8, ss: 150
7,10,5, ss: 150
8,5,10, ss: 150
8,10,5, ss: 150
5,8,10, ss: 150
5,10,8, ss: 150



=== rcno: 3, nData: 300, year: 6, train_course: 0, model: 6 ===
8,9,0,7,3,5


bet: 1500
9,10,1, ss: 1500
8,9,0,7,3,5


bet: 150
1,8,4, ss: 150
1,8,6, ss: 150
1,4,8, ss: 150
1,4,6, ss: 150
1,6,8, ss: 150
1,6,4, ss: 150
8,4,6, ss: 150
8,6,4, ss: 150
4,8,6, ss: 150
4,6,8, ss: 150



=== rcno: 4, nData: 300, year: 6, train_course: 0, model: 6 ===
9,8,1,4,5,3


bet: 1500
10,9,2, ss: 1500
9,8,1,4,5,3


bet: 150
2,5,6, ss: 150
2,5,4, ss: 150
2,6,5, ss: 150
2,6,4, ss: 150
2,4,5, ss: 150
2,4,6, ss: 150
5,6,4, ss: 150
5,4,6, ss: 150
6,5,4, ss: 150
6,4,5, ss: 150



=== rcno: 5, nData: 300, year: 6, train_course: 0, model: 6 ===
4,0,5,2,1,6


bet: 1500
5,1,6, ss: 1500
4,0,5,2,1,6


bet: 150
6,3,2, ss: 150
6,3,7, ss: 150
6,2,3, ss: 150
6,2,7, ss: 150
6,7,3, ss: 150
6,7,2, ss: 150
3,2,7, ss: 150
3,7,2, ss: 150
2,3,7, ss: 150
2,7,3, ss: 150



=== rcno: 6, nData: 300, year: 6, train_course: 0, model: 6 ===
6,7,2,1,4,5


bet: 1500
7,8,3, ss: 1500
6,7,2,1,4,5


bet: 150
3,2,5, ss: 150
3,2,6, ss: 150
3,5,2, ss: 150
3,5,6, ss: 150
3,6,2, ss: 150
3,6,5, ss: 150
2,5,6, ss: 150
2,6,5, ss: 150
5,2,6, ss: 150
5,6,2, ss: 150



=== rcno: 7, nData: 300, year: 6, train_course: 0, model: 6 ===
6,12,4,2,10,9


bet: 1500
7,13,5, ss: 1500
6,12,4,2,10,9


bet: 150
5,3,11, ss: 150
5,3,10, ss: 150
5,11,3, ss: 150
5,11,10, ss: 150
5,10,3, ss: 150
5,10,11, ss: 150
3,11,10, ss: 150
3,10,11, ss: 150
11,3,10, ss: 150
11,10,3, ss: 150



=== rcno: 8, nData: 300, year: 6, train_course: 0, model: 6 ===
9,0,7,3,1,5


bet: 1500
10,1,8, ss: 1500
9,0,7,3,1,5


bet: 150
8,4,2, ss: 150
8,4,6, ss: 150
8,2,4, ss: 150
8,2,6, ss: 150
8,6,4, ss: 150
8,6,2, ss: 150
4,2,6, ss: 150
4,6,2, ss: 150
2,4,6, ss: 150
2,6,4, ss: 150



=== rcno: 9, nData: 300, year: 6, train_course: 0, model: 6 ===
8,2,6,5,3,7


bet: 1500
9,3,7, ss: 1500
8,2,6,5,3,7


bet: 150
7,6,4, ss: 150
7,6,8, ss: 150
7,4,6, ss: 150
7,4,8, ss: 150
7,8,6, ss: 150
7,8,4, ss: 150
6,4,8, ss: 150
6,8,4, ss: 150
4,6,8, ss: 150
4,8,6, ss: 150



=== rcno: 10, nData: 300, year: 6, train_course: 0, model: 6 ===
7,10,1,5,6,9


bet: 1500
8,11,2, ss: 1500
7,10,1,5,6,9


bet: 150
2,6,7, ss: 150
2,6,10, ss: 150
2,7,6, ss: 150
2,7,10, ss: 150
2,10,6, ss: 150
2,10,7, ss: 150
6,7,10, ss: 150
6,10,7, ss: 150
7,6,10, ss: 150
7,10,6, ss: 150
