


=== rcno: 1, nData: 300, year: 6, train_course: 0 ===
2,5,6,7,1,4


bet: 6000
6,7,8, ss: 6000
2,5,6,7,1,4


bet: 1500
6,7,8, ss: 1500
6,8,7, ss: 1500
7,6,8, ss: 1500
7,8,6, ss: 1500
8,6,7, ss: 1500
8,7,6, ss: 1500



=== rcno: 2, nData: 300, year: 6, train_course: 0 ===
8,5,3,7,9,1


bet: 6000
6,4,8, ss: 6000
8,5,3,7,9,1


bet: 1500
6,4,8, ss: 1500
6,8,4, ss: 1500
4,6,8, ss: 1500
4,8,6, ss: 1500
8,6,4, ss: 1500
8,4,6, ss: 1500



=== rcno: 3, nData: 300, year: 6, train_course: 0 ===
6,1,0,5,4,2


bet: 6000
2,1,6, ss: 6000
6,1,0,5,4,2


bet: 1500
2,1,6, ss: 1500
2,6,1, ss: 1500
1,2,6, ss: 1500
1,6,2, ss: 1500
6,2,1, ss: 1500
6,1,2, ss: 1500



=== rcno: 4, nData: 300, year: 6, train_course: 0 ===
3,8,4,1,2,7


bet: 6000
9,5,2, ss: 6000
3,8,4,1,2,7


bet: 1500
9,5,2, ss: 1500
9,2,5, ss: 1500
5,9,2, ss: 1500
5,2,9, ss: 1500
2,9,5, ss: 1500
2,5,9, ss: 1500



=== rcno: 5, nData: 300, year: 6, train_course: 0 ===
3,2,7,6,5,0


bet: 6000
3,8,7, ss: 6000
3,2,7,6,5,0


bet: 1500
3,8,7, ss: 1500
3,7,8, ss: 1500
8,3,7, ss: 1500
8,7,3, ss: 1500
7,3,8, ss: 1500
7,8,3, ss: 1500



=== rcno: 6, nData: 300, year: 6, train_course: 0 ===
4,7,6,3,11,1


bet: 6000
8,7,4, ss: 6000
4,7,6,3,11,1


bet: 1500
8,7,4, ss: 1500
8,4,7, ss: 1500
7,8,4, ss: 1500
7,4,8, ss: 1500
4,8,7, ss: 1500
4,7,8, ss: 1500



=== rcno: 7, nData: 300, year: 6, train_course: 0 ===
1,6,2,9,0,10


bet: 6000
7,3,10, ss: 6000
1,6,2,9,0,10


bet: 1500
7,3,10, ss: 1500
7,10,3, ss: 1500
3,7,10, ss: 1500
3,10,7, ss: 1500
10,7,3, ss: 1500
10,3,7, ss: 1500



=== rcno: 8, nData: 300, year: 6, train_course: 0 ===
2,1,6,9,7,3


bet: 6000
2,7,10, ss: 6000
2,1,6,9,7,3


bet: 1500
2,7,10, ss: 1500
2,10,7, ss: 1500
7,2,10, ss: 1500
7,10,2, ss: 1500
10,2,7, ss: 1500
10,7,2, ss: 1500



=== rcno: 9, nData: 300, year: 6, train_course: 0 ===
5,0,1,6,9,7


bet: 6000
1,2,7, ss: 6000
5,0,1,6,9,7


bet: 1500
1,2,7, ss: 1500
1,7,2, ss: 1500
2,1,7, ss: 1500
2,7,1, ss: 1500
7,1,2, ss: 1500
7,2,1, ss: 1500



=== rcno: 10, nData: 300, year: 6, train_course: 0 ===
7,5,6,4,1,0


bet: 6000
6,7,5, ss: 6000
7,5,6,4,1,0


bet: 1500
6,7,5, ss: 1500
6,5,7, ss: 1500
7,6,5, ss: 1500
7,5,6, ss: 1500
5,6,7, ss: 1500
5,7,6, ss: 1500



=== rcno: 11, nData: 300, year: 6, train_course: 0 ===
6,2,4,1,0,5


bet: 6000
3,5,2, ss: 6000
6,2,4,1,0,5


bet: 1500
3,5,2, ss: 1500
3,2,5, ss: 1500
5,3,2, ss: 1500
5,2,3, ss: 1500
2,3,5, ss: 1500
2,5,3, ss: 1500



=== rcno: 12, nData: 300, year: 6, train_course: 0 ===
8,0,9,10,1,3


bet: 6000
1,10,11, ss: 6000
8,0,9,10,1,3


bet: 1500
1,10,11, ss: 1500
1,11,10, ss: 1500
10,1,11, ss: 1500
10,11,1, ss: 1500
11,1,10, ss: 1500
11,10,1, ss: 1500
