


=== rcno: 1, nData: 300, year: 6, train_course: 0 ===
5,7,2,0,4,6


bet: 6000
8,3,1, ss: 6000
5,7,2,0,4,6


bet: 1500
8,3,1, ss: 1500
8,1,3, ss: 1500
3,8,1, ss: 1500
3,1,8, ss: 1500
1,8,3, ss: 1500
1,3,8, ss: 1500



=== rcno: 2, nData: 300, year: 6, train_course: 0 ===
5,1,3,2,7,0


bet: 6000
2,4,3, ss: 6000
5,1,3,2,7,0


bet: 1500
2,4,3, ss: 1500
2,3,4, ss: 1500
4,2,3, ss: 1500
4,3,2, ss: 1500
3,2,4, ss: 1500
3,4,2, ss: 1500



=== rcno: 3, nData: 300, year: 6, train_course: 0 ===
2,3,1,7,10,4


bet: 6000
4,2,8, ss: 6000
2,3,1,7,10,4


bet: 1500
4,2,8, ss: 1500
4,8,2, ss: 1500
2,4,8, ss: 1500
2,8,4, ss: 1500
8,4,2, ss: 1500
8,2,4, ss: 1500



=== rcno: 4, nData: 300, year: 6, train_course: 0 ===
7,2,0,3,1,6


bet: 6000
3,1,4, ss: 6000
7,2,0,3,1,6


bet: 1500
3,1,4, ss: 1500
3,4,1, ss: 1500
1,3,4, ss: 1500
1,4,3, ss: 1500
4,3,1, ss: 1500
4,1,3, ss: 1500



=== rcno: 5, nData: 300, year: 6, train_course: 0 ===
0,2,1,7,6,5


bet: 6000
3,2,8, ss: 6000
0,2,1,7,6,5


bet: 1500
3,2,8, ss: 1500
3,8,2, ss: 1500
2,3,8, ss: 1500
2,8,3, ss: 1500
8,3,2, ss: 1500
8,2,3, ss: 1500



=== rcno: 6, nData: 300, year: 6, train_course: 0 ===
3,6,5,2,0,7


bet: 6000
7,6,3, ss: 6000
3,6,5,2,0,7


bet: 1500
7,6,3, ss: 1500
7,3,6, ss: 1500
6,7,3, ss: 1500
6,3,7, ss: 1500
3,7,6, ss: 1500
3,6,7, ss: 1500



=== rcno: 7, nData: 300, year: 6, train_course: 0 ===
5,6,1,7,0,4


bet: 6000
7,2,8, ss: 6000
5,6,1,7,0,4


bet: 1500
7,2,8, ss: 1500
7,8,2, ss: 1500
2,7,8, ss: 1500
2,8,7, ss: 1500
8,7,2, ss: 1500
8,2,7, ss: 1500



=== rcno: 8, nData: 300, year: 6, train_course: 0 ===
4,8,6,7,5,2


bet: 6000
9,7,8, ss: 6000
4,8,6,7,5,2


bet: 1500
9,7,8, ss: 1500
9,8,7, ss: 1500
7,9,8, ss: 1500
7,8,9, ss: 1500
8,9,7, ss: 1500
8,7,9, ss: 1500



=== rcno: 9, nData: 300, year: 6, train_course: 0 ===
7,9,1,3,6,8


bet: 6000
10,2,4, ss: 6000
7,9,1,3,6,8


bet: 1500
10,2,4, ss: 1500
10,4,2, ss: 1500
2,10,4, ss: 1500
2,4,10, ss: 1500
4,10,2, ss: 1500
4,2,10, ss: 1500



=== rcno: 10, nData: 300, year: 6, train_course: 0 ===
6,0,2,1,7,5


bet: 6000
1,3,2, ss: 6000
6,0,2,1,7,5


bet: 1500
1,3,2, ss: 1500
1,2,3, ss: 1500
3,1,2, ss: 1500
3,2,1, ss: 1500
2,1,3, ss: 1500
2,3,1, ss: 1500



=== rcno: 11, nData: 300, year: 6, train_course: 0 ===
2,9,4,10,0,5


bet: 6000
10,5,11, ss: 6000
2,9,4,10,0,5


bet: 1500
10,5,11, ss: 1500
10,11,5, ss: 1500
5,10,11, ss: 1500
5,11,10, ss: 1500
11,10,5, ss: 1500
11,5,10, ss: 1500
