


=== rcno: 1, nData: 300, year: 6, train_course: 0, model: 5 ===
4,7,6,10,5,0


bet: 400
8,7,11, ss: 400
8,7,6, ss: 400
8,11,7, ss: 400
8,11,6, ss: 400
8,6,7, ss: 400
8,6,11, ss: 400
7,8,11, ss: 400
7,8,6, ss: 400
7,11,8, ss: 400
7,11,6, ss: 400
7,6,8, ss: 400
7,6,11, ss: 400
11,8,7, ss: 400
11,8,6, ss: 400
11,7,8, ss: 400
11,7,6, ss: 400
11,6,8, ss: 400
11,6,7, ss: 400
6,8,7, ss: 400
6,8,11, ss: 400
6,7,8, ss: 400
6,7,11, ss: 400
6,11,8, ss: 400
6,11,7, ss: 400



=== rcno: 2, nData: 300, year: 6, train_course: 0, model: 5 ===
6,3,2,0,4,7


bet: 400
4,3,1, ss: 400
4,3,5, ss: 400
4,1,3, ss: 400
4,1,5, ss: 400
4,5,3, ss: 400
4,5,1, ss: 400
3,4,1, ss: 400
3,4,5, ss: 400
3,1,4, ss: 400
3,1,5, ss: 400
3,5,4, ss: 400
3,5,1, ss: 400
1,4,3, ss: 400
1,4,5, ss: 400
1,3,4, ss: 400
1,3,5, ss: 400
1,5,4, ss: 400
1,5,3, ss: 400
5,4,3, ss: 400
5,4,1, ss: 400
5,3,4, ss: 400
5,3,1, ss: 400
5,1,4, ss: 400
5,1,3, ss: 400



=== rcno: 3, nData: 300, year: 6, train_course: 0, model: 5 ===
3,5,1,7,2,10


bet: 400
6,2,8, ss: 400
6,2,3, ss: 400
6,8,2, ss: 400
6,8,3, ss: 400
6,3,2, ss: 400
6,3,8, ss: 400
2,6,8, ss: 400
2,6,3, ss: 400
2,8,6, ss: 400
2,8,3, ss: 400
2,3,6, ss: 400
2,3,8, ss: 400
8,6,2, ss: 400
8,6,3, ss: 400
8,2,6, ss: 400
8,2,3, ss: 400
8,3,6, ss: 400
8,3,2, ss: 400
3,6,2, ss: 400
3,6,8, ss: 400
3,2,6, ss: 400
3,2,8, ss: 400
3,8,6, ss: 400
3,8,2, ss: 400



=== rcno: 4, nData: 300, year: 6, train_course: 0, model: 5 ===
10,1,6,0,7,2


bet: 400
2,7,1, ss: 400
2,7,8, ss: 400
2,1,7, ss: 400
2,1,8, ss: 400
2,8,7, ss: 400
2,8,1, ss: 400
7,2,1, ss: 400
7,2,8, ss: 400
7,1,2, ss: 400
7,1,8, ss: 400
7,8,2, ss: 400
7,8,1, ss: 400
1,2,7, ss: 400
1,2,8, ss: 400
1,7,2, ss: 400
1,7,8, ss: 400
1,8,2, ss: 400
1,8,7, ss: 400
8,2,7, ss: 400
8,2,1, ss: 400
8,7,2, ss: 400
8,7,1, ss: 400
8,1,2, ss: 400
8,1,7, ss: 400



=== rcno: 5, nData: 300, year: 6, train_course: 0, model: 5 ===
1,7,6,9,3,2


bet: 400
8,7,10, ss: 400
8,7,4, ss: 400
8,10,7, ss: 400
8,10,4, ss: 400
8,4,7, ss: 400
8,4,10, ss: 400
7,8,10, ss: 400
7,8,4, ss: 400
7,10,8, ss: 400
7,10,4, ss: 400
7,4,8, ss: 400
7,4,10, ss: 400
10,8,7, ss: 400
10,8,4, ss: 400
10,7,8, ss: 400
10,7,4, ss: 400
10,4,8, ss: 400
10,4,7, ss: 400
4,8,7, ss: 400
4,8,10, ss: 400
4,7,8, ss: 400
4,7,10, ss: 400
4,10,8, ss: 400
4,10,7, ss: 400



=== rcno: 6, nData: 300, year: 6, train_course: 0, model: 5 ===
3,5,11,7,9,8


bet: 400
6,12,8, ss: 400
6,12,10, ss: 400
6,8,12, ss: 400
6,8,10, ss: 400
6,10,12, ss: 400
6,10,8, ss: 400
12,6,8, ss: 400
12,6,10, ss: 400
12,8,6, ss: 400
12,8,10, ss: 400
12,10,6, ss: 400
12,10,8, ss: 400
8,6,12, ss: 400
8,6,10, ss: 400
8,12,6, ss: 400
8,12,10, ss: 400
8,10,6, ss: 400
8,10,12, ss: 400
10,6,12, ss: 400
10,6,8, ss: 400
10,12,6, ss: 400
10,12,8, ss: 400
10,8,6, ss: 400
10,8,12, ss: 400



=== rcno: 7, nData: 300, year: 6, train_course: 0, model: 5 ===
3,9,11,4,10,5


bet: 400
10,12,5, ss: 400
10,12,11, ss: 400
10,5,12, ss: 400
10,5,11, ss: 400
10,11,12, ss: 400
10,11,5, ss: 400
12,10,5, ss: 400
12,10,11, ss: 400
12,5,10, ss: 400
12,5,11, ss: 400
12,11,10, ss: 400
12,11,5, ss: 400
5,10,12, ss: 400
5,10,11, ss: 400
5,12,10, ss: 400
5,12,11, ss: 400
5,11,10, ss: 400
5,11,12, ss: 400
11,10,12, ss: 400
11,10,5, ss: 400
11,12,10, ss: 400
11,12,5, ss: 400
11,5,10, ss: 400
11,5,12, ss: 400



=== rcno: 8, nData: 300, year: 6, train_course: 0, model: 5 ===
4,1,0,6,9,10


bet: 400
2,1,7, ss: 400
2,1,10, ss: 400
2,7,1, ss: 400
2,7,10, ss: 400
2,10,1, ss: 400
2,10,7, ss: 400
1,2,7, ss: 400
1,2,10, ss: 400
1,7,2, ss: 400
1,7,10, ss: 400
1,10,2, ss: 400
1,10,7, ss: 400
7,2,1, ss: 400
7,2,10, ss: 400
7,1,2, ss: 400
7,1,10, ss: 400
7,10,2, ss: 400
7,10,1, ss: 400
10,2,1, ss: 400
10,2,7, ss: 400
10,1,2, ss: 400
10,1,7, ss: 400
10,7,2, ss: 400
10,7,1, ss: 400



=== rcno: 9, nData: 300, year: 6, train_course: 0, model: 5 ===
0,7,8,6,1,10


bet: 400
8,9,7, ss: 400
8,9,2, ss: 400
8,7,9, ss: 400
8,7,2, ss: 400
8,2,9, ss: 400
8,2,7, ss: 400
9,8,7, ss: 400
9,8,2, ss: 400
9,7,8, ss: 400
9,7,2, ss: 400
9,2,8, ss: 400
9,2,7, ss: 400
7,8,9, ss: 400
7,8,2, ss: 400
7,9,8, ss: 400
7,9,2, ss: 400
7,2,8, ss: 400
7,2,9, ss: 400
2,8,9, ss: 400
2,8,7, ss: 400
2,9,8, ss: 400
2,9,7, ss: 400
2,7,8, ss: 400
2,7,9, ss: 400



=== rcno: 10, nData: 300, year: 6, train_course: 0, model: 5 ===
11,0,6,5,7,4


bet: 400
1,7,6, ss: 400
1,7,8, ss: 400
1,6,7, ss: 400
1,6,8, ss: 400
1,8,7, ss: 400
1,8,6, ss: 400
7,1,6, ss: 400
7,1,8, ss: 400
7,6,1, ss: 400
7,6,8, ss: 400
7,8,1, ss: 400
7,8,6, ss: 400
6,1,7, ss: 400
6,1,8, ss: 400
6,7,1, ss: 400
6,7,8, ss: 400
6,8,1, ss: 400
6,8,7, ss: 400
8,1,7, ss: 400
8,1,6, ss: 400
8,7,1, ss: 400
8,7,6, ss: 400
8,6,1, ss: 400
8,6,7, ss: 400



=== rcno: 11, nData: 300, year: 6, train_course: 0, model: 5 ===
2,11,7,9,0,1


bet: 400
12,8,10, ss: 400
12,8,1, ss: 400
12,10,8, ss: 400
12,10,1, ss: 400
12,1,8, ss: 400
12,1,10, ss: 400
8,12,10, ss: 400
8,12,1, ss: 400
8,10,12, ss: 400
8,10,1, ss: 400
8,1,12, ss: 400
8,1,10, ss: 400
10,12,8, ss: 400
10,12,1, ss: 400
10,8,12, ss: 400
10,8,1, ss: 400
10,1,12, ss: 400
10,1,8, ss: 400
1,12,8, ss: 400
1,12,10, ss: 400
1,8,12, ss: 400
1,8,10, ss: 400
1,10,12, ss: 400
1,10,8, ss: 400



=== rcno: 1, nData: 300, year: 6, train_course: 0, model: 5 ===
4,10,7,6,5,0


bet: 400
11,8,7, ss: 400
11,8,6, ss: 400
11,7,8, ss: 400
11,7,6, ss: 400
11,6,8, ss: 400
11,6,7, ss: 400
8,11,7, ss: 400
8,11,6, ss: 400
8,7,11, ss: 400
8,7,6, ss: 400
8,6,11, ss: 400
8,6,7, ss: 400
7,11,8, ss: 400
7,11,6, ss: 400
7,8,11, ss: 400
7,8,6, ss: 400
7,6,11, ss: 400
7,6,8, ss: 400
6,11,8, ss: 400
6,11,7, ss: 400
6,8,11, ss: 400
6,8,7, ss: 400
6,7,11, ss: 400
6,7,8, ss: 400



=== rcno: 2, nData: 300, year: 6, train_course: 0, model: 5 ===
6,3,2,0,4,7


bet: 400
4,3,1, ss: 400
4,3,5, ss: 400
4,1,3, ss: 400
4,1,5, ss: 400
4,5,3, ss: 400
4,5,1, ss: 400
3,4,1, ss: 400
3,4,5, ss: 400
3,1,4, ss: 400
3,1,5, ss: 400
3,5,4, ss: 400
3,5,1, ss: 400
1,4,3, ss: 400
1,4,5, ss: 400
1,3,4, ss: 400
1,3,5, ss: 400
1,5,4, ss: 400
1,5,3, ss: 400
5,4,3, ss: 400
5,4,1, ss: 400
5,3,4, ss: 400
5,3,1, ss: 400
5,1,4, ss: 400
5,1,3, ss: 400



=== rcno: 3, nData: 300, year: 6, train_course: 0, model: 5 ===
3,2,1,0,4,10


bet: 400
3,2,1, ss: 400
3,2,5, ss: 400
3,1,2, ss: 400
3,1,5, ss: 400
3,5,2, ss: 400
3,5,1, ss: 400
2,3,1, ss: 400
2,3,5, ss: 400
2,1,3, ss: 400
2,1,5, ss: 400
2,5,3, ss: 400
2,5,1, ss: 400
1,3,2, ss: 400
1,3,5, ss: 400
1,2,3, ss: 400
1,2,5, ss: 400
1,5,3, ss: 400
1,5,2, ss: 400
5,3,2, ss: 400
5,3,1, ss: 400
5,2,3, ss: 400
5,2,1, ss: 400
5,1,3, ss: 400
5,1,2, ss: 400



=== rcno: 4, nData: 300, year: 6, train_course: 0, model: 5 ===
10,1,2,7,6,5


bet: 400
2,3,8, ss: 400
2,3,7, ss: 400
2,8,3, ss: 400
2,8,7, ss: 400
2,7,3, ss: 400
2,7,8, ss: 400
3,2,8, ss: 400
3,2,7, ss: 400
3,8,2, ss: 400
3,8,7, ss: 400
3,7,2, ss: 400
3,7,8, ss: 400
8,2,3, ss: 400
8,2,7, ss: 400
8,3,2, ss: 400
8,3,7, ss: 400
8,7,2, ss: 400
8,7,3, ss: 400
7,2,3, ss: 400
7,2,8, ss: 400
7,3,2, ss: 400
7,3,8, ss: 400
7,8,2, ss: 400
7,8,3, ss: 400



=== rcno: 5, nData: 300, year: 6, train_course: 0, model: 5 ===
1,7,6,9,3,2


bet: 400
8,7,10, ss: 400
8,7,4, ss: 400
8,10,7, ss: 400
8,10,4, ss: 400
8,4,7, ss: 400
8,4,10, ss: 400
7,8,10, ss: 400
7,8,4, ss: 400
7,10,8, ss: 400
7,10,4, ss: 400
7,4,8, ss: 400
7,4,10, ss: 400
10,8,7, ss: 400
10,8,4, ss: 400
10,7,8, ss: 400
10,7,4, ss: 400
10,4,8, ss: 400
10,4,7, ss: 400
4,8,7, ss: 400
4,8,10, ss: 400
4,7,8, ss: 400
4,7,10, ss: 400
4,10,8, ss: 400
4,10,7, ss: 400



=== rcno: 6, nData: 300, year: 6, train_course: 0, model: 5 ===
5,9,3,4,11,7


bet: 400
10,4,5, ss: 400
10,4,12, ss: 400
10,5,4, ss: 400
10,5,12, ss: 400
10,12,4, ss: 400
10,12,5, ss: 400
4,10,5, ss: 400
4,10,12, ss: 400
4,5,10, ss: 400
4,5,12, ss: 400
4,12,10, ss: 400
4,12,5, ss: 400
5,10,4, ss: 400
5,10,12, ss: 400
5,4,10, ss: 400
5,4,12, ss: 400
5,12,10, ss: 400
5,12,4, ss: 400
12,10,4, ss: 400
12,10,5, ss: 400
12,4,10, ss: 400
12,4,5, ss: 400
12,5,10, ss: 400
12,5,4, ss: 400



=== rcno: 7, nData: 300, year: 6, train_course: 0, model: 5 ===
11,3,9,4,5,7


bet: 400
4,10,5, ss: 400
4,10,6, ss: 400
4,5,10, ss: 400
4,5,6, ss: 400
4,6,10, ss: 400
4,6,5, ss: 400
10,4,5, ss: 400
10,4,6, ss: 400
10,5,4, ss: 400
10,5,6, ss: 400
10,6,4, ss: 400
10,6,5, ss: 400
5,4,10, ss: 400
5,4,6, ss: 400
5,10,4, ss: 400
5,10,6, ss: 400
5,6,4, ss: 400
5,6,10, ss: 400
6,4,10, ss: 400
6,4,5, ss: 400
6,10,4, ss: 400
6,10,5, ss: 400
6,5,4, ss: 400
6,5,10, ss: 400



=== rcno: 8, nData: 300, year: 6, train_course: 0, model: 5 ===
4,1,9,0,6,10


bet: 400
2,10,1, ss: 400
2,10,7, ss: 400
2,1,10, ss: 400
2,1,7, ss: 400
2,7,10, ss: 400
2,7,1, ss: 400
10,2,1, ss: 400
10,2,7, ss: 400
10,1,2, ss: 400
10,1,7, ss: 400
10,7,2, ss: 400
10,7,1, ss: 400
1,2,10, ss: 400
1,2,7, ss: 400
1,10,2, ss: 400
1,10,7, ss: 400
1,7,2, ss: 400
1,7,10, ss: 400
7,2,10, ss: 400
7,2,1, ss: 400
7,10,2, ss: 400
7,10,1, ss: 400
7,1,2, ss: 400
7,1,10, ss: 400



=== rcno: 9, nData: 300, year: 6, train_course: 0, model: 5 ===
0,7,8,1,6,10


bet: 400
8,9,2, ss: 400
8,9,7, ss: 400
8,2,9, ss: 400
8,2,7, ss: 400
8,7,9, ss: 400
8,7,2, ss: 400
9,8,2, ss: 400
9,8,7, ss: 400
9,2,8, ss: 400
9,2,7, ss: 400
9,7,8, ss: 400
9,7,2, ss: 400
2,8,9, ss: 400
2,8,7, ss: 400
2,9,8, ss: 400
2,9,7, ss: 400
2,7,8, ss: 400
2,7,9, ss: 400
7,8,9, ss: 400
7,8,2, ss: 400
7,9,8, ss: 400
7,9,2, ss: 400
7,2,8, ss: 400
7,2,9, ss: 400



=== rcno: 10, nData: 300, year: 6, train_course: 0, model: 5 ===
11,0,5,1,7,6


bet: 400
1,6,2, ss: 400
1,6,8, ss: 400
1,2,6, ss: 400
1,2,8, ss: 400
1,8,6, ss: 400
1,8,2, ss: 400
6,1,2, ss: 400
6,1,8, ss: 400
6,2,1, ss: 400
6,2,8, ss: 400
6,8,1, ss: 400
6,8,2, ss: 400
2,1,6, ss: 400
2,1,8, ss: 400
2,6,1, ss: 400
2,6,8, ss: 400
2,8,1, ss: 400
2,8,6, ss: 400
8,1,6, ss: 400
8,1,2, ss: 400
8,6,1, ss: 400
8,6,2, ss: 400
8,2,1, ss: 400
8,2,6, ss: 400



=== rcno: 11, nData: 300, year: 6, train_course: 0, model: 5 ===
2,11,7,5,9,0


bet: 400
12,8,6, ss: 400
12,8,10, ss: 400
12,6,8, ss: 400
12,6,10, ss: 400
12,10,8, ss: 400
12,10,6, ss: 400
8,12,6, ss: 400
8,12,10, ss: 400
8,6,12, ss: 400
8,6,10, ss: 400
8,10,12, ss: 400
8,10,6, ss: 400
6,12,8, ss: 400
6,12,10, ss: 400
6,8,12, ss: 400
6,8,10, ss: 400
6,10,12, ss: 400
6,10,8, ss: 400
10,12,8, ss: 400
10,12,6, ss: 400
10,8,12, ss: 400
10,8,6, ss: 400
10,6,12, ss: 400
10,6,8, ss: 400
