


=== rcno: 1, nData: 151, year: 6, train_course: 0, model: 5 ===
4,11,7,0,10,6


bet: 800
11,7,6, ss: 800
11,7,9, ss: 800
11,6,7, ss: 800
11,6,9, ss: 800
7,11,6, ss: 800
7,11,9, ss: 800
7,6,11, ss: 800
7,6,9, ss: 800
6,11,7, ss: 800
6,11,9, ss: 800
6,7,11, ss: 800
6,7,9, ss: 800



=== rcno: 2, nData: 151, year: 6, train_course: 0, model: 5 ===
6,3,4,0,2,5


bet: 800
3,6,8, ss: 800
3,6,9, ss: 800
3,8,6, ss: 800
3,8,9, ss: 800
6,3,8, ss: 800
6,3,9, ss: 800
6,8,3, ss: 800
6,8,9, ss: 800
8,3,6, ss: 800
8,3,9, ss: 800
8,6,3, ss: 800
8,6,9, ss: 800



=== rcno: 3, nData: 151, year: 6, train_course: 0, model: 5 ===
3,11,2,0,7,9


bet: 800
8,10,11, ss: 800
8,10,6, ss: 800
8,11,10, ss: 800
8,11,6, ss: 800
10,8,11, ss: 800
10,8,6, ss: 800
10,11,8, ss: 800
10,11,6, ss: 800
11,8,10, ss: 800
11,8,6, ss: 800
11,10,8, ss: 800
11,10,6, ss: 800



=== rcno: 4, nData: 151, year: 6, train_course: 0, model: 5 ===
0,10,1,2,6,7


bet: 800
7,8,12, ss: 800
7,8,9, ss: 800
7,12,8, ss: 800
7,12,9, ss: 800
8,7,12, ss: 800
8,7,9, ss: 800
8,12,7, ss: 800
8,12,9, ss: 800
12,7,8, ss: 800
12,7,9, ss: 800
12,8,7, ss: 800
12,8,9, ss: 800



=== rcno: 5, nData: 151, year: 6, train_course: 0, model: 5 ===
1,7,6,9,5,3


bet: 800
6,4,1, ss: 800
6,4,5, ss: 800
6,1,4, ss: 800
6,1,5, ss: 800
4,6,1, ss: 800
4,6,5, ss: 800
4,1,6, ss: 800
4,1,5, ss: 800
1,6,4, ss: 800
1,6,5, ss: 800
1,4,6, ss: 800
1,4,5, ss: 800



=== rcno: 6, nData: 151, year: 6, train_course: 0, model: 5 ===
5,3,8,7,11,4


bet: 800
12,5,3, ss: 800
12,5,10, ss: 800
12,3,5, ss: 800
12,3,10, ss: 800
5,12,3, ss: 800
5,12,10, ss: 800
5,3,12, ss: 800
5,3,10, ss: 800
3,12,5, ss: 800
3,12,10, ss: 800
3,5,12, ss: 800
3,5,10, ss: 800



=== rcno: 7, nData: 151, year: 6, train_course: 0, model: 5 ===
9,11,3,10,4,5


bet: 800
5,6,8, ss: 800
5,6,1, ss: 800
5,8,6, ss: 800
5,8,1, ss: 800
6,5,8, ss: 800
6,5,1, ss: 800
6,8,5, ss: 800
6,8,1, ss: 800
8,5,6, ss: 800
8,5,1, ss: 800
8,6,5, ss: 800
8,6,1, ss: 800



=== rcno: 8, nData: 151, year: 6, train_course: 0, model: 5 ===
6,3,4,0,1,9


bet: 800
2,10,11, ss: 800
2,10,3, ss: 800
2,11,10, ss: 800
2,11,3, ss: 800
10,2,11, ss: 800
10,2,3, ss: 800
10,11,2, ss: 800
10,11,3, ss: 800
11,2,10, ss: 800
11,2,3, ss: 800
11,10,2, ss: 800
11,10,3, ss: 800



=== rcno: 9, nData: 151, year: 6, train_course: 0, model: 5 ===
2,0,10,7,8,3


bet: 800
9,4,2, ss: 800
9,4,7, ss: 800
9,2,4, ss: 800
9,2,7, ss: 800
4,9,2, ss: 800
4,9,7, ss: 800
4,2,9, ss: 800
4,2,7, ss: 800
2,9,4, ss: 800
2,9,7, ss: 800
2,4,9, ss: 800
2,4,7, ss: 800



=== rcno: 10, nData: 151, year: 6, train_course: 0, model: 5 ===
0,11,5,1,6,7


bet: 800
7,8,10, ss: 800
7,8,3, ss: 800
7,10,8, ss: 800
7,10,3, ss: 800
8,7,10, ss: 800
8,7,3, ss: 800
8,10,7, ss: 800
8,10,3, ss: 800
10,7,8, ss: 800
10,7,3, ss: 800
10,8,7, ss: 800
10,8,3, ss: 800



=== rcno: 11, nData: 151, year: 6, train_course: 0, model: 5 ===
2,11,0,8,9,7


bet: 800
10,8,6, ss: 800
10,8,5, ss: 800
10,6,8, ss: 800
10,6,5, ss: 800
8,10,6, ss: 800
8,10,5, ss: 800
8,6,10, ss: 800
8,6,5, ss: 800
6,10,8, ss: 800
6,10,5, ss: 800
6,8,10, ss: 800
6,8,5, ss: 800



=== rcno: 1, nData: 151, year: 6, train_course: 0, model: 5 ===
11,0,4,10,7,6


bet: 800
8,7,10, ss: 800
8,7,6, ss: 800
8,10,7, ss: 800
8,10,6, ss: 800
7,8,10, ss: 800
7,8,6, ss: 800
7,10,8, ss: 800
7,10,6, ss: 800
10,8,7, ss: 800
10,8,6, ss: 800
10,7,8, ss: 800
10,7,6, ss: 800



=== rcno: 2, nData: 151, year: 6, train_course: 0, model: 5 ===
6,3,2,0,4,5


bet: 800
5,6,8, ss: 800
5,6,9, ss: 800
5,8,6, ss: 800
5,8,9, ss: 800
6,5,8, ss: 800
6,5,9, ss: 800
6,8,5, ss: 800
6,8,9, ss: 800
8,5,6, ss: 800
8,5,9, ss: 800
8,6,5, ss: 800
8,6,9, ss: 800



=== rcno: 3, nData: 151, year: 6, train_course: 0, model: 5 ===
3,7,2,4,10,1


bet: 800
11,2,1, ss: 800
11,2,7, ss: 800
11,1,2, ss: 800
11,1,7, ss: 800
2,11,1, ss: 800
2,11,7, ss: 800
2,1,11, ss: 800
2,1,7, ss: 800
1,11,2, ss: 800
1,11,7, ss: 800
1,2,11, ss: 800
1,2,7, ss: 800



=== rcno: 4, nData: 151, year: 6, train_course: 0, model: 5 ===
1,6,0,2,9,7


bet: 800
10,8,11, ss: 800
10,8,12, ss: 800
10,11,8, ss: 800
10,11,12, ss: 800
8,10,11, ss: 800
8,10,12, ss: 800
8,11,10, ss: 800
8,11,12, ss: 800
11,10,8, ss: 800
11,10,12, ss: 800
11,8,10, ss: 800
11,8,12, ss: 800



=== rcno: 5, nData: 151, year: 6, train_course: 0, model: 5 ===
7,1,9,3,6,5


bet: 800
7,6,1, ss: 800
7,6,3, ss: 800
7,1,6, ss: 800
7,1,3, ss: 800
6,7,1, ss: 800
6,7,3, ss: 800
6,1,7, ss: 800
6,1,3, ss: 800
1,7,6, ss: 800
1,7,3, ss: 800
1,6,7, ss: 800
1,6,3, ss: 800



=== rcno: 6, nData: 151, year: 6, train_course: 0, model: 5 ===
5,8,11,7,2,3


bet: 800
3,4,5, ss: 800
3,4,10, ss: 800
3,5,4, ss: 800
3,5,10, ss: 800
4,3,5, ss: 800
4,3,10, ss: 800
4,5,3, ss: 800
4,5,10, ss: 800
5,3,4, ss: 800
5,3,10, ss: 800
5,4,3, ss: 800
5,4,10, ss: 800



=== rcno: 7, nData: 151, year: 6, train_course: 0, model: 5 ===
4,11,9,3,5,10


bet: 800
6,11,8, ss: 800
6,11,9, ss: 800
6,8,11, ss: 800
6,8,9, ss: 800
11,6,8, ss: 800
11,6,9, ss: 800
11,8,6, ss: 800
11,8,9, ss: 800
8,6,11, ss: 800
8,6,9, ss: 800
8,11,6, ss: 800
8,11,9, ss: 800



=== rcno: 8, nData: 151, year: 6, train_course: 0, model: 5 ===
6,3,0,1,9,4


bet: 800
10,5,11, ss: 800
10,5,3, ss: 800
10,11,5, ss: 800
10,11,3, ss: 800
5,10,11, ss: 800
5,10,3, ss: 800
5,11,10, ss: 800
5,11,3, ss: 800
11,10,5, ss: 800
11,10,3, ss: 800
11,5,10, ss: 800
11,5,3, ss: 800



=== rcno: 9, nData: 151, year: 6, train_course: 0, model: 5 ===
7,2,10,0,1,8


bet: 800
2,9,4, ss: 800
2,9,10, ss: 800
2,4,9, ss: 800
2,4,10, ss: 800
9,2,4, ss: 800
9,2,10, ss: 800
9,4,2, ss: 800
9,4,10, ss: 800
4,2,9, ss: 800
4,2,10, ss: 800
4,9,2, ss: 800
4,9,10, ss: 800



=== rcno: 10, nData: 151, year: 6, train_course: 0, model: 5 ===
0,11,5,10,6,8


bet: 800
7,9,2, ss: 800
7,9,3, ss: 800
7,2,9, ss: 800
7,2,3, ss: 800
9,7,2, ss: 800
9,7,3, ss: 800
9,2,7, ss: 800
9,2,3, ss: 800
2,7,9, ss: 800
2,7,3, ss: 800
2,9,7, ss: 800
2,9,3, ss: 800



=== rcno: 11, nData: 151, year: 6, train_course: 0, model: 5 ===
2,9,5,11,0,8


bet: 800
1,9,8, ss: 800
1,9,7, ss: 800
1,8,9, ss: 800
1,8,7, ss: 800
9,1,8, ss: 800
9,1,7, ss: 800
9,8,1, ss: 800
9,8,7, ss: 800
8,1,9, ss: 800
8,1,7, ss: 800
8,9,1, ss: 800
8,9,7, ss: 800
