


=== rcno: 1, nData: 300, year: 6, train_course: 0, model: 6 ===
1,2,9,6,3,0


bet: 1500
2,3,10, ss: 1500
1,2,9,6,3,0


bet: 150
10,7,4, ss: 150
10,7,1, ss: 150
10,4,7, ss: 150
10,4,1, ss: 150
10,1,7, ss: 150
10,1,4, ss: 150
7,4,1, ss: 150
7,1,4, ss: 150
4,7,1, ss: 150
4,1,7, ss: 150



=== rcno: 2, nData: 300, year: 6, train_course: 0, model: 6 ===
5,8,9,1,11,4


bet: 1500
6,9,10, ss: 1500
5,8,9,1,11,4


bet: 150
10,2,12, ss: 150
10,2,5, ss: 150
10,12,2, ss: 150
10,12,5, ss: 150
10,5,2, ss: 150
10,5,12, ss: 150
2,12,5, ss: 150
2,5,12, ss: 150
12,2,5, ss: 150
12,5,2, ss: 150



=== rcno: 3, nData: 300, year: 6, train_course: 0, model: 6 ===
2,3,10,9,6,8


bet: 1500
3,4,11, ss: 1500
2,3,10,9,6,8


bet: 150
11,10,7, ss: 150
11,10,9, ss: 150
11,7,10, ss: 150
11,7,9, ss: 150
11,9,10, ss: 150
11,9,7, ss: 150
10,7,9, ss: 150
10,9,7, ss: 150
7,10,9, ss: 150
7,9,10, ss: 150



=== rcno: 4, nData: 300, year: 6, train_course: 0, model: 6 ===
6,2,7,4,9,5


bet: 1500
7,3,8, ss: 1500
6,2,7,4,9,5


bet: 150
8,5,10, ss: 150
8,5,6, ss: 150
8,10,5, ss: 150
8,10,6, ss: 150
8,6,5, ss: 150
8,6,10, ss: 150
5,10,6, ss: 150
5,6,10, ss: 150
10,5,6, ss: 150
10,6,5, ss: 150



=== rcno: 5, nData: 300, year: 6, train_course: 0, model: 6 ===
10,6,3,8,9,2


bet: 1500
11,7,4, ss: 1500
10,6,3,8,9,2


bet: 150
4,9,10, ss: 150
4,9,3, ss: 150
4,10,9, ss: 150
4,10,3, ss: 150
4,3,9, ss: 150
4,3,10, ss: 150
9,10,3, ss: 150
9,3,10, ss: 150
10,9,3, ss: 150
10,3,9, ss: 150



=== rcno: 6, nData: 300, year: 6, train_course: 0, model: 6 ===
0,7,3,8,1,4


bet: 1500
1,8,4, ss: 1500
0,7,3,8,1,4


bet: 150
4,9,2, ss: 150
4,9,5, ss: 150
4,2,9, ss: 150
4,2,5, ss: 150
4,5,9, ss: 150
4,5,2, ss: 150
9,2,5, ss: 150
9,5,2, ss: 150
2,9,5, ss: 150
2,5,9, ss: 150



=== rcno: 7, nData: 300, year: 6, train_course: 0, model: 6 ===
6,4,3,10,2,1


bet: 1500
7,5,4, ss: 1500
6,4,3,10,2,1


bet: 150
4,11,3, ss: 150
4,11,2, ss: 150
4,3,11, ss: 150
4,3,2, ss: 150
4,2,11, ss: 150
4,2,3, ss: 150
11,3,2, ss: 150
11,2,3, ss: 150
3,11,2, ss: 150
3,2,11, ss: 150



=== rcno: 8, nData: 300, year: 6, train_course: 0, model: 6 ===
6,9,0,3,2,1


bet: 1500
7,10,1, ss: 1500
6,9,0,3,2,1


bet: 150
1,4,3, ss: 150
1,4,2, ss: 150
1,3,4, ss: 150
1,3,2, ss: 150
1,2,4, ss: 150
1,2,3, ss: 150
4,3,2, ss: 150
4,2,3, ss: 150
3,4,2, ss: 150
3,2,4, ss: 150



=== rcno: 9, nData: 300, year: 6, train_course: 0, model: 6 ===
9,7,1,6,3,5


bet: 1500
10,8,2, ss: 1500
9,7,1,6,3,5


bet: 150
2,7,4, ss: 150
2,7,6, ss: 150
2,4,7, ss: 150
2,4,6, ss: 150
2,6,7, ss: 150
2,6,4, ss: 150
7,4,6, ss: 150
7,6,4, ss: 150
4,7,6, ss: 150
4,6,7, ss: 150



=== rcno: 10, nData: 300, year: 6, train_course: 0, model: 6 ===
5,10,0,1,11,2


bet: 1500
6,11,1, ss: 1500
5,10,0,1,11,2


bet: 150
1,2,12, ss: 150
1,2,3, ss: 150
1,12,2, ss: 150
1,12,3, ss: 150
1,3,2, ss: 150
1,3,12, ss: 150
2,12,3, ss: 150
2,3,12, ss: 150
12,2,3, ss: 150
12,3,2, ss: 150



=== rcno: 11, nData: 300, year: 6, train_course: 0, model: 6 ===
1,7,6,0,3,5


bet: 1500
2,8,7, ss: 1500
1,7,6,0,3,5


bet: 150
7,1,4, ss: 150
7,1,6, ss: 150
7,4,1, ss: 150
7,4,6, ss: 150
7,6,1, ss: 150
7,6,4, ss: 150
1,4,6, ss: 150
1,6,4, ss: 150
4,1,6, ss: 150
4,6,1, ss: 150



=== rcno: 12, nData: 300, year: 6, train_course: 0, model: 6 ===
5,0,8,1,4,6


bet: 1500
6,1,9, ss: 1500
5,0,8,1,4,6


bet: 150
9,2,5, ss: 150
9,2,7, ss: 150
9,5,2, ss: 150
9,5,7, ss: 150
9,7,2, ss: 150
9,7,5, ss: 150
2,5,7, ss: 150
2,7,5, ss: 150
5,2,7, ss: 150
5,7,2, ss: 150



=== rcno: 1, nData: 300, year: 6, train_course: 0, model: 6 ===
1,2,4,5,8,9


bet: 1500
2,3,5, ss: 1500
1,2,4,5,8,9


bet: 150
5,6,9, ss: 150
5,6,10, ss: 150
5,9,6, ss: 150
5,9,10, ss: 150
5,10,6, ss: 150
5,10,9, ss: 150
6,9,10, ss: 150
6,10,9, ss: 150
9,6,10, ss: 150
9,10,6, ss: 150



=== rcno: 2, nData: 300, year: 6, train_course: 0, model: 6 ===
9,8,1,11,5,6


bet: 1500
10,9,2, ss: 1500
9,8,1,11,5,6


bet: 150
2,12,6, ss: 150
2,12,7, ss: 150
2,6,12, ss: 150
2,6,7, ss: 150
2,7,12, ss: 150
2,7,6, ss: 150
12,6,7, ss: 150
12,7,6, ss: 150
6,12,7, ss: 150
6,7,12, ss: 150



=== rcno: 3, nData: 300, year: 6, train_course: 0, model: 6 ===
2,10,8,1,6,3


bet: 1500
3,11,9, ss: 1500
2,10,8,1,6,3


bet: 150
9,2,7, ss: 150
9,2,4, ss: 150
9,7,2, ss: 150
9,7,4, ss: 150
9,4,2, ss: 150
9,4,7, ss: 150
2,7,4, ss: 150
2,4,7, ss: 150
7,2,4, ss: 150
7,4,2, ss: 150



=== rcno: 4, nData: 300, year: 6, train_course: 0, model: 6 ===
9,1,6,2,4,7


bet: 1500
10,2,7, ss: 1500
9,1,6,2,4,7


bet: 150
7,3,5, ss: 150
7,3,8, ss: 150
7,5,3, ss: 150
7,5,8, ss: 150
7,8,3, ss: 150
7,8,5, ss: 150
3,5,8, ss: 150
3,8,5, ss: 150
5,3,8, ss: 150
5,8,3, ss: 150



=== rcno: 5, nData: 300, year: 6, train_course: 0, model: 6 ===
8,10,3,2,7,6


bet: 1500
9,11,4, ss: 1500
8,10,3,2,7,6


bet: 150
4,3,8, ss: 150
4,3,7, ss: 150
4,8,3, ss: 150
4,8,7, ss: 150
4,7,3, ss: 150
4,7,8, ss: 150
3,8,7, ss: 150
3,7,8, ss: 150
8,3,7, ss: 150
8,7,3, ss: 150



=== rcno: 6, nData: 300, year: 6, train_course: 0, model: 6 ===
0,8,1,3,4,5


bet: 1500
1,9,2, ss: 1500
0,8,1,3,4,5


bet: 150
2,4,5, ss: 150
2,4,6, ss: 150
2,5,4, ss: 150
2,5,6, ss: 150
2,6,4, ss: 150
2,6,5, ss: 150
4,5,6, ss: 150
4,6,5, ss: 150
5,4,6, ss: 150
5,6,4, ss: 150



=== rcno: 7, nData: 300, year: 6, train_course: 0, model: 6 ===
4,6,1,0,3,5


bet: 1500
5,7,2, ss: 1500
4,6,1,0,3,5


bet: 150
2,1,4, ss: 150
2,1,6, ss: 150
2,4,1, ss: 150
2,4,6, ss: 150
2,6,1, ss: 150
2,6,4, ss: 150
1,4,6, ss: 150
1,6,4, ss: 150
4,1,6, ss: 150
4,6,1, ss: 150



=== rcno: 8, nData: 300, year: 6, train_course: 0, model: 6 ===
6,9,8,2,1,0


bet: 1500
7,10,9, ss: 1500
6,9,8,2,1,0


bet: 150
9,3,2, ss: 150
9,3,1, ss: 150
9,2,3, ss: 150
9,2,1, ss: 150
9,1,3, ss: 150
9,1,2, ss: 150
3,2,1, ss: 150
3,1,2, ss: 150
2,3,1, ss: 150
2,1,3, ss: 150



=== rcno: 9, nData: 300, year: 6, train_course: 0, model: 6 ===
9,6,7,5,3,4


bet: 1500
10,7,8, ss: 1500
9,6,7,5,3,4


bet: 150
8,6,4, ss: 150
8,6,5, ss: 150
8,4,6, ss: 150
8,4,5, ss: 150
8,5,6, ss: 150
8,5,4, ss: 150
6,4,5, ss: 150
6,5,4, ss: 150
4,6,5, ss: 150
4,5,6, ss: 150



=== rcno: 10, nData: 300, year: 6, train_course: 0, model: 6 ===
5,11,1,0,7,10


bet: 1500
6,12,2, ss: 1500
5,11,1,0,7,10


bet: 150
2,1,8, ss: 150
2,1,11, ss: 150
2,8,1, ss: 150
2,8,11, ss: 150
2,11,1, ss: 150
2,11,8, ss: 150
1,8,11, ss: 150
1,11,8, ss: 150
8,1,11, ss: 150
8,11,1, ss: 150



=== rcno: 11, nData: 300, year: 6, train_course: 0, model: 6 ===
1,2,7,6,10,3


bet: 1500
2,3,8, ss: 1500
1,2,7,6,10,3


bet: 150
8,7,11, ss: 150
8,7,4, ss: 150
8,11,7, ss: 150
8,11,4, ss: 150
8,4,7, ss: 150
8,4,11, ss: 150
7,11,4, ss: 150
7,4,11, ss: 150
11,7,4, ss: 150
11,4,7, ss: 150



=== rcno: 12, nData: 300, year: 6, train_course: 0, model: 6 ===
5,1,0,4,8,10


bet: 1500
6,2,1, ss: 1500
5,1,0,4,8,10


bet: 150
1,5,9, ss: 150
1,5,11, ss: 150
1,9,5, ss: 150
1,9,11, ss: 150
1,11,5, ss: 150
1,11,9, ss: 150
5,9,11, ss: 150
5,11,9, ss: 150
9,5,11, ss: 150
9,11,5, ss: 150



=== rcno: 1, nData: 300, year: 6, train_course: 0, model: 6 ===
10,3,6,2,1,4


bet: 1500
11,4,7, ss: 1500
10,3,6,2,1,4


bet: 150
7,3,2, ss: 150
7,3,5, ss: 150
7,2,3, ss: 150
7,2,5, ss: 150
7,5,3, ss: 150
7,5,2, ss: 150
3,2,5, ss: 150
3,5,2, ss: 150
2,3,5, ss: 150
2,5,3, ss: 150



=== rcno: 2, nData: 300, year: 6, train_course: 0, model: 6 ===
8,5,1,4,9,2


bet: 1500
9,6,2, ss: 1500
8,5,1,4,9,2


bet: 150
2,5,10, ss: 150
2,5,3, ss: 150
2,10,5, ss: 150
2,10,3, ss: 150
2,3,5, ss: 150
2,3,10, ss: 150
5,10,3, ss: 150
5,3,10, ss: 150
10,5,3, ss: 150
10,3,5, ss: 150



=== rcno: 3, nData: 300, year: 6, train_course: 0, model: 6 ===
3,2,9,10,11,0


bet: 1500
4,3,10, ss: 1500
3,2,9,10,11,0


bet: 150
10,11,12, ss: 150
10,11,1, ss: 150
10,12,11, ss: 150
10,12,1, ss: 150
10,1,11, ss: 150
10,1,12, ss: 150
11,12,1, ss: 150
11,1,12, ss: 150
12,11,1, ss: 150
12,1,11, ss: 150



=== rcno: 4, nData: 300, year: 6, train_course: 0, model: 6 ===
6,9,2,8,1,10


bet: 1500
7,10,3, ss: 1500
6,9,2,8,1,10


bet: 150
3,9,2, ss: 150
3,9,11, ss: 150
3,2,9, ss: 150
3,2,11, ss: 150
3,11,9, ss: 150
3,11,2, ss: 150
9,2,11, ss: 150
9,11,2, ss: 150
2,9,11, ss: 150
2,11,9, ss: 150



=== rcno: 5, nData: 300, year: 6, train_course: 0, model: 6 ===
6,8,2,10,4,0


bet: 1500
7,9,3, ss: 1500
6,8,2,10,4,0


bet: 150
3,11,5, ss: 150
3,11,1, ss: 150
3,5,11, ss: 150
3,5,1, ss: 150
3,1,11, ss: 150
3,1,5, ss: 150
11,5,1, ss: 150
11,1,5, ss: 150
5,11,1, ss: 150
5,1,11, ss: 150



=== rcno: 6, nData: 300, year: 6, train_course: 0, model: 6 ===
7,8,1,4,6,9


bet: 1500
8,9,2, ss: 1500
7,8,1,4,6,9


bet: 150
2,5,7, ss: 150
2,5,10, ss: 150
2,7,5, ss: 150
2,7,10, ss: 150
2,10,5, ss: 150
2,10,7, ss: 150
5,7,10, ss: 150
5,10,7, ss: 150
7,5,10, ss: 150
7,10,5, ss: 150



=== rcno: 7, nData: 300, year: 6, train_course: 0, model: 6 ===
3,8,4,0,6,1


bet: 1500
4,9,5, ss: 1500
3,8,4,0,6,1


bet: 150
5,1,7, ss: 150
5,1,2, ss: 150
5,7,1, ss: 150
5,7,2, ss: 150
5,2,1, ss: 150
5,2,7, ss: 150
1,7,2, ss: 150
1,2,7, ss: 150
7,1,2, ss: 150
7,2,1, ss: 150



=== rcno: 8, nData: 300, year: 6, train_course: 0, model: 6 ===
1,6,9,2,3,0


bet: 1500
2,7,10, ss: 1500
1,6,9,2,3,0


bet: 150
10,3,4, ss: 150
10,3,1, ss: 150
10,4,3, ss: 150
10,4,1, ss: 150
10,1,3, ss: 150
10,1,4, ss: 150
3,4,1, ss: 150
3,1,4, ss: 150
4,3,1, ss: 150
4,1,3, ss: 150



=== rcno: 9, nData: 300, year: 6, train_course: 0, model: 6 ===
7,3,6,4,1,9


bet: 1500
8,4,7, ss: 1500
7,3,6,4,1,9


bet: 150
7,5,2, ss: 150
7,5,10, ss: 150
7,2,5, ss: 150
7,2,10, ss: 150
7,10,5, ss: 150
7,10,2, ss: 150
5,2,10, ss: 150
5,10,2, ss: 150
2,5,10, ss: 150
2,10,5, ss: 150



=== rcno: 10, nData: 300, year: 6, train_course: 0, model: 6 ===
1,0,5,8,10,3


bet: 1500
2,1,6, ss: 1500
1,0,5,8,10,3


bet: 150
6,9,11, ss: 150
6,9,4, ss: 150
6,11,9, ss: 150
6,11,4, ss: 150
6,4,9, ss: 150
6,4,11, ss: 150
9,11,4, ss: 150
9,4,11, ss: 150
11,9,4, ss: 150
11,4,9, ss: 150



=== rcno: 11, nData: 300, year: 6, train_course: 0, model: 6 ===
5,9,7,0,1,6


bet: 1500
6,10,8, ss: 1500
5,9,7,0,1,6


bet: 150
8,1,2, ss: 150
8,1,7, ss: 150
8,2,1, ss: 150
8,2,7, ss: 150
8,7,1, ss: 150
8,7,2, ss: 150
1,2,7, ss: 150
1,7,2, ss: 150
2,1,7, ss: 150
2,7,1, ss: 150



=== rcno: 12, nData: 300, year: 6, train_course: 0, model: 6 ===
0,1,6,5,10,4


bet: 1500
1,2,7, ss: 1500
0,1,6,5,10,4


bet: 150
7,6,11, ss: 150
7,6,5, ss: 150
7,11,6, ss: 150
7,11,5, ss: 150
7,5,6, ss: 150
7,5,11, ss: 150
6,11,5, ss: 150
6,5,11, ss: 150
11,6,5, ss: 150
11,5,6, ss: 150



=== rcno: 1, nData: 300, year: 6, train_course: 0, model: 6 ===
10,3,1,2,6,9


bet: 1500
11,4,2, ss: 1500
10,3,1,2,6,9


bet: 150
2,3,7, ss: 150
2,3,10, ss: 150
2,7,3, ss: 150
2,7,10, ss: 150
2,10,3, ss: 150
2,10,7, ss: 150
3,7,10, ss: 150
3,10,7, ss: 150
7,3,10, ss: 150
7,10,3, ss: 150



=== rcno: 2, nData: 300, year: 6, train_course: 0, model: 6 ===
5,4,8,9,7,1


bet: 1500
6,5,9, ss: 1500
5,4,8,9,7,1


bet: 150
9,10,8, ss: 150
9,10,2, ss: 150
9,8,10, ss: 150
9,8,2, ss: 150
9,2,10, ss: 150
9,2,8, ss: 150
10,8,2, ss: 150
10,2,8, ss: 150
8,10,2, ss: 150
8,2,10, ss: 150



=== rcno: 3, nData: 300, year: 6, train_course: 0, model: 6 ===
2,3,9,11,6,10


bet: 1500
3,4,10, ss: 1500
2,3,9,11,6,10


bet: 150
10,12,7, ss: 150
10,12,11, ss: 150
10,7,12, ss: 150
10,7,11, ss: 150
10,11,12, ss: 150
10,11,7, ss: 150
12,7,11, ss: 150
12,11,7, ss: 150
7,12,11, ss: 150
7,11,12, ss: 150



=== rcno: 4, nData: 300, year: 6, train_course: 0, model: 6 ===
9,7,6,10,1,2


bet: 1500
10,8,7, ss: 1500
9,7,6,10,1,2


bet: 150
7,11,2, ss: 150
7,11,3, ss: 150
7,2,11, ss: 150
7,2,3, ss: 150
7,3,11, ss: 150
7,3,2, ss: 150
11,2,3, ss: 150
11,3,2, ss: 150
2,11,3, ss: 150
2,3,11, ss: 150



=== rcno: 5, nData: 300, year: 6, train_course: 0, model: 6 ===
6,10,7,8,2,4


bet: 1500
7,11,8, ss: 1500
6,10,7,8,2,4


bet: 150
8,9,3, ss: 150
8,9,5, ss: 150
8,3,9, ss: 150
8,3,5, ss: 150
8,5,9, ss: 150
8,5,3, ss: 150
9,3,5, ss: 150
9,5,3, ss: 150
3,9,5, ss: 150
3,5,9, ss: 150



=== rcno: 6, nData: 300, year: 6, train_course: 0, model: 6 ===
8,1,4,9,7,2


bet: 1500
9,2,5, ss: 1500
8,1,4,9,7,2


bet: 150
5,10,8, ss: 150
5,10,3, ss: 150
5,8,10, ss: 150
5,8,3, ss: 150
5,3,10, ss: 150
5,3,8, ss: 150
10,8,3, ss: 150
10,3,8, ss: 150
8,10,3, ss: 150
8,3,10, ss: 150



=== rcno: 7, nData: 300, year: 6, train_course: 0, model: 6 ===
3,4,6,8,0,1


bet: 1500
4,5,7, ss: 1500
3,4,6,8,0,1


bet: 150
7,9,1, ss: 150
7,9,2, ss: 150
7,1,9, ss: 150
7,1,2, ss: 150
7,2,9, ss: 150
7,2,1, ss: 150
9,1,2, ss: 150
9,2,1, ss: 150
1,9,2, ss: 150
1,2,9, ss: 150



=== rcno: 8, nData: 300, year: 6, train_course: 0, model: 6 ===
1,6,2,9,0,3


bet: 1500
2,7,3, ss: 1500
1,6,2,9,0,3


bet: 150
3,10,1, ss: 150
3,10,4, ss: 150
3,1,10, ss: 150
3,1,4, ss: 150
3,4,10, ss: 150
3,4,1, ss: 150
10,1,4, ss: 150
10,4,1, ss: 150
1,10,4, ss: 150
1,4,10, ss: 150



=== rcno: 9, nData: 300, year: 6, train_course: 0, model: 6 ===
7,4,6,3,0,9


bet: 1500
8,5,7, ss: 1500
7,4,6,3,0,9


bet: 150
7,4,1, ss: 150
7,4,10, ss: 150
7,1,4, ss: 150
7,1,10, ss: 150
7,10,4, ss: 150
7,10,1, ss: 150
4,1,10, ss: 150
4,10,1, ss: 150
1,4,10, ss: 150
1,10,4, ss: 150



=== rcno: 10, nData: 300, year: 6, train_course: 0, model: 6 ===
1,0,5,8,10,3


bet: 1500
2,1,6, ss: 1500
1,0,5,8,10,3


bet: 150
6,9,11, ss: 150
6,9,4, ss: 150
6,11,9, ss: 150
6,11,4, ss: 150
6,4,9, ss: 150
6,4,11, ss: 150
9,11,4, ss: 150
9,4,11, ss: 150
11,9,4, ss: 150
11,4,9, ss: 150



=== rcno: 11, nData: 300, year: 6, train_course: 0, model: 6 ===
7,5,9,0,6,1


bet: 1500
8,6,10, ss: 1500
7,5,9,0,6,1


bet: 150
10,1,7, ss: 150
10,1,2, ss: 150
10,7,1, ss: 150
10,7,2, ss: 150
10,2,1, ss: 150
10,2,7, ss: 150
1,7,2, ss: 150
1,2,7, ss: 150
7,1,2, ss: 150
7,2,1, ss: 150



=== rcno: 12, nData: 300, year: 6, train_course: 0, model: 6 ===
0,5,6,1,10,7


bet: 1500
1,6,7, ss: 1500
0,5,6,1,10,7


bet: 150
7,2,11, ss: 150
7,2,8, ss: 150
7,11,2, ss: 150
7,11,8, ss: 150
7,8,2, ss: 150
7,8,11, ss: 150
2,11,8, ss: 150
2,8,11, ss: 150
11,2,8, ss: 150
11,8,2, ss: 150



=== rcno: 1, nData: 300, year: 6, train_course: 0, model: 6 ===
10,3,1,2,6,4


bet: 1500
11,4,2, ss: 1500
10,3,1,2,6,4


bet: 150
2,3,7, ss: 150
2,3,5, ss: 150
2,7,3, ss: 150
2,7,5, ss: 150
2,5,3, ss: 150
2,5,7, ss: 150
3,7,5, ss: 150
3,5,7, ss: 150
7,3,5, ss: 150
7,5,3, ss: 150



=== rcno: 2, nData: 300, year: 6, train_course: 0, model: 6 ===
5,8,4,1,9,7


bet: 1500
6,9,5, ss: 1500
5,8,4,1,9,7


bet: 150
5,2,10, ss: 150
5,2,8, ss: 150
5,10,2, ss: 150
5,10,8, ss: 150
5,8,2, ss: 150
5,8,10, ss: 150
2,10,8, ss: 150
2,8,10, ss: 150
10,2,8, ss: 150
10,8,2, ss: 150



=== rcno: 3, nData: 300, year: 6, train_course: 0, model: 6 ===
3,2,10,9,11,0


bet: 1500
4,3,11, ss: 1500
3,2,10,9,11,0


bet: 150
11,10,12, ss: 150
11,10,1, ss: 150
11,12,10, ss: 150
11,12,1, ss: 150
11,1,10, ss: 150
11,1,12, ss: 150
10,12,1, ss: 150
10,1,12, ss: 150
12,10,1, ss: 150
12,1,10, ss: 150



=== rcno: 4, nData: 300, year: 6, train_course: 0, model: 6 ===
6,9,2,10,5,7


bet: 1500
7,10,3, ss: 1500
6,9,2,10,5,7


bet: 150
3,11,6, ss: 150
3,11,8, ss: 150
3,6,11, ss: 150
3,6,8, ss: 150
3,8,11, ss: 150
3,8,6, ss: 150
11,6,8, ss: 150
11,8,6, ss: 150
6,11,8, ss: 150
6,8,11, ss: 150



=== rcno: 5, nData: 300, year: 6, train_course: 0, model: 6 ===
6,8,10,4,9,2


bet: 1500
7,9,11, ss: 1500
6,8,10,4,9,2


bet: 150
11,5,10, ss: 150
11,5,3, ss: 150
11,10,5, ss: 150
11,10,3, ss: 150
11,3,5, ss: 150
11,3,10, ss: 150
5,10,3, ss: 150
5,3,10, ss: 150
10,5,3, ss: 150
10,3,5, ss: 150



=== rcno: 6, nData: 300, year: 6, train_course: 0, model: 6 ===
8,7,6,1,0,2


bet: 1500
9,8,7, ss: 1500
8,7,6,1,0,2


bet: 150
7,2,1, ss: 150
7,2,3, ss: 150
7,1,2, ss: 150
7,1,3, ss: 150
7,3,2, ss: 150
7,3,1, ss: 150
2,1,3, ss: 150
2,3,1, ss: 150
1,2,3, ss: 150
1,3,2, ss: 150



=== rcno: 7, nData: 300, year: 6, train_course: 0, model: 6 ===
8,3,6,4,0,5


bet: 1500
9,4,7, ss: 1500
8,3,6,4,0,5


bet: 150
7,5,1, ss: 150
7,5,6, ss: 150
7,1,5, ss: 150
7,1,6, ss: 150
7,6,5, ss: 150
7,6,1, ss: 150
5,1,6, ss: 150
5,6,1, ss: 150
1,5,6, ss: 150
1,6,5, ss: 150



=== rcno: 8, nData: 300, year: 6, train_course: 0, model: 6 ===
1,9,6,0,8,5


bet: 1500
2,10,7, ss: 1500
1,9,6,0,8,5


bet: 150
7,1,9, ss: 150
7,1,6, ss: 150
7,9,1, ss: 150
7,9,6, ss: 150
7,6,1, ss: 150
7,6,9, ss: 150
1,9,6, ss: 150
1,6,9, ss: 150
9,1,6, ss: 150
9,6,1, ss: 150



=== rcno: 9, nData: 300, year: 6, train_course: 0, model: 6 ===
7,3,6,0,1,4


bet: 1500
8,4,7, ss: 1500
7,3,6,0,1,4


bet: 150
7,1,2, ss: 150
7,1,5, ss: 150
7,2,1, ss: 150
7,2,5, ss: 150
7,5,1, ss: 150
7,5,2, ss: 150
1,2,5, ss: 150
1,5,2, ss: 150
2,1,5, ss: 150
2,5,1, ss: 150



=== rcno: 10, nData: 300, year: 6, train_course: 0, model: 6 ===
1,0,5,3,10,7


bet: 1500
2,1,6, ss: 1500
1,0,5,3,10,7


bet: 150
6,4,11, ss: 150
6,4,8, ss: 150
6,11,4, ss: 150
6,11,8, ss: 150
6,8,4, ss: 150
6,8,11, ss: 150
4,11,8, ss: 150
4,8,11, ss: 150
11,4,8, ss: 150
11,8,4, ss: 150



=== rcno: 11, nData: 300, year: 6, train_course: 0, model: 6 ===
9,5,1,0,7,10


bet: 1500
10,6,2, ss: 1500
9,5,1,0,7,10


bet: 150
2,1,8, ss: 150
2,1,11, ss: 150
2,8,1, ss: 150
2,8,11, ss: 150
2,11,1, ss: 150
2,11,8, ss: 150
1,8,11, ss: 150
1,11,8, ss: 150
8,1,11, ss: 150
8,11,1, ss: 150



=== rcno: 12, nData: 300, year: 6, train_course: 0, model: 6 ===
1,0,5,10,4,6


bet: 1500
2,1,6, ss: 1500
1,0,5,10,4,6


bet: 150
6,11,5, ss: 150
6,11,7, ss: 150
6,5,11, ss: 150
6,5,7, ss: 150
6,7,11, ss: 150
6,7,5, ss: 150
11,5,7, ss: 150
11,7,5, ss: 150
5,11,7, ss: 150
5,7,11, ss: 150
