


=== rcno: 1, nData: 300, year: 6, train_course: 0, model: 6 ===
7,10,0,1,4,11


bet: 1500
8,11,1, ss: 1500
7,10,0,1,4,11


bet: 150
1,2,5, ss: 150
1,2,12, ss: 150
1,5,2, ss: 150
1,5,12, ss: 150
1,12,2, ss: 150
1,12,5, ss: 150
2,5,12, ss: 150
2,12,5, ss: 150
5,2,12, ss: 150
5,12,2, ss: 150



=== rcno: 2, nData: 300, year: 6, train_course: 0, model: 6 ===
8,6,4,2,11,10


bet: 1500
9,7,5, ss: 1500
8,6,4,2,11,10


bet: 150
5,3,12, ss: 150
5,3,11, ss: 150
5,12,3, ss: 150
5,12,11, ss: 150
5,11,3, ss: 150
5,11,12, ss: 150
3,12,11, ss: 150
3,11,12, ss: 150
12,3,11, ss: 150
12,11,3, ss: 150



=== rcno: 3, nData: 300, year: 6, train_course: 0, model: 6 ===
4,6,2,8,1,3


bet: 1500
5,7,3, ss: 1500
4,6,2,8,1,3


bet: 150
3,9,2, ss: 150
3,9,4, ss: 150
3,2,9, ss: 150
3,2,4, ss: 150
3,4,9, ss: 150
3,4,2, ss: 150
9,2,4, ss: 150
9,4,2, ss: 150
2,9,4, ss: 150
2,4,9, ss: 150



=== rcno: 4, nData: 300, year: 6, train_course: 0, model: 6 ===
6,11,8,7,1,3


bet: 1500
7,12,9, ss: 1500
6,11,8,7,1,3


bet: 150
9,8,2, ss: 150
9,8,4, ss: 150
9,2,8, ss: 150
9,2,4, ss: 150
9,4,8, ss: 150
9,4,2, ss: 150
8,2,4, ss: 150
8,4,2, ss: 150
2,8,4, ss: 150
2,4,8, ss: 150



=== rcno: 5, nData: 300, year: 6, train_course: 0, model: 6 ===
11,6,10,7,5,8


bet: 1500
12,7,11, ss: 1500
11,6,10,7,5,8


bet: 150
11,8,6, ss: 150
11,8,9, ss: 150
11,6,8, ss: 150
11,6,9, ss: 150
11,9,8, ss: 150
11,9,6, ss: 150
8,6,9, ss: 150
8,9,6, ss: 150
6,8,9, ss: 150
6,9,8, ss: 150



=== rcno: 6, nData: 300, year: 6, train_course: 0, model: 6 ===
10,9,1,5,6,8


bet: 1500
11,10,2, ss: 1500
10,9,1,5,6,8


bet: 150
2,6,7, ss: 150
2,6,9, ss: 150
2,7,6, ss: 150
2,7,9, ss: 150
2,9,6, ss: 150
2,9,7, ss: 150
6,7,9, ss: 150
6,9,7, ss: 150
7,6,9, ss: 150
7,9,6, ss: 150



=== rcno: 7, nData: 300, year: 6, train_course: 0, model: 6 ===
0,6,10,8,2,9


bet: 1500
1,7,11, ss: 1500
0,6,10,8,2,9


bet: 150
11,9,3, ss: 150
11,9,10, ss: 150
11,3,9, ss: 150
11,3,10, ss: 150
11,10,9, ss: 150
11,10,3, ss: 150
9,3,10, ss: 150
9,10,3, ss: 150
3,9,10, ss: 150
3,10,9, ss: 150



=== rcno: 8, nData: 300, year: 6, train_course: 0, model: 6 ===
1,9,6,3,11,0


bet: 1500
2,10,7, ss: 1500
1,9,6,3,11,0


bet: 150
7,4,12, ss: 150
7,4,1, ss: 150
7,12,4, ss: 150
7,12,1, ss: 150
7,1,4, ss: 150
7,1,12, ss: 150
4,12,1, ss: 150
4,1,12, ss: 150
12,4,1, ss: 150
12,1,4, ss: 150



=== rcno: 9, nData: 300, year: 6, train_course: 0, model: 6 ===
9,10,5,3,4,0


bet: 1500
10,11,6, ss: 1500
9,10,5,3,4,0


bet: 150
6,4,5, ss: 150
6,4,1, ss: 150
6,5,4, ss: 150
6,5,1, ss: 150
6,1,4, ss: 150
6,1,5, ss: 150
4,5,1, ss: 150
4,1,5, ss: 150
5,4,1, ss: 150
5,1,4, ss: 150



=== rcno: 10, nData: 300, year: 6, train_course: 0, model: 6 ===
4,9,5,0,2,11


bet: 1500
5,10,6, ss: 1500
4,9,5,0,2,11


bet: 150
6,1,3, ss: 150
6,1,12, ss: 150
6,3,1, ss: 150
6,3,12, ss: 150
6,12,1, ss: 150
6,12,3, ss: 150
1,3,12, ss: 150
1,12,3, ss: 150
3,1,12, ss: 150
3,12,1, ss: 150



=== rcno: 11, nData: 300, year: 6, train_course: 0, model: 6 ===
6,3,4,10,1,5


bet: 1500
7,4,5, ss: 1500
6,3,4,10,1,5


bet: 150
5,11,2, ss: 150
5,11,6, ss: 150
5,2,11, ss: 150
5,2,6, ss: 150
5,6,11, ss: 150
5,6,2, ss: 150
11,2,6, ss: 150
11,6,2, ss: 150
2,11,6, ss: 150
2,6,11, ss: 150



=== rcno: 1, nData: 300, year: 6, train_course: 0, model: 6 ===
10,0,1,11,6,4


bet: 1500
11,1,2, ss: 1500
10,0,1,11,6,4


bet: 150
2,12,7, ss: 150
2,12,5, ss: 150
2,7,12, ss: 150
2,7,5, ss: 150
2,5,12, ss: 150
2,5,7, ss: 150
12,7,5, ss: 150
12,5,7, ss: 150
7,12,5, ss: 150
7,5,12, ss: 150



=== rcno: 2, nData: 300, year: 6, train_course: 0, model: 6 ===
8,3,4,11,2,10


bet: 1500
9,4,5, ss: 1500
8,3,4,11,2,10


bet: 150
5,12,3, ss: 150
5,12,11, ss: 150
5,3,12, ss: 150
5,3,11, ss: 150
5,11,12, ss: 150
5,11,3, ss: 150
12,3,11, ss: 150
12,11,3, ss: 150
3,12,11, ss: 150
3,11,12, ss: 150



=== rcno: 3, nData: 300, year: 6, train_course: 0, model: 6 ===
4,8,2,6,11,5


bet: 1500
5,9,3, ss: 1500
4,8,2,6,11,5


bet: 150
3,7,12, ss: 150
3,7,6, ss: 150
3,12,7, ss: 150
3,12,6, ss: 150
3,6,7, ss: 150
3,6,12, ss: 150
7,12,6, ss: 150
7,6,12, ss: 150
12,7,6, ss: 150
12,6,7, ss: 150



=== rcno: 4, nData: 300, year: 6, train_course: 0, model: 6 ===
8,1,9,11,6,4


bet: 1500
9,2,10, ss: 1500
8,1,9,11,6,4


bet: 150
10,12,7, ss: 150
10,12,5, ss: 150
10,7,12, ss: 150
10,7,5, ss: 150
10,5,12, ss: 150
10,5,7, ss: 150
12,7,5, ss: 150
12,5,7, ss: 150
7,12,5, ss: 150
7,5,12, ss: 150



=== rcno: 5, nData: 300, year: 6, train_course: 0, model: 6 ===
11,8,5,6,4,7


bet: 1500
12,9,6, ss: 1500
11,8,5,6,4,7


bet: 150
6,7,5, ss: 150
6,7,8, ss: 150
6,5,7, ss: 150
6,5,8, ss: 150
6,8,7, ss: 150
6,8,5, ss: 150
7,5,8, ss: 150
7,8,5, ss: 150
5,7,8, ss: 150
5,8,7, ss: 150



=== rcno: 6, nData: 300, year: 6, train_course: 0, model: 6 ===
10,9,1,5,8,3


bet: 1500
11,10,2, ss: 1500
10,9,1,5,8,3


bet: 150
2,6,9, ss: 150
2,6,4, ss: 150
2,9,6, ss: 150
2,9,4, ss: 150
2,4,6, ss: 150
2,4,9, ss: 150
6,9,4, ss: 150
6,4,9, ss: 150
9,6,4, ss: 150
9,4,6, ss: 150



=== rcno: 7, nData: 300, year: 6, train_course: 0, model: 6 ===
0,6,9,5,10,3


bet: 1500
1,7,10, ss: 1500
0,6,9,5,10,3


bet: 150
10,6,11, ss: 150
10,6,4, ss: 150
10,11,6, ss: 150
10,11,4, ss: 150
10,4,6, ss: 150
10,4,11, ss: 150
6,11,4, ss: 150
6,4,11, ss: 150
11,6,4, ss: 150
11,4,6, ss: 150



=== rcno: 8, nData: 300, year: 6, train_course: 0, model: 6 ===
3,9,1,6,2,11


bet: 1500
4,10,2, ss: 1500
3,9,1,6,2,11


bet: 150
2,7,3, ss: 150
2,7,12, ss: 150
2,3,7, ss: 150
2,3,12, ss: 150
2,12,7, ss: 150
2,12,3, ss: 150
7,3,12, ss: 150
7,12,3, ss: 150
3,7,12, ss: 150
3,12,7, ss: 150



=== rcno: 9, nData: 300, year: 6, train_course: 0, model: 6 ===
3,0,7,1,9,10


bet: 1500
4,1,8, ss: 1500
3,0,7,1,9,10


bet: 150
8,2,10, ss: 150
8,2,11, ss: 150
8,10,2, ss: 150
8,10,11, ss: 150
8,11,2, ss: 150
8,11,10, ss: 150
2,10,11, ss: 150
2,11,10, ss: 150
10,2,11, ss: 150
10,11,2, ss: 150



=== rcno: 10, nData: 300, year: 6, train_course: 0, model: 6 ===
4,1,0,5,10,11


bet: 1500
5,2,1, ss: 1500
4,1,0,5,10,11


bet: 150
1,6,11, ss: 150
1,6,12, ss: 150
1,11,6, ss: 150
1,11,12, ss: 150
1,12,6, ss: 150
1,12,11, ss: 150
6,11,12, ss: 150
6,12,11, ss: 150
11,6,12, ss: 150
11,12,6, ss: 150



=== rcno: 11, nData: 300, year: 6, train_course: 0, model: 6 ===
6,4,1,11,10,2


bet: 1500
7,5,2, ss: 1500
6,4,1,11,10,2


bet: 150
2,12,11, ss: 150
2,12,3, ss: 150
2,11,12, ss: 150
2,11,3, ss: 150
2,3,12, ss: 150
2,3,11, ss: 150
12,11,3, ss: 150
12,3,11, ss: 150
11,12,3, ss: 150
11,3,12, ss: 150



=== rcno: 1, nData: 300, year: 6, train_course: 0, model: 6 ===
0,4,10,11,1,2


bet: 1500
1,5,11, ss: 1500
0,4,10,11,1,2


bet: 150
11,12,2, ss: 150
11,12,3, ss: 150
11,2,12, ss: 150
11,2,3, ss: 150
11,3,12, ss: 150
11,3,2, ss: 150
12,2,3, ss: 150
12,3,2, ss: 150
2,12,3, ss: 150
2,3,12, ss: 150



=== rcno: 2, nData: 300, year: 6, train_course: 0, model: 6 ===
6,1,3,10,2,4


bet: 1500
7,2,4, ss: 1500
6,1,3,10,2,4


bet: 150
4,11,3, ss: 150
4,11,5, ss: 150
4,3,11, ss: 150
4,3,5, ss: 150
4,5,11, ss: 150
4,5,3, ss: 150
11,3,5, ss: 150
11,5,3, ss: 150
3,11,5, ss: 150
3,5,11, ss: 150



=== rcno: 3, nData: 300, year: 6, train_course: 0, model: 6 ===
2,4,10,3,11,8


bet: 1500
3,5,11, ss: 1500
2,4,10,3,11,8


bet: 150
11,4,12, ss: 150
11,4,9, ss: 150
11,12,4, ss: 150
11,12,9, ss: 150
11,9,4, ss: 150
11,9,12, ss: 150
4,12,9, ss: 150
4,9,12, ss: 150
12,4,9, ss: 150
12,9,4, ss: 150



=== rcno: 4, nData: 300, year: 6, train_course: 0, model: 6 ===
1,7,11,6,9,0


bet: 1500
2,8,12, ss: 1500
1,7,11,6,9,0


bet: 150
12,7,10, ss: 150
12,7,1, ss: 150
12,10,7, ss: 150
12,10,1, ss: 150
12,1,7, ss: 150
12,1,10, ss: 150
7,10,1, ss: 150
7,1,10, ss: 150
10,7,1, ss: 150
10,1,7, ss: 150



=== rcno: 5, nData: 300, year: 6, train_course: 0, model: 6 ===
10,11,1,8,4,5


bet: 1500
11,12,2, ss: 1500
10,11,1,8,4,5


bet: 150
2,9,5, ss: 150
2,9,6, ss: 150
2,5,9, ss: 150
2,5,6, ss: 150
2,6,9, ss: 150
2,6,5, ss: 150
9,5,6, ss: 150
9,6,5, ss: 150
5,9,6, ss: 150
5,6,9, ss: 150



=== rcno: 6, nData: 300, year: 6, train_course: 0, model: 6 ===
4,9,6,1,10,3


bet: 1500
5,10,7, ss: 1500
4,9,6,1,10,3


bet: 150
7,2,11, ss: 150
7,2,4, ss: 150
7,11,2, ss: 150
7,11,4, ss: 150
7,4,2, ss: 150
7,4,11, ss: 150
2,11,4, ss: 150
2,4,11, ss: 150
11,2,4, ss: 150
11,4,2, ss: 150



=== rcno: 7, nData: 300, year: 6, train_course: 0, model: 6 ===
10,2,6,8,0,3


bet: 1500
11,3,7, ss: 1500
10,2,6,8,0,3


bet: 150
7,9,1, ss: 150
7,9,4, ss: 150
7,1,9, ss: 150
7,1,4, ss: 150
7,4,9, ss: 150
7,4,1, ss: 150
9,1,4, ss: 150
9,4,1, ss: 150
1,9,4, ss: 150
1,4,9, ss: 150



=== rcno: 8, nData: 300, year: 6, train_course: 0, model: 6 ===
3,1,7,6,9,11


bet: 1500
4,2,8, ss: 1500
3,1,7,6,9,11


bet: 150
8,7,10, ss: 150
8,7,12, ss: 150
8,10,7, ss: 150
8,10,12, ss: 150
8,12,7, ss: 150
8,12,10, ss: 150
7,10,12, ss: 150
7,12,10, ss: 150
10,7,12, ss: 150
10,12,7, ss: 150



=== rcno: 9, nData: 300, year: 6, train_course: 0, model: 6 ===
8,3,10,7,0,9


bet: 1500
9,4,11, ss: 1500
8,3,10,7,0,9


bet: 150
11,8,1, ss: 150
11,8,10, ss: 150
11,1,8, ss: 150
11,1,10, ss: 150
11,10,8, ss: 150
11,10,1, ss: 150
8,1,10, ss: 150
8,10,1, ss: 150
1,8,10, ss: 150
1,10,8, ss: 150



=== rcno: 10, nData: 300, year: 6, train_course: 0, model: 6 ===
0,4,8,2,1,6


bet: 1500
1,5,9, ss: 1500
0,4,8,2,1,6


bet: 150
9,3,2, ss: 150
9,3,7, ss: 150
9,2,3, ss: 150
9,2,7, ss: 150
9,7,3, ss: 150
9,7,2, ss: 150
3,2,7, ss: 150
3,7,2, ss: 150
2,3,7, ss: 150
2,7,3, ss: 150



=== rcno: 11, nData: 300, year: 6, train_course: 0, model: 6 ===
6,8,11,4,0,2


bet: 1500
7,9,12, ss: 1500
6,8,11,4,0,2


bet: 150
12,5,1, ss: 150
12,5,3, ss: 150
12,1,5, ss: 150
12,1,3, ss: 150
12,3,5, ss: 150
12,3,1, ss: 150
5,1,3, ss: 150
5,3,1, ss: 150
1,5,3, ss: 150
1,3,5, ss: 150



=== rcno: 1, nData: 300, year: 6, train_course: 0, model: 6 ===
0,1,4,10,2,7


bet: 1500
1,2,5, ss: 1500
0,1,4,10,2,7


bet: 150
5,11,3, ss: 150
5,11,8, ss: 150
5,3,11, ss: 150
5,3,8, ss: 150
5,8,11, ss: 150
5,8,3, ss: 150
11,3,8, ss: 150
11,8,3, ss: 150
3,11,8, ss: 150
3,8,11, ss: 150



=== rcno: 2, nData: 300, year: 6, train_course: 0, model: 6 ===
6,0,11,4,3,2


bet: 1500
7,1,12, ss: 1500
6,0,11,4,3,2


bet: 150
12,5,4, ss: 150
12,5,3, ss: 150
12,4,5, ss: 150
12,4,3, ss: 150
12,3,5, ss: 150
12,3,4, ss: 150
5,4,3, ss: 150
5,3,4, ss: 150
4,5,3, ss: 150
4,3,5, ss: 150



=== rcno: 3, nData: 300, year: 6, train_course: 0, model: 6 ===
2,4,10,1,11,0


bet: 1500
3,5,11, ss: 1500
2,4,10,1,11,0


bet: 150
11,2,12, ss: 150
11,2,1, ss: 150
11,12,2, ss: 150
11,12,1, ss: 150
11,1,2, ss: 150
11,1,12, ss: 150
2,12,1, ss: 150
2,1,12, ss: 150
12,2,1, ss: 150
12,1,2, ss: 150



=== rcno: 4, nData: 300, year: 6, train_course: 0, model: 6 ===
1,11,6,7,9,8


bet: 1500
2,12,7, ss: 1500
1,11,6,7,9,8


bet: 150
7,8,10, ss: 150
7,8,9, ss: 150
7,10,8, ss: 150
7,10,9, ss: 150
7,9,8, ss: 150
7,9,10, ss: 150
8,10,9, ss: 150
8,9,10, ss: 150
10,8,9, ss: 150
10,9,8, ss: 150



=== rcno: 5, nData: 300, year: 6, train_course: 0, model: 6 ===
11,10,1,4,5,0


bet: 1500
12,11,2, ss: 1500
11,10,1,4,5,0


bet: 150
2,5,6, ss: 150
2,5,1, ss: 150
2,6,5, ss: 150
2,6,1, ss: 150
2,1,5, ss: 150
2,1,6, ss: 150
5,6,1, ss: 150
5,1,6, ss: 150
6,5,1, ss: 150
6,1,5, ss: 150



=== rcno: 6, nData: 300, year: 6, train_course: 0, model: 6 ===
9,4,6,5,10,1


bet: 1500
10,5,7, ss: 1500
9,4,6,5,10,1


bet: 150
7,6,11, ss: 150
7,6,2, ss: 150
7,11,6, ss: 150
7,11,2, ss: 150
7,2,6, ss: 150
7,2,11, ss: 150
6,11,2, ss: 150
6,2,11, ss: 150
11,6,2, ss: 150
11,2,6, ss: 150



=== rcno: 7, nData: 300, year: 6, train_course: 0, model: 6 ===
10,2,6,8,3,0


bet: 1500
11,3,7, ss: 1500
10,2,6,8,3,0


bet: 150
7,9,4, ss: 150
7,9,1, ss: 150
7,4,9, ss: 150
7,4,1, ss: 150
7,1,9, ss: 150
7,1,4, ss: 150
9,4,1, ss: 150
9,1,4, ss: 150
4,9,1, ss: 150
4,1,9, ss: 150



=== rcno: 8, nData: 300, year: 6, train_course: 0, model: 6 ===
3,1,7,6,9,11


bet: 1500
4,2,8, ss: 1500
3,1,7,6,9,11


bet: 150
8,7,10, ss: 150
8,7,12, ss: 150
8,10,7, ss: 150
8,10,12, ss: 150
8,12,7, ss: 150
8,12,10, ss: 150
7,10,12, ss: 150
7,12,10, ss: 150
10,7,12, ss: 150
10,12,7, ss: 150



=== rcno: 9, nData: 300, year: 6, train_course: 0, model: 6 ===
8,9,10,4,3,5


bet: 1500
9,10,11, ss: 1500
8,9,10,4,3,5


bet: 150
11,5,4, ss: 150
11,5,6, ss: 150
11,4,5, ss: 150
11,4,6, ss: 150
11,6,5, ss: 150
11,6,4, ss: 150
5,4,6, ss: 150
5,6,4, ss: 150
4,5,6, ss: 150
4,6,5, ss: 150



=== rcno: 10, nData: 300, year: 6, train_course: 0, model: 6 ===
8,4,0,2,6,9


bet: 1500
9,5,1, ss: 1500
8,4,0,2,6,9


bet: 150
1,3,7, ss: 150
1,3,10, ss: 150
1,7,3, ss: 150
1,7,10, ss: 150
1,10,3, ss: 150
1,10,7, ss: 150
3,7,10, ss: 150
3,10,7, ss: 150
7,3,10, ss: 150
7,10,3, ss: 150



=== rcno: 11, nData: 300, year: 6, train_course: 0, model: 6 ===
6,11,8,4,2,1


bet: 1500
7,12,9, ss: 1500
6,11,8,4,2,1


bet: 150
9,5,3, ss: 150
9,5,2, ss: 150
9,3,5, ss: 150
9,3,2, ss: 150
9,2,5, ss: 150
9,2,3, ss: 150
5,3,2, ss: 150
5,2,3, ss: 150
3,5,2, ss: 150
3,2,5, ss: 150



=== rcno: 1, nData: 300, year: 6, train_course: 0, model: 6 ===
0,4,10,1,2,11


bet: 1500
1,5,11, ss: 1500
0,4,10,1,2,11


bet: 150
11,2,3, ss: 150
11,2,12, ss: 150
11,3,2, ss: 150
11,3,12, ss: 150
11,12,2, ss: 150
11,12,3, ss: 150
2,3,12, ss: 150
2,12,3, ss: 150
3,2,12, ss: 150
3,12,2, ss: 150



=== rcno: 2, nData: 300, year: 6, train_course: 0, model: 6 ===
4,0,6,2,3,11


bet: 1500
5,1,7, ss: 1500
4,0,6,2,3,11


bet: 150
7,3,4, ss: 150
7,3,12, ss: 150
7,4,3, ss: 150
7,4,12, ss: 150
7,12,3, ss: 150
7,12,4, ss: 150
3,4,12, ss: 150
3,12,4, ss: 150
4,3,12, ss: 150
4,12,3, ss: 150



=== rcno: 3, nData: 300, year: 6, train_course: 0, model: 6 ===
2,4,10,8,5,11


bet: 1500
3,5,11, ss: 1500
2,4,10,8,5,11


bet: 150
11,9,6, ss: 150
11,9,12, ss: 150
11,6,9, ss: 150
11,6,12, ss: 150
11,12,9, ss: 150
11,12,6, ss: 150
9,6,12, ss: 150
9,12,6, ss: 150
6,9,12, ss: 150
6,12,9, ss: 150



=== rcno: 4, nData: 300, year: 6, train_course: 0, model: 6 ===
1,7,11,6,8,9


bet: 1500
2,8,12, ss: 1500
1,7,11,6,8,9


bet: 150
12,7,9, ss: 150
12,7,10, ss: 150
12,9,7, ss: 150
12,9,10, ss: 150
12,10,7, ss: 150
12,10,9, ss: 150
7,9,10, ss: 150
7,10,9, ss: 150
9,7,10, ss: 150
9,10,7, ss: 150



=== rcno: 5, nData: 300, year: 6, train_course: 0, model: 6 ===
10,11,1,8,5,7


bet: 1500
11,12,2, ss: 1500
10,11,1,8,5,7


bet: 150
2,9,6, ss: 150
2,9,8, ss: 150
2,6,9, ss: 150
2,6,8, ss: 150
2,8,9, ss: 150
2,8,6, ss: 150
9,6,8, ss: 150
9,8,6, ss: 150
6,9,8, ss: 150
6,8,9, ss: 150



=== rcno: 6, nData: 300, year: 6, train_course: 0, model: 6 ===
4,9,1,6,10,8


bet: 1500
5,10,2, ss: 1500
4,9,1,6,10,8


bet: 150
2,7,11, ss: 150
2,7,9, ss: 150
2,11,7, ss: 150
2,11,9, ss: 150
2,9,7, ss: 150
2,9,11, ss: 150
7,11,9, ss: 150
7,9,11, ss: 150
11,7,9, ss: 150
11,9,7, ss: 150



=== rcno: 7, nData: 300, year: 6, train_course: 0, model: 6 ===
10,6,2,0,3,11


bet: 1500
11,7,3, ss: 1500
10,6,2,0,3,11


bet: 150
3,1,4, ss: 150
3,1,12, ss: 150
3,4,1, ss: 150
3,4,12, ss: 150
3,12,1, ss: 150
3,12,4, ss: 150
1,4,12, ss: 150
1,12,4, ss: 150
4,1,12, ss: 150
4,12,1, ss: 150



=== rcno: 8, nData: 300, year: 6, train_course: 0, model: 6 ===
3,1,9,7,11,6


bet: 1500
4,2,10, ss: 1500
3,1,9,7,11,6


bet: 150
10,8,12, ss: 150
10,8,7, ss: 150
10,12,8, ss: 150
10,12,7, ss: 150
10,7,8, ss: 150
10,7,12, ss: 150
8,12,7, ss: 150
8,7,12, ss: 150
12,8,7, ss: 150
12,7,8, ss: 150



=== rcno: 9, nData: 300, year: 6, train_course: 0, model: 6 ===
8,10,3,4,9,7


bet: 1500
9,11,4, ss: 1500
8,10,3,4,9,7


bet: 150
4,5,10, ss: 150
4,5,8, ss: 150
4,10,5, ss: 150
4,10,8, ss: 150
4,8,5, ss: 150
4,8,10, ss: 150
5,10,8, ss: 150
5,8,10, ss: 150
10,5,8, ss: 150
10,8,5, ss: 150



=== rcno: 10, nData: 300, year: 6, train_course: 0, model: 6 ===
4,8,3,1,6,2


bet: 1500
5,9,4, ss: 1500
4,8,3,1,6,2


bet: 150
4,2,7, ss: 150
4,2,3, ss: 150
4,7,2, ss: 150
4,7,3, ss: 150
4,3,2, ss: 150
4,3,7, ss: 150
2,7,3, ss: 150
2,3,7, ss: 150
7,2,3, ss: 150
7,3,2, ss: 150



=== rcno: 11, nData: 300, year: 6, train_course: 0, model: 6 ===
6,4,11,7,1,3


bet: 1500
7,5,12, ss: 1500
6,4,11,7,1,3


bet: 150
12,8,2, ss: 150
12,8,4, ss: 150
12,2,8, ss: 150
12,2,4, ss: 150
12,4,8, ss: 150
12,4,2, ss: 150
8,2,4, ss: 150
8,4,2, ss: 150
2,8,4, ss: 150
2,4,8, ss: 150
