


=== rcno: 1, nData: 300, year: 6, train_course: 0, model: 5 ===
9,5,2,7,0,4


bet: 400
6,3,8, ss: 400
6,3,1, ss: 400
6,8,3, ss: 400
6,8,1, ss: 400
6,1,3, ss: 400
6,1,8, ss: 400
3,6,8, ss: 400
3,6,1, ss: 400
3,8,6, ss: 400
3,8,1, ss: 400
3,1,6, ss: 400
3,1,8, ss: 400
8,6,3, ss: 400
8,6,1, ss: 400
8,3,6, ss: 400
8,3,1, ss: 400
8,1,6, ss: 400
8,1,3, ss: 400
1,6,3, ss: 400
1,6,8, ss: 400
1,3,6, ss: 400
1,3,8, ss: 400
1,8,6, ss: 400
1,8,3, ss: 400



=== rcno: 2, nData: 300, year: 6, train_course: 0, model: 5 ===
5,8,3,9,1,7


bet: 400
9,4,10, ss: 400
9,4,2, ss: 400
9,10,4, ss: 400
9,10,2, ss: 400
9,2,4, ss: 400
9,2,10, ss: 400
4,9,10, ss: 400
4,9,2, ss: 400
4,10,9, ss: 400
4,10,2, ss: 400
4,2,9, ss: 400
4,2,10, ss: 400
10,9,4, ss: 400
10,9,2, ss: 400
10,4,9, ss: 400
10,4,2, ss: 400
10,2,9, ss: 400
10,2,4, ss: 400
2,9,4, ss: 400
2,9,10, ss: 400
2,4,9, ss: 400
2,4,10, ss: 400
2,10,9, ss: 400
2,10,4, ss: 400



=== rcno: 3, nData: 300, year: 6, train_course: 0, model: 5 ===
2,7,4,0,1,11


bet: 400
8,5,1, ss: 400
8,5,2, ss: 400
8,1,5, ss: 400
8,1,2, ss: 400
8,2,5, ss: 400
8,2,1, ss: 400
5,8,1, ss: 400
5,8,2, ss: 400
5,1,8, ss: 400
5,1,2, ss: 400
5,2,8, ss: 400
5,2,1, ss: 400
1,8,5, ss: 400
1,8,2, ss: 400
1,5,8, ss: 400
1,5,2, ss: 400
1,2,8, ss: 400
1,2,5, ss: 400
2,8,5, ss: 400
2,8,1, ss: 400
2,5,8, ss: 400
2,5,1, ss: 400
2,1,8, ss: 400
2,1,5, ss: 400



=== rcno: 4, nData: 300, year: 6, train_course: 0, model: 5 ===
3,7,0,8,6,1


bet: 400
8,1,9, ss: 400
8,1,7, ss: 400
8,9,1, ss: 400
8,9,7, ss: 400
8,7,1, ss: 400
8,7,9, ss: 400
1,8,9, ss: 400
1,8,7, ss: 400
1,9,8, ss: 400
1,9,7, ss: 400
1,7,8, ss: 400
1,7,9, ss: 400
9,8,1, ss: 400
9,8,7, ss: 400
9,1,8, ss: 400
9,1,7, ss: 400
9,7,8, ss: 400
9,7,1, ss: 400
7,8,1, ss: 400
7,8,9, ss: 400
7,1,8, ss: 400
7,1,9, ss: 400
7,9,8, ss: 400
7,9,1, ss: 400



=== rcno: 5, nData: 300, year: 6, train_course: 0, model: 5 ===
4,10,1,2,0,11


bet: 400
11,2,3, ss: 400
11,2,1, ss: 400
11,3,2, ss: 400
11,3,1, ss: 400
11,1,2, ss: 400
11,1,3, ss: 400
2,11,3, ss: 400
2,11,1, ss: 400
2,3,11, ss: 400
2,3,1, ss: 400
2,1,11, ss: 400
2,1,3, ss: 400
3,11,2, ss: 400
3,11,1, ss: 400
3,2,11, ss: 400
3,2,1, ss: 400
3,1,11, ss: 400
3,1,2, ss: 400
1,11,2, ss: 400
1,11,3, ss: 400
1,2,11, ss: 400
1,2,3, ss: 400
1,3,11, ss: 400
1,3,2, ss: 400



=== rcno: 6, nData: 300, year: 6, train_course: 0, model: 5 ===
1,10,8,3,2,7


bet: 400
11,9,4, ss: 400
11,9,3, ss: 400
11,4,9, ss: 400
11,4,3, ss: 400
11,3,9, ss: 400
11,3,4, ss: 400
9,11,4, ss: 400
9,11,3, ss: 400
9,4,11, ss: 400
9,4,3, ss: 400
9,3,11, ss: 400
9,3,4, ss: 400
4,11,9, ss: 400
4,11,3, ss: 400
4,9,11, ss: 400
4,9,3, ss: 400
4,3,11, ss: 400
4,3,9, ss: 400
3,11,9, ss: 400
3,11,4, ss: 400
3,9,11, ss: 400
3,9,4, ss: 400
3,4,11, ss: 400
3,4,9, ss: 400



=== rcno: 7, nData: 300, year: 6, train_course: 0, model: 5 ===
8,2,0,10,1,3


bet: 400
3,1,11, ss: 400
3,1,2, ss: 400
3,11,1, ss: 400
3,11,2, ss: 400
3,2,1, ss: 400
3,2,11, ss: 400
1,3,11, ss: 400
1,3,2, ss: 400
1,11,3, ss: 400
1,11,2, ss: 400
1,2,3, ss: 400
1,2,11, ss: 400
11,3,1, ss: 400
11,3,2, ss: 400
11,1,3, ss: 400
11,1,2, ss: 400
11,2,3, ss: 400
11,2,1, ss: 400
2,3,1, ss: 400
2,3,11, ss: 400
2,1,3, ss: 400
2,1,11, ss: 400
2,11,3, ss: 400
2,11,1, ss: 400



=== rcno: 8, nData: 300, year: 6, train_course: 0, model: 5 ===
0,4,7,3,9,5


bet: 400
5,8,4, ss: 400
5,8,10, ss: 400
5,4,8, ss: 400
5,4,10, ss: 400
5,10,8, ss: 400
5,10,4, ss: 400
8,5,4, ss: 400
8,5,10, ss: 400
8,4,5, ss: 400
8,4,10, ss: 400
8,10,5, ss: 400
8,10,4, ss: 400
4,5,8, ss: 400
4,5,10, ss: 400
4,8,5, ss: 400
4,8,10, ss: 400
4,10,5, ss: 400
4,10,8, ss: 400
10,5,8, ss: 400
10,5,4, ss: 400
10,8,5, ss: 400
10,8,4, ss: 400
10,4,5, ss: 400
10,4,8, ss: 400



=== rcno: 9, nData: 300, year: 6, train_course: 0, model: 5 ===
4,7,8,2,1,9


bet: 400
8,9,3, ss: 400
8,9,2, ss: 400
8,3,9, ss: 400
8,3,2, ss: 400
8,2,9, ss: 400
8,2,3, ss: 400
9,8,3, ss: 400
9,8,2, ss: 400
9,3,8, ss: 400
9,3,2, ss: 400
9,2,8, ss: 400
9,2,3, ss: 400
3,8,9, ss: 400
3,8,2, ss: 400
3,9,8, ss: 400
3,9,2, ss: 400
3,2,8, ss: 400
3,2,9, ss: 400
2,8,9, ss: 400
2,8,3, ss: 400
2,9,8, ss: 400
2,9,3, ss: 400
2,3,8, ss: 400
2,3,9, ss: 400



=== rcno: 10, nData: 300, year: 6, train_course: 0, model: 5 ===
5,6,0,11,3,4


bet: 400
7,1,12, ss: 400
7,1,4, ss: 400
7,12,1, ss: 400
7,12,4, ss: 400
7,4,1, ss: 400
7,4,12, ss: 400
1,7,12, ss: 400
1,7,4, ss: 400
1,12,7, ss: 400
1,12,4, ss: 400
1,4,7, ss: 400
1,4,12, ss: 400
12,7,1, ss: 400
12,7,4, ss: 400
12,1,7, ss: 400
12,1,4, ss: 400
12,4,7, ss: 400
12,4,1, ss: 400
4,7,1, ss: 400
4,7,12, ss: 400
4,1,7, ss: 400
4,1,12, ss: 400
4,12,7, ss: 400
4,12,1, ss: 400



=== rcno: 11, nData: 300, year: 6, train_course: 0, model: 5 ===
8,11,10,1,7,2


bet: 400
12,11,2, ss: 400
12,11,8, ss: 400
12,2,11, ss: 400
12,2,8, ss: 400
12,8,11, ss: 400
12,8,2, ss: 400
11,12,2, ss: 400
11,12,8, ss: 400
11,2,12, ss: 400
11,2,8, ss: 400
11,8,12, ss: 400
11,8,2, ss: 400
2,12,11, ss: 400
2,12,8, ss: 400
2,11,12, ss: 400
2,11,8, ss: 400
2,8,12, ss: 400
2,8,11, ss: 400
8,12,11, ss: 400
8,12,2, ss: 400
8,11,12, ss: 400
8,11,2, ss: 400
8,2,12, ss: 400
8,2,11, ss: 400



=== rcno: 12, nData: 300, year: 6, train_course: 0, model: 5 ===
8,7,1,2,3,6


bet: 400
8,2,3, ss: 400
8,2,4, ss: 400
8,3,2, ss: 400
8,3,4, ss: 400
8,4,2, ss: 400
8,4,3, ss: 400
2,8,3, ss: 400
2,8,4, ss: 400
2,3,8, ss: 400
2,3,4, ss: 400
2,4,8, ss: 400
2,4,3, ss: 400
3,8,2, ss: 400
3,8,4, ss: 400
3,2,8, ss: 400
3,2,4, ss: 400
3,4,8, ss: 400
3,4,2, ss: 400
4,8,2, ss: 400
4,8,3, ss: 400
4,2,8, ss: 400
4,2,3, ss: 400
4,3,8, ss: 400
4,3,2, ss: 400



=== rcno: 1, nData: 300, year: 6, train_course: 0, model: 5 ===
0,5,2,4,7,9


bet: 400
6,3,5, ss: 400
6,3,8, ss: 400
6,5,3, ss: 400
6,5,8, ss: 400
6,8,3, ss: 400
6,8,5, ss: 400
3,6,5, ss: 400
3,6,8, ss: 400
3,5,6, ss: 400
3,5,8, ss: 400
3,8,6, ss: 400
3,8,5, ss: 400
5,6,3, ss: 400
5,6,8, ss: 400
5,3,6, ss: 400
5,3,8, ss: 400
5,8,6, ss: 400
5,8,3, ss: 400
8,6,3, ss: 400
8,6,5, ss: 400
8,3,6, ss: 400
8,3,5, ss: 400
8,5,6, ss: 400
8,5,3, ss: 400



=== rcno: 2, nData: 300, year: 6, train_course: 0, model: 5 ===
5,4,3,7,8,9


bet: 400
5,4,8, ss: 400
5,4,9, ss: 400
5,8,4, ss: 400
5,8,9, ss: 400
5,9,4, ss: 400
5,9,8, ss: 400
4,5,8, ss: 400
4,5,9, ss: 400
4,8,5, ss: 400
4,8,9, ss: 400
4,9,5, ss: 400
4,9,8, ss: 400
8,5,4, ss: 400
8,5,9, ss: 400
8,4,5, ss: 400
8,4,9, ss: 400
8,9,5, ss: 400
8,9,4, ss: 400
9,5,4, ss: 400
9,5,8, ss: 400
9,4,5, ss: 400
9,4,8, ss: 400
9,8,5, ss: 400
9,8,4, ss: 400



=== rcno: 3, nData: 300, year: 6, train_course: 0, model: 5 ===
2,7,0,4,1,11


bet: 400
8,1,5, ss: 400
8,1,2, ss: 400
8,5,1, ss: 400
8,5,2, ss: 400
8,2,1, ss: 400
8,2,5, ss: 400
1,8,5, ss: 400
1,8,2, ss: 400
1,5,8, ss: 400
1,5,2, ss: 400
1,2,8, ss: 400
1,2,5, ss: 400
5,8,1, ss: 400
5,8,2, ss: 400
5,1,8, ss: 400
5,1,2, ss: 400
5,2,8, ss: 400
5,2,1, ss: 400
2,8,1, ss: 400
2,8,5, ss: 400
2,1,8, ss: 400
2,1,5, ss: 400
2,5,8, ss: 400
2,5,1, ss: 400



=== rcno: 4, nData: 300, year: 6, train_course: 0, model: 5 ===
3,7,0,8,1,6


bet: 400
8,1,9, ss: 400
8,1,2, ss: 400
8,9,1, ss: 400
8,9,2, ss: 400
8,2,1, ss: 400
8,2,9, ss: 400
1,8,9, ss: 400
1,8,2, ss: 400
1,9,8, ss: 400
1,9,2, ss: 400
1,2,8, ss: 400
1,2,9, ss: 400
9,8,1, ss: 400
9,8,2, ss: 400
9,1,8, ss: 400
9,1,2, ss: 400
9,2,8, ss: 400
9,2,1, ss: 400
2,8,1, ss: 400
2,8,9, ss: 400
2,1,8, ss: 400
2,1,9, ss: 400
2,9,8, ss: 400
2,9,1, ss: 400



=== rcno: 5, nData: 300, year: 6, train_course: 0, model: 5 ===
1,2,4,10,11,8


bet: 400
3,5,11, ss: 400
3,5,12, ss: 400
3,11,5, ss: 400
3,11,12, ss: 400
3,12,5, ss: 400
3,12,11, ss: 400
5,3,11, ss: 400
5,3,12, ss: 400
5,11,3, ss: 400
5,11,12, ss: 400
5,12,3, ss: 400
5,12,11, ss: 400
11,3,5, ss: 400
11,3,12, ss: 400
11,5,3, ss: 400
11,5,12, ss: 400
11,12,3, ss: 400
11,12,5, ss: 400
12,3,5, ss: 400
12,3,11, ss: 400
12,5,3, ss: 400
12,5,11, ss: 400
12,11,3, ss: 400
12,11,5, ss: 400



=== rcno: 6, nData: 300, year: 6, train_course: 0, model: 5 ===
10,1,8,3,11,2


bet: 400
2,9,4, ss: 400
2,9,12, ss: 400
2,4,9, ss: 400
2,4,12, ss: 400
2,12,9, ss: 400
2,12,4, ss: 400
9,2,4, ss: 400
9,2,12, ss: 400
9,4,2, ss: 400
9,4,12, ss: 400
9,12,2, ss: 400
9,12,4, ss: 400
4,2,9, ss: 400
4,2,12, ss: 400
4,9,2, ss: 400
4,9,12, ss: 400
4,12,2, ss: 400
4,12,9, ss: 400
12,2,9, ss: 400
12,2,4, ss: 400
12,9,2, ss: 400
12,9,4, ss: 400
12,4,2, ss: 400
12,4,9, ss: 400



=== rcno: 7, nData: 300, year: 6, train_course: 0, model: 5 ===
2,8,1,0,7,3


bet: 400
9,2,1, ss: 400
9,2,8, ss: 400
9,1,2, ss: 400
9,1,8, ss: 400
9,8,2, ss: 400
9,8,1, ss: 400
2,9,1, ss: 400
2,9,8, ss: 400
2,1,9, ss: 400
2,1,8, ss: 400
2,8,9, ss: 400
2,8,1, ss: 400
1,9,2, ss: 400
1,9,8, ss: 400
1,2,9, ss: 400
1,2,8, ss: 400
1,8,9, ss: 400
1,8,2, ss: 400
8,9,2, ss: 400
8,9,1, ss: 400
8,2,9, ss: 400
8,2,1, ss: 400
8,1,9, ss: 400
8,1,2, ss: 400



=== rcno: 8, nData: 300, year: 6, train_course: 0, model: 5 ===
4,0,3,7,9,5


bet: 400
1,4,8, ss: 400
1,4,10, ss: 400
1,8,4, ss: 400
1,8,10, ss: 400
1,10,4, ss: 400
1,10,8, ss: 400
4,1,8, ss: 400
4,1,10, ss: 400
4,8,1, ss: 400
4,8,10, ss: 400
4,10,1, ss: 400
4,10,8, ss: 400
8,1,4, ss: 400
8,1,10, ss: 400
8,4,1, ss: 400
8,4,10, ss: 400
8,10,1, ss: 400
8,10,4, ss: 400
10,1,4, ss: 400
10,1,8, ss: 400
10,4,1, ss: 400
10,4,8, ss: 400
10,8,1, ss: 400
10,8,4, ss: 400



=== rcno: 9, nData: 300, year: 6, train_course: 0, model: 5 ===
4,7,2,8,1,5


bet: 400
8,3,9, ss: 400
8,3,2, ss: 400
8,9,3, ss: 400
8,9,2, ss: 400
8,2,3, ss: 400
8,2,9, ss: 400
3,8,9, ss: 400
3,8,2, ss: 400
3,9,8, ss: 400
3,9,2, ss: 400
3,2,8, ss: 400
3,2,9, ss: 400
9,8,3, ss: 400
9,8,2, ss: 400
9,3,8, ss: 400
9,3,2, ss: 400
9,2,8, ss: 400
9,2,3, ss: 400
2,8,3, ss: 400
2,8,9, ss: 400
2,3,8, ss: 400
2,3,9, ss: 400
2,9,8, ss: 400
2,9,3, ss: 400



=== rcno: 10, nData: 300, year: 6, train_course: 0, model: 5 ===
5,6,0,9,1,11


bet: 400
7,1,10, ss: 400
7,1,2, ss: 400
7,10,1, ss: 400
7,10,2, ss: 400
7,2,1, ss: 400
7,2,10, ss: 400
1,7,10, ss: 400
1,7,2, ss: 400
1,10,7, ss: 400
1,10,2, ss: 400
1,2,7, ss: 400
1,2,10, ss: 400
10,7,1, ss: 400
10,7,2, ss: 400
10,1,7, ss: 400
10,1,2, ss: 400
10,2,7, ss: 400
10,2,1, ss: 400
2,7,1, ss: 400
2,7,10, ss: 400
2,1,7, ss: 400
2,1,10, ss: 400
2,10,7, ss: 400
2,10,1, ss: 400



=== rcno: 11, nData: 300, year: 6, train_course: 0, model: 5 ===
11,8,10,1,0,9


bet: 400
9,11,2, ss: 400
9,11,1, ss: 400
9,2,11, ss: 400
9,2,1, ss: 400
9,1,11, ss: 400
9,1,2, ss: 400
11,9,2, ss: 400
11,9,1, ss: 400
11,2,9, ss: 400
11,2,1, ss: 400
11,1,9, ss: 400
11,1,2, ss: 400
2,9,11, ss: 400
2,9,1, ss: 400
2,11,9, ss: 400
2,11,1, ss: 400
2,1,9, ss: 400
2,1,11, ss: 400
1,9,11, ss: 400
1,9,2, ss: 400
1,11,9, ss: 400
1,11,2, ss: 400
1,2,9, ss: 400
1,2,11, ss: 400



=== rcno: 12, nData: 300, year: 6, train_course: 0, model: 5 ===
2,7,6,8,11,1


bet: 400
8,7,9, ss: 400
8,7,12, ss: 400
8,9,7, ss: 400
8,9,12, ss: 400
8,12,7, ss: 400
8,12,9, ss: 400
7,8,9, ss: 400
7,8,12, ss: 400
7,9,8, ss: 400
7,9,12, ss: 400
7,12,8, ss: 400
7,12,9, ss: 400
9,8,7, ss: 400
9,8,12, ss: 400
9,7,8, ss: 400
9,7,12, ss: 400
9,12,8, ss: 400
9,12,7, ss: 400
12,8,7, ss: 400
12,8,9, ss: 400
12,7,8, ss: 400
12,7,9, ss: 400
12,9,8, ss: 400
12,9,7, ss: 400
