


=== rcno: 1, nData: 151, year: 6, train_course: 0, model: 5 ===
0,8,2,9,7,5


bet: 800
8,6,7, ss: 800
8,6,12, ss: 800
8,7,6, ss: 800
8,7,12, ss: 800
6,8,7, ss: 800
6,8,12, ss: 800
6,7,8, ss: 800
6,7,12, ss: 800
7,8,6, ss: 800
7,8,12, ss: 800
7,6,8, ss: 800
7,6,12, ss: 800



=== rcno: 2, nData: 151, year: 6, train_course: 0, model: 5 ===
5,7,9,4,3,1


bet: 800
4,2,9, ss: 800
4,2,1, ss: 800
4,9,2, ss: 800
4,9,1, ss: 800
2,4,9, ss: 800
2,4,1, ss: 800
2,9,4, ss: 800
2,9,1, ss: 800
9,4,2, ss: 800
9,4,1, ss: 800
9,2,4, ss: 800
9,2,1, ss: 800



=== rcno: 3, nData: 151, year: 6, train_course: 0, model: 5 ===
2,0,7,4,1,9


bet: 800
2,10,12, ss: 800
2,10,7, ss: 800
2,12,10, ss: 800
2,12,7, ss: 800
10,2,12, ss: 800
10,2,7, ss: 800
10,12,2, ss: 800
10,12,7, ss: 800
12,2,10, ss: 800
12,2,7, ss: 800
12,10,2, ss: 800
12,10,7, ss: 800



=== rcno: 4, nData: 151, year: 6, train_course: 0, model: 5 ===
3,0,6,7,1,5


bet: 800
2,6,3, ss: 800
2,6,9, ss: 800
2,3,6, ss: 800
2,3,9, ss: 800
6,2,3, ss: 800
6,2,9, ss: 800
6,3,2, ss: 800
6,3,9, ss: 800
3,2,6, ss: 800
3,2,9, ss: 800
3,6,2, ss: 800
3,6,9, ss: 800



=== rcno: 5, nData: 151, year: 6, train_course: 0, model: 5 ===
4,1,10,6,0,8


bet: 800
1,9,3, ss: 800
1,9,12, ss: 800
1,3,9, ss: 800
1,3,12, ss: 800
9,1,3, ss: 800
9,1,12, ss: 800
9,3,1, ss: 800
9,3,12, ss: 800
3,1,9, ss: 800
3,1,12, ss: 800
3,9,1, ss: 800
3,9,12, ss: 800



=== rcno: 6, nData: 151, year: 6, train_course: 0, model: 5 ===
1,10,8,3,2,11


bet: 800
3,12,8, ss: 800
3,12,5, ss: 800
3,8,12, ss: 800
3,8,5, ss: 800
12,3,8, ss: 800
12,3,5, ss: 800
12,8,3, ss: 800
12,8,5, ss: 800
8,3,12, ss: 800
8,3,5, ss: 800
8,12,3, ss: 800
8,12,5, ss: 800



=== rcno: 7, nData: 151, year: 6, train_course: 0, model: 5 ===
10,8,2,0,3,1


bet: 800
4,2,8, ss: 800
4,2,7, ss: 800
4,8,2, ss: 800
4,8,7, ss: 800
2,4,8, ss: 800
2,4,7, ss: 800
2,8,4, ss: 800
2,8,7, ss: 800
8,4,2, ss: 800
8,4,7, ss: 800
8,2,4, ss: 800
8,2,7, ss: 800



=== rcno: 8, nData: 151, year: 6, train_course: 0, model: 5 ===
4,0,9,3,10,2


bet: 800
11,3,7, ss: 800
11,3,2, ss: 800
11,7,3, ss: 800
11,7,2, ss: 800
3,11,7, ss: 800
3,11,2, ss: 800
3,7,11, ss: 800
3,7,2, ss: 800
7,11,3, ss: 800
7,11,2, ss: 800
7,3,11, ss: 800
7,3,2, ss: 800



=== rcno: 9, nData: 151, year: 6, train_course: 0, model: 5 ===
7,1,9,4,2,8


bet: 800
3,9,12, ss: 800
3,9,11, ss: 800
3,12,9, ss: 800
3,12,11, ss: 800
9,3,12, ss: 800
9,3,11, ss: 800
9,12,3, ss: 800
9,12,11, ss: 800
12,3,9, ss: 800
12,3,11, ss: 800
12,9,3, ss: 800
12,9,11, ss: 800



=== rcno: 10, nData: 151, year: 6, train_course: 0, model: 5 ===
5,0,11,6,4,10


bet: 800
5,11,10, ss: 800
5,11,8, ss: 800
5,10,11, ss: 800
5,10,8, ss: 800
11,5,10, ss: 800
11,5,8, ss: 800
11,10,5, ss: 800
11,10,8, ss: 800
10,5,11, ss: 800
10,5,8, ss: 800
10,11,5, ss: 800
10,11,8, ss: 800



=== rcno: 11, nData: 151, year: 6, train_course: 0, model: 5 ===
11,4,8,3,2,10


bet: 800
3,11,10, ss: 800
3,11,6, ss: 800
3,10,11, ss: 800
3,10,6, ss: 800
11,3,10, ss: 800
11,3,6, ss: 800
11,10,3, ss: 800
11,10,6, ss: 800
10,3,11, ss: 800
10,3,6, ss: 800
10,11,3, ss: 800
10,11,6, ss: 800



=== rcno: 12, nData: 151, year: 6, train_course: 0, model: 5 ===
7,6,8,1,2,0


bet: 800
3,1,4, ss: 800
3,1,12, ss: 800
3,4,1, ss: 800
3,4,12, ss: 800
1,3,4, ss: 800
1,3,12, ss: 800
1,4,3, ss: 800
1,4,12, ss: 800
4,3,1, ss: 800
4,3,12, ss: 800
4,1,3, ss: 800
4,1,12, ss: 800



=== rcno: 1, nData: 151, year: 6, train_course: 0, model: 5 ===
0,11,8,7,5,10


bet: 800
6,11,10, ss: 800
6,11,3, ss: 800
6,10,11, ss: 800
6,10,3, ss: 800
11,6,10, ss: 800
11,6,3, ss: 800
11,10,6, ss: 800
11,10,3, ss: 800
10,6,11, ss: 800
10,6,3, ss: 800
10,11,6, ss: 800
10,11,3, ss: 800



=== rcno: 2, nData: 151, year: 6, train_course: 0, model: 5 ===
5,7,4,9,0,1


bet: 800
1,2,7, ss: 800
1,2,9, ss: 800
1,7,2, ss: 800
1,7,9, ss: 800
2,1,7, ss: 800
2,1,9, ss: 800
2,7,1, ss: 800
2,7,9, ss: 800
7,1,2, ss: 800
7,1,9, ss: 800
7,2,1, ss: 800
7,2,9, ss: 800



=== rcno: 3, nData: 151, year: 6, train_course: 0, model: 5 ===
2,4,0,7,9,11


bet: 800
10,12,2, ss: 800
10,12,4, ss: 800
10,2,12, ss: 800
10,2,4, ss: 800
12,10,2, ss: 800
12,10,4, ss: 800
12,2,10, ss: 800
12,2,4, ss: 800
2,10,12, ss: 800
2,10,4, ss: 800
2,12,10, ss: 800
2,12,4, ss: 800



=== rcno: 4, nData: 151, year: 6, train_course: 0, model: 5 ===
3,6,0,5,7,2


bet: 800
8,3,2, ss: 800
8,3,9, ss: 800
8,2,3, ss: 800
8,2,9, ss: 800
3,8,2, ss: 800
3,8,9, ss: 800
3,2,8, ss: 800
3,2,9, ss: 800
2,8,3, ss: 800
2,8,9, ss: 800
2,3,8, ss: 800
2,3,9, ss: 800



=== rcno: 5, nData: 151, year: 6, train_course: 0, model: 5 ===
4,1,10,6,0,2


bet: 800
1,3,12, ss: 800
1,3,9, ss: 800
1,12,3, ss: 800
1,12,9, ss: 800
3,1,12, ss: 800
3,1,9, ss: 800
3,12,1, ss: 800
3,12,9, ss: 800
12,1,3, ss: 800
12,1,9, ss: 800
12,3,1, ss: 800
12,3,9, ss: 800



=== rcno: 6, nData: 151, year: 6, train_course: 0, model: 5 ===
1,10,2,3,8,11


bet: 800
9,12,8, ss: 800
9,12,5, ss: 800
9,8,12, ss: 800
9,8,5, ss: 800
12,9,8, ss: 800
12,9,5, ss: 800
12,8,9, ss: 800
12,8,5, ss: 800
8,9,12, ss: 800
8,9,5, ss: 800
8,12,9, ss: 800
8,12,5, ss: 800



=== rcno: 7, nData: 151, year: 6, train_course: 0, model: 5 ===
0,2,8,3,7,6


bet: 800
8,7,11, ss: 800
8,7,2, ss: 800
8,11,7, ss: 800
8,11,2, ss: 800
7,8,11, ss: 800
7,8,2, ss: 800
7,11,8, ss: 800
7,11,2, ss: 800
11,8,7, ss: 800
11,8,2, ss: 800
11,7,8, ss: 800
11,7,2, ss: 800



=== rcno: 8, nData: 151, year: 6, train_course: 0, model: 5 ===
4,0,9,3,2,10


bet: 800
3,11,2, ss: 800
3,11,8, ss: 800
3,2,11, ss: 800
3,2,8, ss: 800
11,3,2, ss: 800
11,3,8, ss: 800
11,2,3, ss: 800
11,2,8, ss: 800
2,3,11, ss: 800
2,3,8, ss: 800
2,11,3, ss: 800
2,11,8, ss: 800



=== rcno: 9, nData: 151, year: 6, train_course: 0, model: 5 ===
9,4,1,2,8,7


bet: 800
9,8,11, ss: 800
9,8,12, ss: 800
9,11,8, ss: 800
9,11,12, ss: 800
8,9,11, ss: 800
8,9,12, ss: 800
8,11,9, ss: 800
8,11,12, ss: 800
11,9,8, ss: 800
11,9,12, ss: 800
11,8,9, ss: 800
11,8,12, ss: 800



=== rcno: 10, nData: 151, year: 6, train_course: 0, model: 5 ===
5,11,0,6,10,9


bet: 800
11,10,2, ss: 800
11,10,5, ss: 800
11,2,10, ss: 800
11,2,5, ss: 800
10,11,2, ss: 800
10,11,5, ss: 800
10,2,11, ss: 800
10,2,5, ss: 800
2,11,10, ss: 800
2,11,5, ss: 800
2,10,11, ss: 800
2,10,5, ss: 800



=== rcno: 11, nData: 151, year: 6, train_course: 0, model: 5 ===
9,4,11,7,10,3


bet: 800
11,4,9, ss: 800
11,4,6, ss: 800
11,9,4, ss: 800
11,9,6, ss: 800
4,11,9, ss: 800
4,11,6, ss: 800
4,9,11, ss: 800
4,9,6, ss: 800
9,11,4, ss: 800
9,11,6, ss: 800
9,4,11, ss: 800
9,4,6, ss: 800



=== rcno: 12, nData: 151, year: 6, train_course: 0, model: 5 ===
7,3,1,2,6,8


bet: 800
7,9,1, ss: 800
7,9,10, ss: 800
7,1,9, ss: 800
7,1,10, ss: 800
9,7,1, ss: 800
9,7,10, ss: 800
9,1,7, ss: 800
9,1,10, ss: 800
1,7,9, ss: 800
1,7,10, ss: 800
1,9,7, ss: 800
1,9,10, ss: 800
