


=== rcno: 1, nData: 300, year: 6, train_course: 0 ===
1,3,4,0,5,7


bet: 500
2,4,5, ss: 500
2,5,4, ss: 500
4,2,5, ss: 500
4,5,2, ss: 500
1,3,4,0,5,7


bet: 200
5,1,6, ss: 200
5,1,8, ss: 200
5,6,1, ss: 200
5,6,8, ss: 200
5,8,1, ss: 200
5,8,6, ss: 200
1,6,8, ss: 200
1,8,6, ss: 200
6,1,8, ss: 200
6,8,1, ss: 200



=== rcno: 2, nData: 300, year: 6, train_course: 0 ===
6,4,0,5,7,8


bet: 500
7,5,1, ss: 500
7,1,5, ss: 500
5,7,1, ss: 500
5,1,7, ss: 500
6,4,0,5,7,8


bet: 200
1,6,8, ss: 200
1,6,9, ss: 200
1,8,6, ss: 200
1,8,9, ss: 200
1,9,6, ss: 200
1,9,8, ss: 200
6,8,9, ss: 200
6,9,8, ss: 200
8,6,9, ss: 200
8,9,6, ss: 200



=== rcno: 3, nData: 300, year: 6, train_course: 0 ===
1,4,7,2,8,6


bet: 500
2,5,8, ss: 500
2,8,5, ss: 500
5,2,8, ss: 500
5,8,2, ss: 500
1,4,7,2,8,6


bet: 200
8,3,9, ss: 200
8,3,7, ss: 200
8,9,3, ss: 200
8,9,7, ss: 200
8,7,3, ss: 200
8,7,9, ss: 200
3,9,7, ss: 200
3,7,9, ss: 200
9,3,7, ss: 200
9,7,3, ss: 200



=== rcno: 4, nData: 300, year: 6, train_course: 0 ===
5,2,6,4,0,7


bet: 500
6,3,7, ss: 500
6,7,3, ss: 500
3,6,7, ss: 500
3,7,6, ss: 500
5,2,6,4,0,7


bet: 200
7,5,1, ss: 200
7,5,8, ss: 200
7,1,5, ss: 200
7,1,8, ss: 200
7,8,5, ss: 200
7,8,1, ss: 200
5,1,8, ss: 200
5,8,1, ss: 200
1,5,8, ss: 200
1,8,5, ss: 200



=== rcno: 5, nData: 300, year: 6, train_course: 0 ===
0,7,8,4,5,3


bet: 500
1,8,9, ss: 500
1,9,8, ss: 500
8,1,9, ss: 500
8,9,1, ss: 500
0,7,8,4,5,3


bet: 200
9,5,6, ss: 200
9,5,4, ss: 200
9,6,5, ss: 200
9,6,4, ss: 200
9,4,5, ss: 200
9,4,6, ss: 200
5,6,4, ss: 200
5,4,6, ss: 200
6,5,4, ss: 200
6,4,5, ss: 200



=== rcno: 6, nData: 300, year: 6, train_course: 0 ===
11,0,2,10,6,3


bet: 500
12,1,3, ss: 500
12,3,1, ss: 500
1,12,3, ss: 500
1,3,12, ss: 500
11,0,2,10,6,3


bet: 200
3,11,7, ss: 200
3,11,4, ss: 200
3,7,11, ss: 200
3,7,4, ss: 200
3,4,11, ss: 200
3,4,7, ss: 200
11,7,4, ss: 200
11,4,7, ss: 200
7,11,4, ss: 200
7,4,11, ss: 200



=== rcno: 7, nData: 300, year: 6, train_course: 0 ===
8,6,5,7,2,0


bet: 500
9,7,6, ss: 500
9,6,7, ss: 500
7,9,6, ss: 500
7,6,9, ss: 500
8,6,5,7,2,0


bet: 200
6,8,3, ss: 200
6,8,1, ss: 200
6,3,8, ss: 200
6,3,1, ss: 200
6,1,8, ss: 200
6,1,3, ss: 200
8,3,1, ss: 200
8,1,3, ss: 200
3,8,1, ss: 200
3,1,8, ss: 200



=== rcno: 8, nData: 300, year: 6, train_course: 0 ===
5,6,4,1,0,3


bet: 500
6,7,5, ss: 500
6,5,7, ss: 500
7,6,5, ss: 500
7,5,6, ss: 500
5,6,4,1,0,3


bet: 200
5,2,1, ss: 200
5,2,4, ss: 200
5,1,2, ss: 200
5,1,4, ss: 200
5,4,2, ss: 200
5,4,1, ss: 200
2,1,4, ss: 200
2,4,1, ss: 200
1,2,4, ss: 200
1,4,2, ss: 200



=== rcno: 9, nData: 300, year: 6, train_course: 0 ===
4,10,11,5,8,0


bet: 500
5,11,12, ss: 500
5,12,11, ss: 500
11,5,12, ss: 500
11,12,5, ss: 500
4,10,11,5,8,0


bet: 200
12,6,9, ss: 200
12,6,1, ss: 200
12,9,6, ss: 200
12,9,1, ss: 200
12,1,6, ss: 200
12,1,9, ss: 200
6,9,1, ss: 200
6,1,9, ss: 200
9,6,1, ss: 200
9,1,6, ss: 200



=== rcno: 10, nData: 300, year: 6, train_course: 0 ===
5,1,3,6,4,0


bet: 500
6,2,4, ss: 500
6,4,2, ss: 500
2,6,4, ss: 500
2,4,6, ss: 500
5,1,3,6,4,0


bet: 200
4,7,5, ss: 200
4,7,1, ss: 200
4,5,7, ss: 200
4,5,1, ss: 200
4,1,7, ss: 200
4,1,5, ss: 200
7,5,1, ss: 200
7,1,5, ss: 200
5,7,1, ss: 200
5,1,7, ss: 200



=== rcno: 11, nData: 300, year: 6, train_course: 0 ===
5,6,7,0,2,3


bet: 500
6,7,8, ss: 500
6,8,7, ss: 500
7,6,8, ss: 500
7,8,6, ss: 500
5,6,7,0,2,3


bet: 200
8,1,3, ss: 200
8,1,4, ss: 200
8,3,1, ss: 200
8,3,4, ss: 200
8,4,1, ss: 200
8,4,3, ss: 200
1,3,4, ss: 200
1,4,3, ss: 200
3,1,4, ss: 200
3,4,1, ss: 200



=== rcno: 1, nData: 300, year: 6, train_course: 0 ===
1,3,6,0,4,7


bet: 500
2,4,7, ss: 500
2,7,4, ss: 500
4,2,7, ss: 500
4,7,2, ss: 500
1,3,6,0,4,7


bet: 200
7,1,5, ss: 200
7,1,8, ss: 200
7,5,1, ss: 200
7,5,8, ss: 200
7,8,1, ss: 200
7,8,5, ss: 200
1,5,8, ss: 200
1,8,5, ss: 200
5,1,8, ss: 200
5,8,1, ss: 200



=== rcno: 2, nData: 300, year: 6, train_course: 0 ===
6,0,4,3,7,8


bet: 500
7,1,5, ss: 500
7,5,1, ss: 500
1,7,5, ss: 500
1,5,7, ss: 500
6,0,4,3,7,8


bet: 200
5,4,8, ss: 200
5,4,9, ss: 200
5,8,4, ss: 200
5,8,9, ss: 200
5,9,4, ss: 200
5,9,8, ss: 200
4,8,9, ss: 200
4,9,8, ss: 200
8,4,9, ss: 200
8,9,4, ss: 200



=== rcno: 3, nData: 300, year: 6, train_course: 0 ===
1,4,5,6,0,8


bet: 500
2,5,6, ss: 500
2,6,5, ss: 500
5,2,6, ss: 500
5,6,2, ss: 500
1,4,5,6,0,8


bet: 200
6,7,1, ss: 200
6,7,9, ss: 200
6,1,7, ss: 200
6,1,9, ss: 200
6,9,7, ss: 200
6,9,1, ss: 200
7,1,9, ss: 200
7,9,1, ss: 200
1,7,9, ss: 200
1,9,7, ss: 200



=== rcno: 4, nData: 300, year: 6, train_course: 0 ===
5,2,4,6,0,1


bet: 500
6,3,5, ss: 500
6,5,3, ss: 500
3,6,5, ss: 500
3,5,6, ss: 500
5,2,4,6,0,1


bet: 200
5,7,1, ss: 200
5,7,2, ss: 200
5,1,7, ss: 200
5,1,2, ss: 200
5,2,7, ss: 200
5,2,1, ss: 200
7,1,2, ss: 200
7,2,1, ss: 200
1,7,2, ss: 200
1,2,7, ss: 200



=== rcno: 5, nData: 300, year: 6, train_course: 0 ===
8,5,0,1,3,6


bet: 500
9,6,1, ss: 500
9,1,6, ss: 500
6,9,1, ss: 500
6,1,9, ss: 500
8,5,0,1,3,6


bet: 200
1,2,4, ss: 200
1,2,7, ss: 200
1,4,2, ss: 200
1,4,7, ss: 200
1,7,2, ss: 200
1,7,4, ss: 200
2,4,7, ss: 200
2,7,4, ss: 200
4,2,7, ss: 200
4,7,2, ss: 200



=== rcno: 6, nData: 300, year: 6, train_course: 0 ===
11,9,0,5,1,10


bet: 500
12,10,1, ss: 500
12,1,10, ss: 500
10,12,1, ss: 500
10,1,12, ss: 500
11,9,0,5,1,10


bet: 200
1,6,2, ss: 200
1,6,11, ss: 200
1,2,6, ss: 200
1,2,11, ss: 200
1,11,6, ss: 200
1,11,2, ss: 200
6,2,11, ss: 200
6,11,2, ss: 200
2,6,11, ss: 200
2,11,6, ss: 200



=== rcno: 7, nData: 300, year: 6, train_course: 0 ===
8,7,0,5,6,4


bet: 500
9,8,1, ss: 500
9,1,8, ss: 500
8,9,1, ss: 500
8,1,9, ss: 500
8,7,0,5,6,4


bet: 200
1,6,7, ss: 200
1,6,5, ss: 200
1,7,6, ss: 200
1,7,5, ss: 200
1,5,6, ss: 200
1,5,7, ss: 200
6,7,5, ss: 200
6,5,7, ss: 200
7,6,5, ss: 200
7,5,6, ss: 200



=== rcno: 8, nData: 300, year: 6, train_course: 0 ===
5,6,0,1,3,4


bet: 500
6,7,1, ss: 500
6,1,7, ss: 500
7,6,1, ss: 500
7,1,6, ss: 500
5,6,0,1,3,4


bet: 200
1,2,4, ss: 200
1,2,5, ss: 200
1,4,2, ss: 200
1,4,5, ss: 200
1,5,2, ss: 200
1,5,4, ss: 200
2,4,5, ss: 200
2,5,4, ss: 200
4,2,5, ss: 200
4,5,2, ss: 200



=== rcno: 9, nData: 300, year: 6, train_course: 0 ===
10,6,14,2,9,12


bet: 500
11,7,15, ss: 500
11,15,7, ss: 500
7,11,15, ss: 500
7,15,11, ss: 500
10,6,14,2,9,12


bet: 200
15,3,10, ss: 200
15,3,13, ss: 200
15,10,3, ss: 200
15,10,13, ss: 200
15,13,3, ss: 200
15,13,10, ss: 200
3,10,13, ss: 200
3,13,10, ss: 200
10,3,13, ss: 200
10,13,3, ss: 200



=== rcno: 10, nData: 300, year: 6, train_course: 0 ===
5,1,6,0,4,3


bet: 500
6,2,7, ss: 500
6,7,2, ss: 500
2,6,7, ss: 500
2,7,6, ss: 500
5,1,6,0,4,3


bet: 200
7,1,5, ss: 200
7,1,4, ss: 200
7,5,1, ss: 200
7,5,4, ss: 200
7,4,1, ss: 200
7,4,5, ss: 200
1,5,4, ss: 200
1,4,5, ss: 200
5,1,4, ss: 200
5,4,1, ss: 200



=== rcno: 11, nData: 300, year: 6, train_course: 0 ===
5,6,7,2,1,0


bet: 500
6,7,8, ss: 500
6,8,7, ss: 500
7,6,8, ss: 500
7,8,6, ss: 500
5,6,7,2,1,0


bet: 200
8,3,2, ss: 200
8,3,1, ss: 200
8,2,3, ss: 200
8,2,1, ss: 200
8,1,3, ss: 200
8,1,2, ss: 200
3,2,1, ss: 200
3,1,2, ss: 200
2,3,1, ss: 200
2,1,3, ss: 200



=== rcno: 1, nData: 300, year: 6, train_course: 0 ===
1,3,6,4,0,5


bet: 500
2,4,7, ss: 500
2,7,4, ss: 500
4,2,7, ss: 500
4,7,2, ss: 500
1,3,6,4,0,5


bet: 200
7,5,1, ss: 200
7,5,6, ss: 200
7,1,5, ss: 200
7,1,6, ss: 200
7,6,5, ss: 200
7,6,1, ss: 200
5,1,6, ss: 200
5,6,1, ss: 200
1,5,6, ss: 200
1,6,5, ss: 200



=== rcno: 2, nData: 300, year: 6, train_course: 0 ===
3,6,0,4,1,2


bet: 500
4,7,1, ss: 500
4,1,7, ss: 500
7,4,1, ss: 500
7,1,4, ss: 500
3,6,0,4,1,2


bet: 200
1,5,2, ss: 200
1,5,3, ss: 200
1,2,5, ss: 200
1,2,3, ss: 200
1,3,5, ss: 200
1,3,2, ss: 200
5,2,3, ss: 200
5,3,2, ss: 200
2,5,3, ss: 200
2,3,5, ss: 200



=== rcno: 3, nData: 300, year: 6, train_course: 0 ===
4,7,1,5,0,6


bet: 500
5,8,2, ss: 500
5,2,8, ss: 500
8,5,2, ss: 500
8,2,5, ss: 500
4,7,1,5,0,6


bet: 200
2,6,1, ss: 200
2,6,7, ss: 200
2,1,6, ss: 200
2,1,7, ss: 200
2,7,6, ss: 200
2,7,1, ss: 200
6,1,7, ss: 200
6,7,1, ss: 200
1,6,7, ss: 200
1,7,6, ss: 200



=== rcno: 4, nData: 300, year: 6, train_course: 0 ===
2,5,6,4,7,3


bet: 500
3,6,7, ss: 500
3,7,6, ss: 500
6,3,7, ss: 500
6,7,3, ss: 500
2,5,6,4,7,3


bet: 200
7,5,8, ss: 200
7,5,4, ss: 200
7,8,5, ss: 200
7,8,4, ss: 200
7,4,5, ss: 200
7,4,8, ss: 200
5,8,4, ss: 200
5,4,8, ss: 200
8,5,4, ss: 200
8,4,5, ss: 200



=== rcno: 5, nData: 300, year: 6, train_course: 0 ===
0,1,5,3,8,4


bet: 500
1,2,6, ss: 500
1,6,2, ss: 500
2,1,6, ss: 500
2,6,1, ss: 500
0,1,5,3,8,4


bet: 200
6,4,9, ss: 200
6,4,5, ss: 200
6,9,4, ss: 200
6,9,5, ss: 200
6,5,4, ss: 200
6,5,9, ss: 200
4,9,5, ss: 200
4,5,9, ss: 200
9,4,5, ss: 200
9,5,4, ss: 200



=== rcno: 6, nData: 300, year: 6, train_course: 0 ===
0,11,7,6,1,5


bet: 500
1,12,8, ss: 500
1,8,12, ss: 500
12,1,8, ss: 500
12,8,1, ss: 500
0,11,7,6,1,5


bet: 200
8,7,2, ss: 200
8,7,6, ss: 200
8,2,7, ss: 200
8,2,6, ss: 200
8,6,7, ss: 200
8,6,2, ss: 200
7,2,6, ss: 200
7,6,2, ss: 200
2,7,6, ss: 200
2,6,7, ss: 200



=== rcno: 7, nData: 300, year: 6, train_course: 0 ===
8,7,6,1,5,0


bet: 500
9,8,7, ss: 500
9,7,8, ss: 500
8,9,7, ss: 500
8,7,9, ss: 500
8,7,6,1,5,0


bet: 200
7,2,6, ss: 200
7,2,1, ss: 200
7,6,2, ss: 200
7,6,1, ss: 200
7,1,2, ss: 200
7,1,6, ss: 200
2,6,1, ss: 200
2,1,6, ss: 200
6,2,1, ss: 200
6,1,2, ss: 200



=== rcno: 8, nData: 300, year: 6, train_course: 0 ===
5,6,0,1,2,3


bet: 500
6,7,1, ss: 500
6,1,7, ss: 500
7,6,1, ss: 500
7,1,6, ss: 500
5,6,0,1,2,3


bet: 200
1,2,3, ss: 200
1,2,4, ss: 200
1,3,2, ss: 200
1,3,4, ss: 200
1,4,2, ss: 200
1,4,3, ss: 200
2,3,4, ss: 200
2,4,3, ss: 200
3,2,4, ss: 200
3,4,2, ss: 200



=== rcno: 9, nData: 300, year: 6, train_course: 0 ===
10,4,5,1,11,0


bet: 500
11,5,6, ss: 500
11,6,5, ss: 500
5,11,6, ss: 500
5,6,11, ss: 500
10,4,5,1,11,0


bet: 200
6,2,12, ss: 200
6,2,1, ss: 200
6,12,2, ss: 200
6,12,1, ss: 200
6,1,2, ss: 200
6,1,12, ss: 200
2,12,1, ss: 200
2,1,12, ss: 200
12,2,1, ss: 200
12,1,2, ss: 200



=== rcno: 10, nData: 300, year: 6, train_course: 0 ===
5,1,0,6,2,7


bet: 500
6,2,1, ss: 500
6,1,2, ss: 500
2,6,1, ss: 500
2,1,6, ss: 500
5,1,0,6,2,7


bet: 200
1,7,3, ss: 200
1,7,8, ss: 200
1,3,7, ss: 200
1,3,8, ss: 200
1,8,7, ss: 200
1,8,3, ss: 200
7,3,8, ss: 200
7,8,3, ss: 200
3,7,8, ss: 200
3,8,7, ss: 200



=== rcno: 11, nData: 300, year: 6, train_course: 0 ===
7,6,5,1,3,0


bet: 500
8,7,6, ss: 500
8,6,7, ss: 500
7,8,6, ss: 500
7,6,8, ss: 500
7,6,5,1,3,0


bet: 200
6,2,4, ss: 200
6,2,1, ss: 200
6,4,2, ss: 200
6,4,1, ss: 200
6,1,2, ss: 200
6,1,4, ss: 200
2,4,1, ss: 200
2,1,4, ss: 200
4,2,1, ss: 200
4,1,2, ss: 200



=== rcno: 1, nData: 300, year: 6, train_course: 0 ===
1,3,4,5,6,0


bet: 500
2,4,5, ss: 500
2,5,4, ss: 500
4,2,5, ss: 500
4,5,2, ss: 500
1,3,4,5,6,0


bet: 200
5,6,7, ss: 200
5,6,1, ss: 200
5,7,6, ss: 200
5,7,1, ss: 200
5,1,6, ss: 200
5,1,7, ss: 200
6,7,1, ss: 200
6,1,7, ss: 200
7,6,1, ss: 200
7,1,6, ss: 200



=== rcno: 2, nData: 300, year: 6, train_course: 0 ===
4,6,3,0,7,8


bet: 500
5,7,4, ss: 500
5,4,7, ss: 500
7,5,4, ss: 500
7,4,5, ss: 500
4,6,3,0,7,8


bet: 200
4,1,8, ss: 200
4,1,9, ss: 200
4,8,1, ss: 200
4,8,9, ss: 200
4,9,1, ss: 200
4,9,8, ss: 200
1,8,9, ss: 200
1,9,8, ss: 200
8,1,9, ss: 200
8,9,1, ss: 200



=== rcno: 3, nData: 300, year: 6, train_course: 0 ===
1,4,7,2,0,6


bet: 500
2,5,8, ss: 500
2,8,5, ss: 500
5,2,8, ss: 500
5,8,2, ss: 500
1,4,7,2,0,6


bet: 200
8,3,1, ss: 200
8,3,7, ss: 200
8,1,3, ss: 200
8,1,7, ss: 200
8,7,3, ss: 200
8,7,1, ss: 200
3,1,7, ss: 200
3,7,1, ss: 200
1,3,7, ss: 200
1,7,3, ss: 200



=== rcno: 4, nData: 300, year: 6, train_course: 0 ===
5,2,4,6,0,7


bet: 500
6,3,5, ss: 500
6,5,3, ss: 500
3,6,5, ss: 500
3,5,6, ss: 500
5,2,4,6,0,7


bet: 200
5,7,1, ss: 200
5,7,8, ss: 200
5,1,7, ss: 200
5,1,8, ss: 200
5,8,7, ss: 200
5,8,1, ss: 200
7,1,8, ss: 200
7,8,1, ss: 200
1,7,8, ss: 200
1,8,7, ss: 200



=== rcno: 5, nData: 300, year: 6, train_course: 0 ===
8,4,5,6,7,0


bet: 500
9,5,6, ss: 500
9,6,5, ss: 500
5,9,6, ss: 500
5,6,9, ss: 500
8,4,5,6,7,0


bet: 200
6,7,8, ss: 200
6,7,1, ss: 200
6,8,7, ss: 200
6,8,1, ss: 200
6,1,7, ss: 200
6,1,8, ss: 200
7,8,1, ss: 200
7,1,8, ss: 200
8,7,1, ss: 200
8,1,7, ss: 200



=== rcno: 6, nData: 300, year: 6, train_course: 0 ===
11,0,2,5,8,3


bet: 500
12,1,3, ss: 500
12,3,1, ss: 500
1,12,3, ss: 500
1,3,12, ss: 500
11,0,2,5,8,3


bet: 200
3,6,9, ss: 200
3,6,4, ss: 200
3,9,6, ss: 200
3,9,4, ss: 200
3,4,6, ss: 200
3,4,9, ss: 200
6,9,4, ss: 200
6,4,9, ss: 200
9,6,4, ss: 200
9,4,6, ss: 200



=== rcno: 7, nData: 300, year: 6, train_course: 0 ===
8,6,7,5,2,4


bet: 500
9,7,8, ss: 500
9,8,7, ss: 500
7,9,8, ss: 500
7,8,9, ss: 500
8,6,7,5,2,4


bet: 200
8,6,3, ss: 200
8,6,5, ss: 200
8,3,6, ss: 200
8,3,5, ss: 200
8,5,6, ss: 200
8,5,3, ss: 200
6,3,5, ss: 200
6,5,3, ss: 200
3,6,5, ss: 200
3,5,6, ss: 200



=== rcno: 8, nData: 300, year: 6, train_course: 0 ===
6,5,0,4,1,3


bet: 500
7,6,1, ss: 500
7,1,6, ss: 500
6,7,1, ss: 500
6,1,7, ss: 500
6,5,0,4,1,3


bet: 200
1,5,2, ss: 200
1,5,4, ss: 200
1,2,5, ss: 200
1,2,4, ss: 200
1,4,5, ss: 200
1,4,2, ss: 200
5,2,4, ss: 200
5,4,2, ss: 200
2,5,4, ss: 200
2,4,5, ss: 200



=== rcno: 9, nData: 300, year: 6, train_course: 0 ===
4,1,8,3,5,11


bet: 500
5,2,9, ss: 500
5,9,2, ss: 500
2,5,9, ss: 500
2,9,5, ss: 500
4,1,8,3,5,11


bet: 200
9,4,6, ss: 200
9,4,12, ss: 200
9,6,4, ss: 200
9,6,12, ss: 200
9,12,4, ss: 200
9,12,6, ss: 200
4,6,12, ss: 200
4,12,6, ss: 200
6,4,12, ss: 200
6,12,4, ss: 200



=== rcno: 10, nData: 300, year: 6, train_course: 0 ===
6,1,5,3,0,2


bet: 500
7,2,6, ss: 500
7,6,2, ss: 500
2,7,6, ss: 500
2,6,7, ss: 500
6,1,5,3,0,2


bet: 200
6,4,1, ss: 200
6,4,3, ss: 200
6,1,4, ss: 200
6,1,3, ss: 200
6,3,4, ss: 200
6,3,1, ss: 200
4,1,3, ss: 200
4,3,1, ss: 200
1,4,3, ss: 200
1,3,4, ss: 200



=== rcno: 11, nData: 300, year: 6, train_course: 0 ===
6,5,7,0,3,2


bet: 500
7,6,8, ss: 500
7,8,6, ss: 500
6,7,8, ss: 500
6,8,7, ss: 500
6,5,7,0,3,2


bet: 200
8,1,4, ss: 200
8,1,3, ss: 200
8,4,1, ss: 200
8,4,3, ss: 200
8,3,1, ss: 200
8,3,4, ss: 200
1,4,3, ss: 200
1,3,4, ss: 200
4,1,3, ss: 200
4,3,1, ss: 200



=== rcno: 1, nData: 300, year: 6, train_course: 0 ===
1,4,5,3,6,7


bet: 500
2,5,6, ss: 500
2,6,5, ss: 500
5,2,6, ss: 500
5,6,2, ss: 500
1,4,5,3,6,7


bet: 200
6,4,7, ss: 200
6,4,8, ss: 200
6,7,4, ss: 200
6,7,8, ss: 200
6,8,4, ss: 200
6,8,7, ss: 200
4,7,8, ss: 200
4,8,7, ss: 200
7,4,8, ss: 200
7,8,4, ss: 200



=== rcno: 2, nData: 300, year: 6, train_course: 0 ===
0,3,6,4,5,2


bet: 500
1,4,7, ss: 500
1,7,4, ss: 500
4,1,7, ss: 500
4,7,1, ss: 500
0,3,6,4,5,2


bet: 200
7,5,6, ss: 200
7,5,3, ss: 200
7,6,5, ss: 200
7,6,3, ss: 200
7,3,5, ss: 200
7,3,6, ss: 200
5,6,3, ss: 200
5,3,6, ss: 200
6,5,3, ss: 200
6,3,5, ss: 200



=== rcno: 3, nData: 300, year: 6, train_course: 0 ===
2,6,7,8,1,4


bet: 500
3,7,8, ss: 500
3,8,7, ss: 500
7,3,8, ss: 500
7,8,3, ss: 500
2,6,7,8,1,4


bet: 200
8,9,2, ss: 200
8,9,5, ss: 200
8,2,9, ss: 200
8,2,5, ss: 200
8,5,9, ss: 200
8,5,2, ss: 200
9,2,5, ss: 200
9,5,2, ss: 200
2,9,5, ss: 200
2,5,9, ss: 200



=== rcno: 4, nData: 300, year: 6, train_course: 0 ===
5,2,7,4,0,6


bet: 500
6,3,8, ss: 500
6,8,3, ss: 500
3,6,8, ss: 500
3,8,6, ss: 500
5,2,7,4,0,6


bet: 200
8,5,1, ss: 200
8,5,7, ss: 200
8,1,5, ss: 200
8,1,7, ss: 200
8,7,5, ss: 200
8,7,1, ss: 200
5,1,7, ss: 200
5,7,1, ss: 200
1,5,7, ss: 200
1,7,5, ss: 200



=== rcno: 5, nData: 300, year: 6, train_course: 0 ===
0,1,4,8,7,3


bet: 500
1,2,5, ss: 500
1,5,2, ss: 500
2,1,5, ss: 500
2,5,1, ss: 500
0,1,4,8,7,3


bet: 200
5,9,8, ss: 200
5,9,4, ss: 200
5,8,9, ss: 200
5,8,4, ss: 200
5,4,9, ss: 200
5,4,8, ss: 200
9,8,4, ss: 200
9,4,8, ss: 200
8,9,4, ss: 200
8,4,9, ss: 200



=== rcno: 6, nData: 300, year: 6, train_course: 0 ===
0,11,3,1,4,5


bet: 500
1,12,4, ss: 500
1,4,12, ss: 500
12,1,4, ss: 500
12,4,1, ss: 500
0,11,3,1,4,5


bet: 200
4,2,5, ss: 200
4,2,6, ss: 200
4,5,2, ss: 200
4,5,6, ss: 200
4,6,2, ss: 200
4,6,5, ss: 200
2,5,6, ss: 200
2,6,5, ss: 200
5,2,6, ss: 200
5,6,2, ss: 200



=== rcno: 7, nData: 300, year: 6, train_course: 0 ===
8,7,6,9,5,2


bet: 500
9,8,7, ss: 500
9,7,8, ss: 500
8,9,7, ss: 500
8,7,9, ss: 500
8,7,6,9,5,2


bet: 200
7,10,6, ss: 200
7,10,3, ss: 200
7,6,10, ss: 200
7,6,3, ss: 200
7,3,10, ss: 200
7,3,6, ss: 200
10,6,3, ss: 200
10,3,6, ss: 200
6,10,3, ss: 200
6,3,10, ss: 200



=== rcno: 8, nData: 300, year: 6, train_course: 0 ===
6,5,0,1,2,4


bet: 500
7,6,1, ss: 500
7,1,6, ss: 500
6,7,1, ss: 500
6,1,7, ss: 500
6,5,0,1,2,4


bet: 200
1,2,3, ss: 200
1,2,5, ss: 200
1,3,2, ss: 200
1,3,5, ss: 200
1,5,2, ss: 200
1,5,3, ss: 200
2,3,5, ss: 200
2,5,3, ss: 200
3,2,5, ss: 200
3,5,2, ss: 200



=== rcno: 9, nData: 300, year: 6, train_course: 0 ===
10,4,1,0,5,3


bet: 500
11,5,2, ss: 500
11,2,5, ss: 500
5,11,2, ss: 500
5,2,11, ss: 500
10,4,1,0,5,3


bet: 200
2,1,6, ss: 200
2,1,4, ss: 200
2,6,1, ss: 200
2,6,4, ss: 200
2,4,1, ss: 200
2,4,6, ss: 200
1,6,4, ss: 200
1,4,6, ss: 200
6,1,4, ss: 200
6,4,1, ss: 200



=== rcno: 10, nData: 300, year: 6, train_course: 0 ===
1,6,5,4,0,3


bet: 500
2,7,6, ss: 500
2,6,7, ss: 500
7,2,6, ss: 500
7,6,2, ss: 500
1,6,5,4,0,3


bet: 200
6,5,1, ss: 200
6,5,4, ss: 200
6,1,5, ss: 200
6,1,4, ss: 200
6,4,5, ss: 200
6,4,1, ss: 200
5,1,4, ss: 200
5,4,1, ss: 200
1,5,4, ss: 200
1,4,5, ss: 200



=== rcno: 11, nData: 300, year: 6, train_course: 0 ===
7,6,5,2,1,0


bet: 500
8,7,6, ss: 500
8,6,7, ss: 500
7,8,6, ss: 500
7,6,8, ss: 500
7,6,5,2,1,0


bet: 200
6,3,2, ss: 200
6,3,1, ss: 200
6,2,3, ss: 200
6,2,1, ss: 200
6,1,3, ss: 200
6,1,2, ss: 200
3,2,1, ss: 200
3,1,2, ss: 200
2,3,1, ss: 200
2,1,3, ss: 200



=== rcno: 1, nData: 300, year: 6, train_course: 0 ===
1,6,3,0,5,4


bet: 500
2,7,4, ss: 500
2,4,7, ss: 500
7,2,4, ss: 500
7,4,2, ss: 500
1,6,3,0,5,4


bet: 200
4,1,6, ss: 200
4,1,5, ss: 200
4,6,1, ss: 200
4,6,5, ss: 200
4,5,1, ss: 200
4,5,6, ss: 200
1,6,5, ss: 200
1,5,6, ss: 200
6,1,5, ss: 200
6,5,1, ss: 200



=== rcno: 2, nData: 300, year: 6, train_course: 0 ===
6,4,0,3,7,5


bet: 500
7,5,1, ss: 500
7,1,5, ss: 500
5,7,1, ss: 500
5,1,7, ss: 500
6,4,0,3,7,5


bet: 200
1,4,8, ss: 200
1,4,6, ss: 200
1,8,4, ss: 200
1,8,6, ss: 200
1,6,4, ss: 200
1,6,8, ss: 200
4,8,6, ss: 200
4,6,8, ss: 200
8,4,6, ss: 200
8,6,4, ss: 200



=== rcno: 3, nData: 300, year: 6, train_course: 0 ===
4,1,7,2,6,5


bet: 500
5,2,8, ss: 500
5,8,2, ss: 500
2,5,8, ss: 500
2,8,5, ss: 500
4,1,7,2,6,5


bet: 200
8,3,7, ss: 200
8,3,6, ss: 200
8,7,3, ss: 200
8,7,6, ss: 200
8,6,3, ss: 200
8,6,7, ss: 200
3,7,6, ss: 200
3,6,7, ss: 200
7,3,6, ss: 200
7,6,3, ss: 200



=== rcno: 4, nData: 300, year: 6, train_course: 0 ===
5,2,4,6,7,0


bet: 500
6,3,5, ss: 500
6,5,3, ss: 500
3,6,5, ss: 500
3,5,6, ss: 500
5,2,4,6,7,0


bet: 200
5,7,8, ss: 200
5,7,1, ss: 200
5,8,7, ss: 200
5,8,1, ss: 200
5,1,7, ss: 200
5,1,8, ss: 200
7,8,1, ss: 200
7,1,8, ss: 200
8,7,1, ss: 200
8,1,7, ss: 200



=== rcno: 5, nData: 300, year: 6, train_course: 0 ===
0,1,7,8,4,5


bet: 500
1,2,8, ss: 500
1,8,2, ss: 500
2,1,8, ss: 500
2,8,1, ss: 500
0,1,7,8,4,5


bet: 200
8,9,5, ss: 200
8,9,6, ss: 200
8,5,9, ss: 200
8,5,6, ss: 200
8,6,9, ss: 200
8,6,5, ss: 200
9,5,6, ss: 200
9,6,5, ss: 200
5,9,6, ss: 200
5,6,9, ss: 200



=== rcno: 6, nData: 300, year: 6, train_course: 0 ===
11,0,1,5,9,7


bet: 500
12,1,2, ss: 500
12,2,1, ss: 500
1,12,2, ss: 500
1,2,12, ss: 500
11,0,1,5,9,7


bet: 200
2,6,10, ss: 200
2,6,8, ss: 200
2,10,6, ss: 200
2,10,8, ss: 200
2,8,6, ss: 200
2,8,10, ss: 200
6,10,8, ss: 200
6,8,10, ss: 200
10,6,8, ss: 200
10,8,6, ss: 200



=== rcno: 7, nData: 300, year: 6, train_course: 0 ===
8,7,6,5,1,0


bet: 500
9,8,7, ss: 500
9,7,8, ss: 500
8,9,7, ss: 500
8,7,9, ss: 500
8,7,6,5,1,0


bet: 200
7,6,2, ss: 200
7,6,1, ss: 200
7,2,6, ss: 200
7,2,1, ss: 200
7,1,6, ss: 200
7,1,2, ss: 200
6,2,1, ss: 200
6,1,2, ss: 200
2,6,1, ss: 200
2,1,6, ss: 200



=== rcno: 8, nData: 300, year: 6, train_course: 0 ===
5,6,0,4,3,2


bet: 500
6,7,1, ss: 500
6,1,7, ss: 500
7,6,1, ss: 500
7,1,6, ss: 500
5,6,0,4,3,2


bet: 200
1,5,4, ss: 200
1,5,3, ss: 200
1,4,5, ss: 200
1,4,3, ss: 200
1,3,5, ss: 200
1,3,4, ss: 200
5,4,3, ss: 200
5,3,4, ss: 200
4,5,3, ss: 200
4,3,5, ss: 200



=== rcno: 9, nData: 300, year: 6, train_course: 0 ===
10,4,1,5,11,0


bet: 500
11,5,2, ss: 500
11,2,5, ss: 500
5,11,2, ss: 500
5,2,11, ss: 500
10,4,1,5,11,0


bet: 200
2,6,12, ss: 200
2,6,1, ss: 200
2,12,6, ss: 200
2,12,1, ss: 200
2,1,6, ss: 200
2,1,12, ss: 200
6,12,1, ss: 200
6,1,12, ss: 200
12,6,1, ss: 200
12,1,6, ss: 200



=== rcno: 10, nData: 300, year: 6, train_course: 0 ===
5,2,1,6,0,7


bet: 500
6,3,2, ss: 500
6,2,3, ss: 500
3,6,2, ss: 500
3,2,6, ss: 500
5,2,1,6,0,7


bet: 200
2,7,1, ss: 200
2,7,8, ss: 200
2,1,7, ss: 200
2,1,8, ss: 200
2,8,7, ss: 200
2,8,1, ss: 200
7,1,8, ss: 200
7,8,1, ss: 200
1,7,8, ss: 200
1,8,7, ss: 200



=== rcno: 11, nData: 300, year: 6, train_course: 0 ===
7,6,5,1,2,0


bet: 500
8,7,6, ss: 500
8,6,7, ss: 500
7,8,6, ss: 500
7,6,8, ss: 500
7,6,5,1,2,0


bet: 200
6,2,3, ss: 200
6,2,1, ss: 200
6,3,2, ss: 200
6,3,1, ss: 200
6,1,2, ss: 200
6,1,3, ss: 200
2,3,1, ss: 200
2,1,3, ss: 200
3,2,1, ss: 200
3,1,2, ss: 200



=== rcno: 1, nData: 300, year: 6, train_course: 0 ===
1,3,4,6,5,7


bet: 500
2,4,5, ss: 500
2,5,4, ss: 500
4,2,5, ss: 500
4,5,2, ss: 500
1,3,4,6,5,7


bet: 200
5,7,6, ss: 200
5,7,8, ss: 200
5,6,7, ss: 200
5,6,8, ss: 200
5,8,7, ss: 200
5,8,6, ss: 200
7,6,8, ss: 200
7,8,6, ss: 200
6,7,8, ss: 200
6,8,7, ss: 200



=== rcno: 2, nData: 300, year: 6, train_course: 0 ===
6,4,7,0,3,8


bet: 500
7,5,8, ss: 500
7,8,5, ss: 500
5,7,8, ss: 500
5,8,7, ss: 500
6,4,7,0,3,8


bet: 200
8,1,4, ss: 200
8,1,9, ss: 200
8,4,1, ss: 200
8,4,9, ss: 200
8,9,1, ss: 200
8,9,4, ss: 200
1,4,9, ss: 200
1,9,4, ss: 200
4,1,9, ss: 200
4,9,1, ss: 200



=== rcno: 3, nData: 300, year: 6, train_course: 0 ===
1,4,6,2,7,5


bet: 500
2,5,7, ss: 500
2,7,5, ss: 500
5,2,7, ss: 500
5,7,2, ss: 500
1,4,6,2,7,5


bet: 200
7,3,8, ss: 200
7,3,6, ss: 200
7,8,3, ss: 200
7,8,6, ss: 200
7,6,3, ss: 200
7,6,8, ss: 200
3,8,6, ss: 200
3,6,8, ss: 200
8,3,6, ss: 200
8,6,3, ss: 200



=== rcno: 4, nData: 300, year: 6, train_course: 0 ===
5,6,2,4,0,1


bet: 500
6,7,3, ss: 500
6,3,7, ss: 500
7,6,3, ss: 500
7,3,6, ss: 500
5,6,2,4,0,1


bet: 200
3,5,1, ss: 200
3,5,2, ss: 200
3,1,5, ss: 200
3,1,2, ss: 200
3,2,5, ss: 200
3,2,1, ss: 200
5,1,2, ss: 200
5,2,1, ss: 200
1,5,2, ss: 200
1,2,5, ss: 200



=== rcno: 5, nData: 300, year: 6, train_course: 0 ===
0,8,4,6,5,1


bet: 500
1,9,5, ss: 500
1,5,9, ss: 500
9,1,5, ss: 500
9,5,1, ss: 500
0,8,4,6,5,1


bet: 200
5,7,6, ss: 200
5,7,2, ss: 200
5,6,7, ss: 200
5,6,2, ss: 200
5,2,7, ss: 200
5,2,6, ss: 200
7,6,2, ss: 200
7,2,6, ss: 200
6,7,2, ss: 200
6,2,7, ss: 200



=== rcno: 6, nData: 300, year: 6, train_course: 0 ===
11,1,0,9,5,3


bet: 500
12,2,1, ss: 500
12,1,2, ss: 500
2,12,1, ss: 500
2,1,12, ss: 500
11,1,0,9,5,3


bet: 200
1,10,6, ss: 200
1,10,4, ss: 200
1,6,10, ss: 200
1,6,4, ss: 200
1,4,10, ss: 200
1,4,6, ss: 200
10,6,4, ss: 200
10,4,6, ss: 200
6,10,4, ss: 200
6,4,10, ss: 200



=== rcno: 7, nData: 300, year: 6, train_course: 0 ===
8,7,5,1,2,0


bet: 500
9,8,6, ss: 500
9,6,8, ss: 500
8,9,6, ss: 500
8,6,9, ss: 500
8,7,5,1,2,0


bet: 200
6,2,3, ss: 200
6,2,1, ss: 200
6,3,2, ss: 200
6,3,1, ss: 200
6,1,2, ss: 200
6,1,3, ss: 200
2,3,1, ss: 200
2,1,3, ss: 200
3,2,1, ss: 200
3,1,2, ss: 200



=== rcno: 8, nData: 300, year: 6, train_course: 0 ===
6,0,5,4,1,2


bet: 500
7,1,6, ss: 500
7,6,1, ss: 500
1,7,6, ss: 500
1,6,7, ss: 500
6,0,5,4,1,2


bet: 200
6,5,2, ss: 200
6,5,3, ss: 200
6,2,5, ss: 200
6,2,3, ss: 200
6,3,5, ss: 200
6,3,2, ss: 200
5,2,3, ss: 200
5,3,2, ss: 200
2,5,3, ss: 200
2,3,5, ss: 200



=== rcno: 9, nData: 300, year: 6, train_course: 0 ===
6,14,2,13,7,9


bet: 500
7,15,3, ss: 500
7,3,15, ss: 500
15,7,3, ss: 500
15,3,7, ss: 500
6,14,2,13,7,9


bet: 200
3,14,8, ss: 200
3,14,10, ss: 200
3,8,14, ss: 200
3,8,10, ss: 200
3,10,14, ss: 200
3,10,8, ss: 200
14,8,10, ss: 200
14,10,8, ss: 200
8,14,10, ss: 200
8,10,14, ss: 200



=== rcno: 10, nData: 300, year: 6, train_course: 0 ===
5,1,4,6,0,3


bet: 500
6,2,5, ss: 500
6,5,2, ss: 500
2,6,5, ss: 500
2,5,6, ss: 500
5,1,4,6,0,3


bet: 200
5,7,1, ss: 200
5,7,4, ss: 200
5,1,7, ss: 200
5,1,4, ss: 200
5,4,7, ss: 200
5,4,1, ss: 200
7,1,4, ss: 200
7,4,1, ss: 200
1,7,4, ss: 200
1,4,7, ss: 200



=== rcno: 11, nData: 300, year: 6, train_course: 0 ===
6,2,5,0,7,3


bet: 500
7,3,6, ss: 500
7,6,3, ss: 500
3,7,6, ss: 500
3,6,7, ss: 500
6,2,5,0,7,3


bet: 200
6,1,8, ss: 200
6,1,4, ss: 200
6,8,1, ss: 200
6,8,4, ss: 200
6,4,1, ss: 200
6,4,8, ss: 200
1,8,4, ss: 200
1,4,8, ss: 200
8,1,4, ss: 200
8,4,1, ss: 200



=== rcno: 1, nData: 300, year: 6, train_course: 0 ===
1,3,0,6,4,5


bet: 500
2,4,1, ss: 500
2,1,4, ss: 500
4,2,1, ss: 500
4,1,2, ss: 500
1,3,0,6,4,5


bet: 200
1,7,5, ss: 200
1,7,6, ss: 200
1,5,7, ss: 200
1,5,6, ss: 200
1,6,7, ss: 200
1,6,5, ss: 200
7,5,6, ss: 200
7,6,5, ss: 200
5,7,6, ss: 200
5,6,7, ss: 200



=== rcno: 2, nData: 300, year: 6, train_course: 0 ===
3,4,6,8,0,2


bet: 500
4,5,7, ss: 500
4,7,5, ss: 500
5,4,7, ss: 500
5,7,4, ss: 500
3,4,6,8,0,2


bet: 200
7,9,1, ss: 200
7,9,3, ss: 200
7,1,9, ss: 200
7,1,3, ss: 200
7,3,9, ss: 200
7,3,1, ss: 200
9,1,3, ss: 200
9,3,1, ss: 200
1,9,3, ss: 200
1,3,9, ss: 200



=== rcno: 3, nData: 300, year: 6, train_course: 0 ===
2,4,1,7,0,8


bet: 500
3,5,2, ss: 500
3,2,5, ss: 500
5,3,2, ss: 500
5,2,3, ss: 500
2,4,1,7,0,8


bet: 200
2,8,1, ss: 200
2,8,9, ss: 200
2,1,8, ss: 200
2,1,9, ss: 200
2,9,8, ss: 200
2,9,1, ss: 200
8,1,9, ss: 200
8,9,1, ss: 200
1,8,9, ss: 200
1,9,8, ss: 200



=== rcno: 4, nData: 300, year: 6, train_course: 0 ===
5,6,2,4,7,1


bet: 500
6,7,3, ss: 500
6,3,7, ss: 500
7,6,3, ss: 500
7,3,6, ss: 500
5,6,2,4,7,1


bet: 200
3,5,8, ss: 200
3,5,2, ss: 200
3,8,5, ss: 200
3,8,2, ss: 200
3,2,5, ss: 200
3,2,8, ss: 200
5,8,2, ss: 200
5,2,8, ss: 200
8,5,2, ss: 200
8,2,5, ss: 200



=== rcno: 5, nData: 300, year: 6, train_course: 0 ===
0,8,4,5,7,6


bet: 500
1,9,5, ss: 500
1,5,9, ss: 500
9,1,5, ss: 500
9,5,1, ss: 500
0,8,4,5,7,6


bet: 200
5,6,8, ss: 200
5,6,7, ss: 200
5,8,6, ss: 200
5,8,7, ss: 200
5,7,6, ss: 200
5,7,8, ss: 200
6,8,7, ss: 200
6,7,8, ss: 200
8,6,7, ss: 200
8,7,6, ss: 200



=== rcno: 6, nData: 300, year: 6, train_course: 0 ===
7,11,5,3,6,2


bet: 500
8,12,6, ss: 500
8,6,12, ss: 500
12,8,6, ss: 500
12,6,8, ss: 500
7,11,5,3,6,2


bet: 200
6,4,7, ss: 200
6,4,3, ss: 200
6,7,4, ss: 200
6,7,3, ss: 200
6,3,4, ss: 200
6,3,7, ss: 200
4,7,3, ss: 200
4,3,7, ss: 200
7,4,3, ss: 200
7,3,4, ss: 200



=== rcno: 7, nData: 300, year: 6, train_course: 0 ===
8,7,6,5,4,2


bet: 500
9,8,7, ss: 500
9,7,8, ss: 500
8,9,7, ss: 500
8,7,9, ss: 500
8,7,6,5,4,2


bet: 200
7,6,5, ss: 200
7,6,3, ss: 200
7,5,6, ss: 200
7,5,3, ss: 200
7,3,6, ss: 200
7,3,5, ss: 200
6,5,3, ss: 200
6,3,5, ss: 200
5,6,3, ss: 200
5,3,6, ss: 200



=== rcno: 8, nData: 300, year: 6, train_course: 0 ===
6,5,1,0,2,4


bet: 500
7,6,2, ss: 500
7,2,6, ss: 500
6,7,2, ss: 500
6,2,7, ss: 500
6,5,1,0,2,4


bet: 200
2,1,3, ss: 200
2,1,5, ss: 200
2,3,1, ss: 200
2,3,5, ss: 200
2,5,1, ss: 200
2,5,3, ss: 200
1,3,5, ss: 200
1,5,3, ss: 200
3,1,5, ss: 200
3,5,1, ss: 200



=== rcno: 9, nData: 300, year: 6, train_course: 0 ===
8,4,3,11,5,1


bet: 500
9,5,4, ss: 500
9,4,5, ss: 500
5,9,4, ss: 500
5,4,9, ss: 500
8,4,3,11,5,1


bet: 200
4,12,6, ss: 200
4,12,2, ss: 200
4,6,12, ss: 200
4,6,2, ss: 200
4,2,12, ss: 200
4,2,6, ss: 200
12,6,2, ss: 200
12,2,6, ss: 200
6,12,2, ss: 200
6,2,12, ss: 200



=== rcno: 10, nData: 300, year: 6, train_course: 0 ===
1,5,0,3,6,4


bet: 500
2,6,1, ss: 500
2,1,6, ss: 500
6,2,1, ss: 500
6,1,2, ss: 500
1,5,0,3,6,4


bet: 200
1,4,7, ss: 200
1,4,5, ss: 200
1,7,4, ss: 200
1,7,5, ss: 200
1,5,4, ss: 200
1,5,7, ss: 200
4,7,5, ss: 200
4,5,7, ss: 200
7,4,5, ss: 200
7,5,4, ss: 200



=== rcno: 11, nData: 300, year: 6, train_course: 0 ===
6,7,5,0,3,1


bet: 500
7,8,6, ss: 500
7,6,8, ss: 500
8,7,6, ss: 500
8,6,7, ss: 500
6,7,5,0,3,1


bet: 200
6,1,4, ss: 200
6,1,2, ss: 200
6,4,1, ss: 200
6,4,2, ss: 200
6,2,1, ss: 200
6,2,4, ss: 200
1,4,2, ss: 200
1,2,4, ss: 200
4,1,2, ss: 200
4,2,1, ss: 200



=== rcno: 1, nData: 300, year: 6, train_course: 0 ===
1,4,3,0,6,7


bet: 500
2,5,4, ss: 500
2,4,5, ss: 500
5,2,4, ss: 500
5,4,2, ss: 500
1,4,3,0,6,7


bet: 200
4,1,7, ss: 200
4,1,8, ss: 200
4,7,1, ss: 200
4,7,8, ss: 200
4,8,1, ss: 200
4,8,7, ss: 200
1,7,8, ss: 200
1,8,7, ss: 200
7,1,8, ss: 200
7,8,1, ss: 200



=== rcno: 2, nData: 300, year: 6, train_course: 0 ===
6,4,7,0,8,5


bet: 500
7,5,8, ss: 500
7,8,5, ss: 500
5,7,8, ss: 500
5,8,7, ss: 500
6,4,7,0,8,5


bet: 200
8,1,9, ss: 200
8,1,6, ss: 200
8,9,1, ss: 200
8,9,6, ss: 200
8,6,1, ss: 200
8,6,9, ss: 200
1,9,6, ss: 200
1,6,9, ss: 200
9,1,6, ss: 200
9,6,1, ss: 200



=== rcno: 3, nData: 300, year: 6, train_course: 0 ===
1,4,7,6,2,8


bet: 500
2,5,8, ss: 500
2,8,5, ss: 500
5,2,8, ss: 500
5,8,2, ss: 500
1,4,7,6,2,8


bet: 200
8,7,3, ss: 200
8,7,9, ss: 200
8,3,7, ss: 200
8,3,9, ss: 200
8,9,7, ss: 200
8,9,3, ss: 200
7,3,9, ss: 200
7,9,3, ss: 200
3,7,9, ss: 200
3,9,7, ss: 200



=== rcno: 4, nData: 300, year: 6, train_course: 0 ===
5,2,4,6,0,7


bet: 500
6,3,5, ss: 500
6,5,3, ss: 500
3,6,5, ss: 500
3,5,6, ss: 500
5,2,4,6,0,7


bet: 200
5,7,1, ss: 200
5,7,8, ss: 200
5,1,7, ss: 200
5,1,8, ss: 200
5,8,7, ss: 200
5,8,1, ss: 200
7,1,8, ss: 200
7,8,1, ss: 200
1,7,8, ss: 200
1,8,7, ss: 200



=== rcno: 5, nData: 300, year: 6, train_course: 0 ===
8,4,0,6,5,7


bet: 500
9,5,1, ss: 500
9,1,5, ss: 500
5,9,1, ss: 500
5,1,9, ss: 500
8,4,0,6,5,7


bet: 200
1,7,6, ss: 200
1,7,8, ss: 200
1,6,7, ss: 200
1,6,8, ss: 200
1,8,7, ss: 200
1,8,6, ss: 200
7,6,8, ss: 200
7,8,6, ss: 200
6,7,8, ss: 200
6,8,7, ss: 200



=== rcno: 6, nData: 300, year: 6, train_course: 0 ===
11,1,9,5,3,4


bet: 500
12,2,10, ss: 500
12,10,2, ss: 500
2,12,10, ss: 500
2,10,12, ss: 500
11,1,9,5,3,4


bet: 200
10,6,4, ss: 200
10,6,5, ss: 200
10,4,6, ss: 200
10,4,5, ss: 200
10,5,6, ss: 200
10,5,4, ss: 200
6,4,5, ss: 200
6,5,4, ss: 200
4,6,5, ss: 200
4,5,6, ss: 200



=== rcno: 7, nData: 300, year: 6, train_course: 0 ===
8,0,1,5,2,7


bet: 500
9,1,2, ss: 500
9,2,1, ss: 500
1,9,2, ss: 500
1,2,9, ss: 500
8,0,1,5,2,7


bet: 200
2,6,3, ss: 200
2,6,8, ss: 200
2,3,6, ss: 200
2,3,8, ss: 200
2,8,6, ss: 200
2,8,3, ss: 200
6,3,8, ss: 200
6,8,3, ss: 200
3,6,8, ss: 200
3,8,6, ss: 200



=== rcno: 8, nData: 300, year: 6, train_course: 0 ===
6,5,0,1,4,2


bet: 500
7,6,1, ss: 500
7,1,6, ss: 500
6,7,1, ss: 500
6,1,7, ss: 500
6,5,0,1,4,2


bet: 200
1,2,5, ss: 200
1,2,3, ss: 200
1,5,2, ss: 200
1,5,3, ss: 200
1,3,2, ss: 200
1,3,5, ss: 200
2,5,3, ss: 200
2,3,5, ss: 200
5,2,3, ss: 200
5,3,2, ss: 200



=== rcno: 9, nData: 300, year: 6, train_course: 0 ===
6,14,2,13,7,9


bet: 500
7,15,3, ss: 500
7,3,15, ss: 500
15,7,3, ss: 500
15,3,7, ss: 500
6,14,2,13,7,9


bet: 200
3,14,8, ss: 200
3,14,10, ss: 200
3,8,14, ss: 200
3,8,10, ss: 200
3,10,14, ss: 200
3,10,8, ss: 200
14,8,10, ss: 200
14,10,8, ss: 200
8,14,10, ss: 200
8,10,14, ss: 200



=== rcno: 10, nData: 300, year: 6, train_course: 0 ===
5,1,4,0,6,3


bet: 500
6,2,5, ss: 500
6,5,2, ss: 500
2,6,5, ss: 500
2,5,6, ss: 500
5,1,4,0,6,3


bet: 200
5,1,7, ss: 200
5,1,4, ss: 200
5,7,1, ss: 200
5,7,4, ss: 200
5,4,1, ss: 200
5,4,7, ss: 200
1,7,4, ss: 200
1,4,7, ss: 200
7,1,4, ss: 200
7,4,1, ss: 200



=== rcno: 11, nData: 300, year: 6, train_course: 0 ===
6,7,0,3,5,2


bet: 500
7,8,1, ss: 500
7,1,8, ss: 500
8,7,1, ss: 500
8,1,7, ss: 500
6,7,0,3,5,2


bet: 200
1,4,6, ss: 200
1,4,3, ss: 200
1,6,4, ss: 200
1,6,3, ss: 200
1,3,4, ss: 200
1,3,6, ss: 200
4,6,3, ss: 200
4,3,6, ss: 200
6,4,3, ss: 200
6,3,4, ss: 200



=== rcno: 1, nData: 300, year: 6, train_course: 0 ===
1,3,4,5,6,7


bet: 500
2,4,5, ss: 500
2,5,4, ss: 500
4,2,5, ss: 500
4,5,2, ss: 500
1,3,4,5,6,7


bet: 200
5,6,7, ss: 200
5,6,8, ss: 200
5,7,6, ss: 200
5,7,8, ss: 200
5,8,6, ss: 200
5,8,7, ss: 200
6,7,8, ss: 200
6,8,7, ss: 200
7,6,8, ss: 200
7,8,6, ss: 200



=== rcno: 2, nData: 300, year: 6, train_course: 0 ===
6,0,4,8,7,2


bet: 500
7,1,5, ss: 500
7,5,1, ss: 500
1,7,5, ss: 500
1,5,7, ss: 500
6,0,4,8,7,2


bet: 200
5,9,8, ss: 200
5,9,3, ss: 200
5,8,9, ss: 200
5,8,3, ss: 200
5,3,9, ss: 200
5,3,8, ss: 200
9,8,3, ss: 200
9,3,8, ss: 200
8,9,3, ss: 200
8,3,9, ss: 200



=== rcno: 3, nData: 300, year: 6, train_course: 0 ===
1,4,2,7,9,5


bet: 500
2,5,3, ss: 500
2,3,5, ss: 500
5,2,3, ss: 500
5,3,2, ss: 500
1,4,2,7,9,5


bet: 200
3,8,10, ss: 200
3,8,6, ss: 200
3,10,8, ss: 200
3,10,6, ss: 200
3,6,8, ss: 200
3,6,10, ss: 200
8,10,6, ss: 200
8,6,10, ss: 200
10,8,6, ss: 200
10,6,8, ss: 200



=== rcno: 4, nData: 300, year: 6, train_course: 0 ===
5,2,4,6,1,7


bet: 500
6,3,5, ss: 500
6,5,3, ss: 500
3,6,5, ss: 500
3,5,6, ss: 500
5,2,4,6,1,7


bet: 200
5,7,2, ss: 200
5,7,8, ss: 200
5,2,7, ss: 200
5,2,8, ss: 200
5,8,7, ss: 200
5,8,2, ss: 200
7,2,8, ss: 200
7,8,2, ss: 200
2,7,8, ss: 200
2,8,7, ss: 200



=== rcno: 5, nData: 300, year: 6, train_course: 0 ===
0,8,4,6,5,2


bet: 500
1,9,5, ss: 500
1,5,9, ss: 500
9,1,5, ss: 500
9,5,1, ss: 500
0,8,4,6,5,2


bet: 200
5,7,6, ss: 200
5,7,3, ss: 200
5,6,7, ss: 200
5,6,3, ss: 200
5,3,7, ss: 200
5,3,6, ss: 200
7,6,3, ss: 200
7,3,6, ss: 200
6,7,3, ss: 200
6,3,7, ss: 200



=== rcno: 6, nData: 300, year: 6, train_course: 0 ===
7,9,11,5,3,0


bet: 500
8,10,12, ss: 500
8,12,10, ss: 500
10,8,12, ss: 500
10,12,8, ss: 500
7,9,11,5,3,0


bet: 200
12,6,4, ss: 200
12,6,1, ss: 200
12,4,6, ss: 200
12,4,1, ss: 200
12,1,6, ss: 200
12,1,4, ss: 200
6,4,1, ss: 200
6,1,4, ss: 200
4,6,1, ss: 200
4,1,6, ss: 200



=== rcno: 7, nData: 300, year: 6, train_course: 0 ===
8,4,1,6,7,5


bet: 500
9,5,2, ss: 500
9,2,5, ss: 500
5,9,2, ss: 500
5,2,9, ss: 500
8,4,1,6,7,5


bet: 200
2,7,8, ss: 200
2,7,6, ss: 200
2,8,7, ss: 200
2,8,6, ss: 200
2,6,7, ss: 200
2,6,8, ss: 200
7,8,6, ss: 200
7,6,8, ss: 200
8,7,6, ss: 200
8,6,7, ss: 200



=== rcno: 8, nData: 300, year: 6, train_course: 0 ===
6,5,0,1,4,2


bet: 500
7,6,1, ss: 500
7,1,6, ss: 500
6,7,1, ss: 500
6,1,7, ss: 500
6,5,0,1,4,2


bet: 200
1,2,5, ss: 200
1,2,3, ss: 200
1,5,2, ss: 200
1,5,3, ss: 200
1,3,2, ss: 200
1,3,5, ss: 200
2,5,3, ss: 200
2,3,5, ss: 200
5,2,3, ss: 200
5,3,2, ss: 200



=== rcno: 9, nData: 300, year: 6, train_course: 0 ===
6,14,2,7,9,12


bet: 500
7,15,3, ss: 500
7,3,15, ss: 500
15,7,3, ss: 500
15,3,7, ss: 500
6,14,2,7,9,12


bet: 200
3,8,10, ss: 200
3,8,13, ss: 200
3,10,8, ss: 200
3,10,13, ss: 200
3,13,8, ss: 200
3,13,10, ss: 200
8,10,13, ss: 200
8,13,10, ss: 200
10,8,13, ss: 200
10,13,8, ss: 200



=== rcno: 10, nData: 300, year: 6, train_course: 0 ===
1,5,0,6,3,2


bet: 500
2,6,1, ss: 500
2,1,6, ss: 500
6,2,1, ss: 500
6,1,2, ss: 500
1,5,0,6,3,2


bet: 200
1,7,4, ss: 200
1,7,3, ss: 200
1,4,7, ss: 200
1,4,3, ss: 200
1,3,7, ss: 200
1,3,4, ss: 200
7,4,3, ss: 200
7,3,4, ss: 200
4,7,3, ss: 200
4,3,7, ss: 200



=== rcno: 11, nData: 300, year: 6, train_course: 0 ===
5,6,7,0,3,2


bet: 500
6,7,8, ss: 500
6,8,7, ss: 500
7,6,8, ss: 500
7,8,6, ss: 500
5,6,7,0,3,2


bet: 200
8,1,4, ss: 200
8,1,3, ss: 200
8,4,1, ss: 200
8,4,3, ss: 200
8,3,1, ss: 200
8,3,4, ss: 200
1,4,3, ss: 200
1,3,4, ss: 200
4,1,3, ss: 200
4,3,1, ss: 200



=== rcno: 1, nData: 300, year: 6, train_course: 0 ===
1,3,4,0,6,5


bet: 500
2,4,5, ss: 500
2,5,4, ss: 500
4,2,5, ss: 500
4,5,2, ss: 500
1,3,4,0,6,5


bet: 200
5,1,7, ss: 200
5,1,6, ss: 200
5,7,1, ss: 200
5,7,6, ss: 200
5,6,1, ss: 200
5,6,7, ss: 200
1,7,6, ss: 200
1,6,7, ss: 200
7,1,6, ss: 200
7,6,1, ss: 200



=== rcno: 2, nData: 300, year: 6, train_course: 0 ===
0,6,4,7,3,8


bet: 500
1,7,5, ss: 500
1,5,7, ss: 500
7,1,5, ss: 500
7,5,1, ss: 500
0,6,4,7,3,8


bet: 200
5,8,4, ss: 200
5,8,9, ss: 200
5,4,8, ss: 200
5,4,9, ss: 200
5,9,8, ss: 200
5,9,4, ss: 200
8,4,9, ss: 200
8,9,4, ss: 200
4,8,9, ss: 200
4,9,8, ss: 200



=== rcno: 3, nData: 300, year: 6, train_course: 0 ===
6,4,1,7,0,8


bet: 500
7,5,2, ss: 500
7,2,5, ss: 500
5,7,2, ss: 500
5,2,7, ss: 500
6,4,1,7,0,8


bet: 200
2,8,1, ss: 200
2,8,9, ss: 200
2,1,8, ss: 200
2,1,9, ss: 200
2,9,8, ss: 200
2,9,1, ss: 200
8,1,9, ss: 200
8,9,1, ss: 200
1,8,9, ss: 200
1,9,8, ss: 200



=== rcno: 4, nData: 300, year: 6, train_course: 0 ===
5,2,6,1,0,4


bet: 500
6,3,7, ss: 500
6,7,3, ss: 500
3,6,7, ss: 500
3,7,6, ss: 500
5,2,6,1,0,4


bet: 200
7,2,1, ss: 200
7,2,5, ss: 200
7,1,2, ss: 200
7,1,5, ss: 200
7,5,2, ss: 200
7,5,1, ss: 200
2,1,5, ss: 200
2,5,1, ss: 200
1,2,5, ss: 200
1,5,2, ss: 200



=== rcno: 5, nData: 300, year: 6, train_course: 0 ===
0,8,4,5,3,6


bet: 500
1,9,5, ss: 500
1,5,9, ss: 500
9,1,5, ss: 500
9,5,1, ss: 500
0,8,4,5,3,6


bet: 200
5,6,4, ss: 200
5,6,7, ss: 200
5,4,6, ss: 200
5,4,7, ss: 200
5,7,6, ss: 200
5,7,4, ss: 200
6,4,7, ss: 200
6,7,4, ss: 200
4,6,7, ss: 200
4,7,6, ss: 200



=== rcno: 6, nData: 300, year: 6, train_course: 0 ===
10,11,9,3,1,5


bet: 500
11,12,10, ss: 500
11,10,12, ss: 500
12,11,10, ss: 500
12,10,11, ss: 500
10,11,9,3,1,5


bet: 200
10,4,2, ss: 200
10,4,6, ss: 200
10,2,4, ss: 200
10,2,6, ss: 200
10,6,4, ss: 200
10,6,2, ss: 200
4,2,6, ss: 200
4,6,2, ss: 200
2,4,6, ss: 200
2,6,4, ss: 200



=== rcno: 7, nData: 300, year: 6, train_course: 0 ===
8,6,7,0,2,5


bet: 500
9,7,8, ss: 500
9,8,7, ss: 500
7,9,8, ss: 500
7,8,9, ss: 500
8,6,7,0,2,5


bet: 200
8,1,3, ss: 200
8,1,6, ss: 200
8,3,1, ss: 200
8,3,6, ss: 200
8,6,1, ss: 200
8,6,3, ss: 200
1,3,6, ss: 200
1,6,3, ss: 200
3,1,6, ss: 200
3,6,1, ss: 200



=== rcno: 8, nData: 300, year: 6, train_course: 0 ===
5,6,0,1,3,4


bet: 500
6,7,1, ss: 500
6,1,7, ss: 500
7,6,1, ss: 500
7,1,6, ss: 500
5,6,0,1,3,4


bet: 200
1,2,4, ss: 200
1,2,5, ss: 200
1,4,2, ss: 200
1,4,5, ss: 200
1,5,2, ss: 200
1,5,4, ss: 200
2,4,5, ss: 200
2,5,4, ss: 200
4,2,5, ss: 200
4,5,2, ss: 200



=== rcno: 9, nData: 300, year: 6, train_course: 0 ===
8,4,1,3,5,0


bet: 500
9,5,2, ss: 500
9,2,5, ss: 500
5,9,2, ss: 500
5,2,9, ss: 500
8,4,1,3,5,0


bet: 200
2,4,6, ss: 200
2,4,1, ss: 200
2,6,4, ss: 200
2,6,1, ss: 200
2,1,4, ss: 200
2,1,6, ss: 200
4,6,1, ss: 200
4,1,6, ss: 200
6,4,1, ss: 200
6,1,4, ss: 200



=== rcno: 10, nData: 300, year: 6, train_course: 0 ===
5,1,3,6,0,7


bet: 500
6,2,4, ss: 500
6,4,2, ss: 500
2,6,4, ss: 500
2,4,6, ss: 500
5,1,3,6,0,7


bet: 200
4,7,1, ss: 200
4,7,8, ss: 200
4,1,7, ss: 200
4,1,8, ss: 200
4,8,7, ss: 200
4,8,1, ss: 200
7,1,8, ss: 200
7,8,1, ss: 200
1,7,8, ss: 200
1,8,7, ss: 200



=== rcno: 11, nData: 300, year: 6, train_course: 0 ===
6,5,7,1,0,2


bet: 500
7,6,8, ss: 500
7,8,6, ss: 500
6,7,8, ss: 500
6,8,7, ss: 500
6,5,7,1,0,2


bet: 200
8,2,1, ss: 200
8,2,3, ss: 200
8,1,2, ss: 200
8,1,3, ss: 200
8,3,2, ss: 200
8,3,1, ss: 200
2,1,3, ss: 200
2,3,1, ss: 200
1,2,3, ss: 200
1,3,2, ss: 200



=== rcno: 1, nData: 300, year: 6, train_course: 0 ===
1,4,3,6,5,0


bet: 500
2,5,4, ss: 500
2,4,5, ss: 500
5,2,4, ss: 500
5,4,2, ss: 500
1,4,3,6,5,0


bet: 200
4,7,6, ss: 200
4,7,1, ss: 200
4,6,7, ss: 200
4,6,1, ss: 200
4,1,7, ss: 200
4,1,6, ss: 200
7,6,1, ss: 200
7,1,6, ss: 200
6,7,1, ss: 200
6,1,7, ss: 200



=== rcno: 2, nData: 300, year: 6, train_course: 0 ===
4,0,6,3,2,8


bet: 500
5,1,7, ss: 500
5,7,1, ss: 500
1,5,7, ss: 500
1,7,5, ss: 500
4,0,6,3,2,8


bet: 200
7,4,3, ss: 200
7,4,9, ss: 200
7,3,4, ss: 200
7,3,9, ss: 200
7,9,4, ss: 200
7,9,3, ss: 200
4,3,9, ss: 200
4,9,3, ss: 200
3,4,9, ss: 200
3,9,4, ss: 200



=== rcno: 3, nData: 300, year: 6, train_course: 0 ===
0,4,1,2,8,7


bet: 500
1,5,2, ss: 500
1,2,5, ss: 500
5,1,2, ss: 500
5,2,1, ss: 500
0,4,1,2,8,7


bet: 200
2,3,9, ss: 200
2,3,8, ss: 200
2,9,3, ss: 200
2,9,8, ss: 200
2,8,3, ss: 200
2,8,9, ss: 200
3,9,8, ss: 200
3,8,9, ss: 200
9,3,8, ss: 200
9,8,3, ss: 200



=== rcno: 4, nData: 300, year: 6, train_course: 0 ===
6,5,2,4,7,3


bet: 500
7,6,3, ss: 500
7,3,6, ss: 500
6,7,3, ss: 500
6,3,7, ss: 500
6,5,2,4,7,3


bet: 200
3,5,8, ss: 200
3,5,4, ss: 200
3,8,5, ss: 200
3,8,4, ss: 200
3,4,5, ss: 200
3,4,8, ss: 200
5,8,4, ss: 200
5,4,8, ss: 200
8,5,4, ss: 200
8,4,5, ss: 200



=== rcno: 5, nData: 300, year: 6, train_course: 0 ===
0,8,7,1,4,5


bet: 500
1,9,8, ss: 500
1,8,9, ss: 500
9,1,8, ss: 500
9,8,1, ss: 500
0,8,7,1,4,5


bet: 200
8,2,5, ss: 200
8,2,6, ss: 200
8,5,2, ss: 200
8,5,6, ss: 200
8,6,2, ss: 200
8,6,5, ss: 200
2,5,6, ss: 200
2,6,5, ss: 200
5,2,6, ss: 200
5,6,2, ss: 200



=== rcno: 6, nData: 300, year: 6, train_course: 0 ===
11,6,0,10,1,5


bet: 500
12,7,1, ss: 500
12,1,7, ss: 500
7,12,1, ss: 500
7,1,12, ss: 500
11,6,0,10,1,5


bet: 200
1,11,2, ss: 200
1,11,6, ss: 200
1,2,11, ss: 200
1,2,6, ss: 200
1,6,11, ss: 200
1,6,2, ss: 200
11,2,6, ss: 200
11,6,2, ss: 200
2,11,6, ss: 200
2,6,11, ss: 200



=== rcno: 7, nData: 300, year: 6, train_course: 0 ===
8,7,2,5,0,6


bet: 500
9,8,3, ss: 500
9,3,8, ss: 500
8,9,3, ss: 500
8,3,9, ss: 500
8,7,2,5,0,6


bet: 200
3,6,1, ss: 200
3,6,7, ss: 200
3,1,6, ss: 200
3,1,7, ss: 200
3,7,6, ss: 200
3,7,1, ss: 200
6,1,7, ss: 200
6,7,1, ss: 200
1,6,7, ss: 200
1,7,6, ss: 200



=== rcno: 8, nData: 300, year: 6, train_course: 0 ===
5,6,0,1,4,2


bet: 500
6,7,1, ss: 500
6,1,7, ss: 500
7,6,1, ss: 500
7,1,6, ss: 500
5,6,0,1,4,2


bet: 200
1,2,5, ss: 200
1,2,3, ss: 200
1,5,2, ss: 200
1,5,3, ss: 200
1,3,2, ss: 200
1,3,5, ss: 200
2,5,3, ss: 200
2,3,5, ss: 200
5,2,3, ss: 200
5,3,2, ss: 200



=== rcno: 9, nData: 300, year: 6, train_course: 0 ===
6,14,2,7,9,12


bet: 500
7,15,3, ss: 500
7,3,15, ss: 500
15,7,3, ss: 500
15,3,7, ss: 500
6,14,2,7,9,12


bet: 200
3,8,10, ss: 200
3,8,13, ss: 200
3,10,8, ss: 200
3,10,13, ss: 200
3,13,8, ss: 200
3,13,10, ss: 200
8,10,13, ss: 200
8,13,10, ss: 200
10,8,13, ss: 200
10,13,8, ss: 200



=== rcno: 10, nData: 300, year: 6, train_course: 0 ===
6,1,5,2,0,4


bet: 500
7,2,6, ss: 500
7,6,2, ss: 500
2,7,6, ss: 500
2,6,7, ss: 500
6,1,5,2,0,4


bet: 200
6,3,1, ss: 200
6,3,5, ss: 200
6,1,3, ss: 200
6,1,5, ss: 200
6,5,3, ss: 200
6,5,1, ss: 200
3,1,5, ss: 200
3,5,1, ss: 200
1,3,5, ss: 200
1,5,3, ss: 200



=== rcno: 11, nData: 300, year: 6, train_course: 0 ===
5,6,7,0,3,2


bet: 500
6,7,8, ss: 500
6,8,7, ss: 500
7,6,8, ss: 500
7,8,6, ss: 500
5,6,7,0,3,2


bet: 200
8,1,4, ss: 200
8,1,3, ss: 200
8,4,1, ss: 200
8,4,3, ss: 200
8,3,1, ss: 200
8,3,4, ss: 200
1,4,3, ss: 200
1,3,4, ss: 200
4,1,3, ss: 200
4,3,1, ss: 200
