


=== rcno: 1, nData: 300, year: 6, train_course: 0, model: 6 ===
6,4,10,7,1,3


bet: 1500
7,5,11, ss: 1500
6,4,10,7,1,3


bet: 150
11,8,2, ss: 150
11,8,4, ss: 150
11,2,8, ss: 150
11,2,4, ss: 150
11,4,8, ss: 150
11,4,2, ss: 150
8,2,4, ss: 150
8,4,2, ss: 150
2,8,4, ss: 150
2,4,8, ss: 150



=== rcno: 2, nData: 300, year: 6, train_course: 0, model: 6 ===
7,4,5,8,0,3


bet: 1500
8,5,6, ss: 1500
7,4,5,8,0,3


bet: 150
6,9,1, ss: 150
6,9,4, ss: 150
6,1,9, ss: 150
6,1,4, ss: 150
6,4,9, ss: 150
6,4,1, ss: 150
9,1,4, ss: 150
9,4,1, ss: 150
1,9,4, ss: 150
1,4,9, ss: 150



=== rcno: 3, nData: 300, year: 6, train_course: 0, model: 6 ===
3,5,2,4,7,1


bet: 1500
4,6,3, ss: 1500
3,5,2,4,7,1


bet: 150
3,5,8, ss: 150
3,5,2, ss: 150
3,8,5, ss: 150
3,8,2, ss: 150
3,2,5, ss: 150
3,2,8, ss: 150
5,8,2, ss: 150
5,2,8, ss: 150
8,5,2, ss: 150
8,2,5, ss: 150



=== rcno: 4, nData: 300, year: 6, train_course: 0, model: 6 ===
0,3,4,6,1,5


bet: 1500
1,4,5, ss: 1500
0,3,4,6,1,5


bet: 150
5,7,2, ss: 150
5,7,6, ss: 150
5,2,7, ss: 150
5,2,6, ss: 150
5,6,7, ss: 150
5,6,2, ss: 150
7,2,6, ss: 150
7,6,2, ss: 150
2,7,6, ss: 150
2,6,7, ss: 150



=== rcno: 5, nData: 300, year: 6, train_course: 0, model: 6 ===
4,1,6,2,3,5


bet: 1500
5,2,7, ss: 1500
4,1,6,2,3,5


bet: 150
7,3,4, ss: 150
7,3,6, ss: 150
7,4,3, ss: 150
7,4,6, ss: 150
7,6,3, ss: 150
7,6,4, ss: 150
3,4,6, ss: 150
3,6,4, ss: 150
4,3,6, ss: 150
4,6,3, ss: 150



=== rcno: 6, nData: 300, year: 6, train_course: 0, model: 6 ===
7,0,1,5,4,2


bet: 1500
8,1,2, ss: 1500
7,0,1,5,4,2


bet: 150
2,6,5, ss: 150
2,6,3, ss: 150
2,5,6, ss: 150
2,5,3, ss: 150
2,3,6, ss: 150
2,3,5, ss: 150
6,5,3, ss: 150
6,3,5, ss: 150
5,6,3, ss: 150
5,3,6, ss: 150



=== rcno: 7, nData: 300, year: 6, train_course: 0, model: 6 ===
2,4,8,10,13,11


bet: 1500
3,5,9, ss: 1500
2,4,8,10,13,11


bet: 150
9,11,14, ss: 150
9,11,12, ss: 150
9,14,11, ss: 150
9,14,12, ss: 150
9,12,11, ss: 150
9,12,14, ss: 150
11,14,12, ss: 150
11,12,14, ss: 150
14,11,12, ss: 150
14,12,11, ss: 150



=== rcno: 8, nData: 300, year: 6, train_course: 0, model: 6 ===
1,4,6,3,7,9


bet: 1500
2,5,7, ss: 1500
1,4,6,3,7,9


bet: 150
7,4,8, ss: 150
7,4,10, ss: 150
7,8,4, ss: 150
7,8,10, ss: 150
7,10,4, ss: 150
7,10,8, ss: 150
4,8,10, ss: 150
4,10,8, ss: 150
8,4,10, ss: 150
8,10,4, ss: 150



=== rcno: 9, nData: 300, year: 6, train_course: 0, model: 6 ===
3,6,7,8,2,5


bet: 1500
4,7,8, ss: 1500
3,6,7,8,2,5


bet: 150
8,9,3, ss: 150
8,9,6, ss: 150
8,3,9, ss: 150
8,3,6, ss: 150
8,6,9, ss: 150
8,6,3, ss: 150
9,3,6, ss: 150
9,6,3, ss: 150
3,9,6, ss: 150
3,6,9, ss: 150



=== rcno: 10, nData: 300, year: 6, train_course: 0, model: 6 ===
2,0,1,10,12,6


bet: 1500
3,1,2, ss: 1500
2,0,1,10,12,6


bet: 150
2,11,13, ss: 150
2,11,7, ss: 150
2,13,11, ss: 150
2,13,7, ss: 150
2,7,11, ss: 150
2,7,13, ss: 150
11,13,7, ss: 150
11,7,13, ss: 150
13,11,7, ss: 150
13,7,11, ss: 150



=== rcno: 11, nData: 300, year: 6, train_course: 0, model: 6 ===
1,5,0,2,4,6


bet: 1500
2,6,1, ss: 1500
1,5,0,2,4,6


bet: 150
1,3,5, ss: 150
1,3,7, ss: 150
1,5,3, ss: 150
1,5,7, ss: 150
1,7,3, ss: 150
1,7,5, ss: 150
3,5,7, ss: 150
3,7,5, ss: 150
5,3,7, ss: 150
5,7,3, ss: 150



=== rcno: 12, nData: 300, year: 6, train_course: 0, model: 6 ===
3,7,4,5,9,2


bet: 1500
4,8,5, ss: 1500
3,7,4,5,9,2


bet: 150
5,6,10, ss: 150
5,6,3, ss: 150
5,10,6, ss: 150
5,10,3, ss: 150
5,3,6, ss: 150
5,3,10, ss: 150
6,10,3, ss: 150
6,3,10, ss: 150
10,6,3, ss: 150
10,3,6, ss: 150



=== rcno: 1, nData: 300, year: 6, train_course: 0, model: 6 ===
6,0,2,5,4,3


bet: 1500
7,1,3, ss: 1500
6,0,2,5,4,3


bet: 150
3,6,5, ss: 150
3,6,4, ss: 150
3,5,6, ss: 150
3,5,4, ss: 150
3,4,6, ss: 150
3,4,5, ss: 150
6,5,4, ss: 150
6,4,5, ss: 150
5,6,4, ss: 150
5,4,6, ss: 150



=== rcno: 2, nData: 300, year: 6, train_course: 0, model: 6 ===
7,4,8,5,3,1


bet: 1500
8,5,9, ss: 1500
7,4,8,5,3,1


bet: 150
9,6,4, ss: 150
9,6,2, ss: 150
9,4,6, ss: 150
9,4,2, ss: 150
9,2,6, ss: 150
9,2,4, ss: 150
6,4,2, ss: 150
6,2,4, ss: 150
4,6,2, ss: 150
4,2,6, ss: 150



=== rcno: 3, nData: 300, year: 6, train_course: 0, model: 6 ===
4,3,1,5,8,6


bet: 1500
5,4,2, ss: 1500
4,3,1,5,8,6


bet: 150
2,6,9, ss: 150
2,6,7, ss: 150
2,9,6, ss: 150
2,9,7, ss: 150
2,7,6, ss: 150
2,7,9, ss: 150
6,9,7, ss: 150
6,7,9, ss: 150
9,6,7, ss: 150
9,7,6, ss: 150



=== rcno: 4, nData: 300, year: 6, train_course: 0, model: 6 ===
0,3,6,8,5,1


bet: 1500
1,4,7, ss: 1500
0,3,6,8,5,1


bet: 150
7,9,6, ss: 150
7,9,2, ss: 150
7,6,9, ss: 150
7,6,2, ss: 150
7,2,9, ss: 150
7,2,6, ss: 150
9,6,2, ss: 150
9,2,6, ss: 150
6,9,2, ss: 150
6,2,9, ss: 150



=== rcno: 5, nData: 300, year: 6, train_course: 0, model: 6 ===
4,7,1,5,0,6


bet: 1500
5,8,2, ss: 1500
4,7,1,5,0,6


bet: 150
2,6,1, ss: 150
2,6,7, ss: 150
2,1,6, ss: 150
2,1,7, ss: 150
2,7,6, ss: 150
2,7,1, ss: 150
6,1,7, ss: 150
6,7,1, ss: 150
1,6,7, ss: 150
1,7,6, ss: 150



=== rcno: 6, nData: 300, year: 6, train_course: 0, model: 6 ===
7,0,2,1,5,8


bet: 1500
8,1,3, ss: 1500
7,0,2,1,5,8


bet: 150
3,2,6, ss: 150
3,2,9, ss: 150
3,6,2, ss: 150
3,6,9, ss: 150
3,9,2, ss: 150
3,9,6, ss: 150
2,6,9, ss: 150
2,9,6, ss: 150
6,2,9, ss: 150
6,9,2, ss: 150



=== rcno: 7, nData: 300, year: 6, train_course: 0, model: 6 ===
5,2,10,4,12,0


bet: 1500
6,3,11, ss: 1500
5,2,10,4,12,0


bet: 150
11,5,13, ss: 150
11,5,1, ss: 150
11,13,5, ss: 150
11,13,1, ss: 150
11,1,5, ss: 150
11,1,13, ss: 150
5,13,1, ss: 150
5,1,13, ss: 150
13,5,1, ss: 150
13,1,5, ss: 150



=== rcno: 8, nData: 300, year: 6, train_course: 0, model: 6 ===
6,1,7,3,4,9


bet: 1500
7,2,8, ss: 1500
6,1,7,3,4,9


bet: 150
8,4,5, ss: 150
8,4,10, ss: 150
8,5,4, ss: 150
8,5,10, ss: 150
8,10,4, ss: 150
8,10,5, ss: 150
4,5,10, ss: 150
4,10,5, ss: 150
5,4,10, ss: 150
5,10,4, ss: 150



=== rcno: 9, nData: 300, year: 6, train_course: 0, model: 6 ===
7,6,3,2,4,5


bet: 1500
8,7,4, ss: 1500
7,6,3,2,4,5


bet: 150
4,3,5, ss: 150
4,3,6, ss: 150
4,5,3, ss: 150
4,5,6, ss: 150
4,6,3, ss: 150
4,6,5, ss: 150
3,5,6, ss: 150
3,6,5, ss: 150
5,3,6, ss: 150
5,6,3, ss: 150



=== rcno: 10, nData: 300, year: 6, train_course: 0, model: 6 ===
10,12,0,3,4,1


bet: 1500
11,13,1, ss: 1500
10,12,0,3,4,1


bet: 150
1,4,5, ss: 150
1,4,2, ss: 150
1,5,4, ss: 150
1,5,2, ss: 150
1,2,4, ss: 150
1,2,5, ss: 150
4,5,2, ss: 150
4,2,5, ss: 150
5,4,2, ss: 150
5,2,4, ss: 150



=== rcno: 11, nData: 300, year: 6, train_course: 0, model: 6 ===
1,5,2,8,0,6


bet: 1500
2,6,3, ss: 1500
1,5,2,8,0,6


bet: 150
3,9,1, ss: 150
3,9,7, ss: 150
3,1,9, ss: 150
3,1,7, ss: 150
3,7,9, ss: 150
3,7,1, ss: 150
9,1,7, ss: 150
9,7,1, ss: 150
1,9,7, ss: 150
1,7,9, ss: 150



=== rcno: 12, nData: 300, year: 6, train_course: 0, model: 6 ===
7,3,4,5,2,6


bet: 1500
8,4,5, ss: 1500
7,3,4,5,2,6


bet: 150
5,6,3, ss: 150
5,6,7, ss: 150
5,3,6, ss: 150
5,3,7, ss: 150
5,7,6, ss: 150
5,7,3, ss: 150
6,3,7, ss: 150
6,7,3, ss: 150
3,6,7, ss: 150
3,7,6, ss: 150



=== rcno: 1, nData: 300, year: 6, train_course: 0, model: 6 ===
4,2,6,8,10,7


bet: 1500
5,3,7, ss: 1500
4,2,6,8,10,7


bet: 150
7,9,11, ss: 150
7,9,8, ss: 150
7,11,9, ss: 150
7,11,8, ss: 150
7,8,9, ss: 150
7,8,11, ss: 150
9,11,8, ss: 150
9,8,11, ss: 150
11,9,8, ss: 150
11,8,9, ss: 150



=== rcno: 2, nData: 300, year: 6, train_course: 0, model: 6 ===
7,3,4,8,5,0


bet: 1500
8,4,5, ss: 1500
7,3,4,8,5,0


bet: 150
5,9,6, ss: 150
5,9,1, ss: 150
5,6,9, ss: 150
5,6,1, ss: 150
5,1,9, ss: 150
5,1,6, ss: 150
9,6,1, ss: 150
9,1,6, ss: 150
6,9,1, ss: 150
6,1,9, ss: 150



=== rcno: 3, nData: 300, year: 6, train_course: 0, model: 6 ===
8,5,4,7,6,3


bet: 1500
9,6,5, ss: 1500
8,5,4,7,6,3


bet: 150
5,8,7, ss: 150
5,8,4, ss: 150
5,7,8, ss: 150
5,7,4, ss: 150
5,4,8, ss: 150
5,4,7, ss: 150
8,7,4, ss: 150
8,4,7, ss: 150
7,8,4, ss: 150
7,4,8, ss: 150



=== rcno: 4, nData: 300, year: 6, train_course: 0, model: 6 ===
4,1,3,0,8,7


bet: 1500
5,2,4, ss: 1500
4,1,3,0,8,7


bet: 150
4,1,9, ss: 150
4,1,8, ss: 150
4,9,1, ss: 150
4,9,8, ss: 150
4,8,1, ss: 150
4,8,9, ss: 150
1,9,8, ss: 150
1,8,9, ss: 150
9,1,8, ss: 150
9,8,1, ss: 150



=== rcno: 5, nData: 300, year: 6, train_course: 0, model: 6 ===
6,2,5,1,4,0


bet: 1500
7,3,6, ss: 1500
6,2,5,1,4,0


bet: 150
6,2,5, ss: 150
6,2,1, ss: 150
6,5,2, ss: 150
6,5,1, ss: 150
6,1,2, ss: 150
6,1,5, ss: 150
2,5,1, ss: 150
2,1,5, ss: 150
5,2,1, ss: 150
5,1,2, ss: 150



=== rcno: 6, nData: 300, year: 6, train_course: 0, model: 6 ===
1,0,4,8,5,2


bet: 1500
2,1,5, ss: 1500
1,0,4,8,5,2


bet: 150
5,9,6, ss: 150
5,9,3, ss: 150
5,6,9, ss: 150
5,6,3, ss: 150
5,3,9, ss: 150
5,3,6, ss: 150
9,6,3, ss: 150
9,3,6, ss: 150
6,9,3, ss: 150
6,3,9, ss: 150



=== rcno: 7, nData: 300, year: 6, train_course: 0, model: 6 ===
5,10,12,9,7,8


bet: 1500
6,11,13, ss: 1500
5,10,12,9,7,8


bet: 150
13,10,8, ss: 150
13,10,9, ss: 150
13,8,10, ss: 150
13,8,9, ss: 150
13,9,10, ss: 150
13,9,8, ss: 150
10,8,9, ss: 150
10,9,8, ss: 150
8,10,9, ss: 150
8,9,10, ss: 150



=== rcno: 8, nData: 300, year: 6, train_course: 0, model: 6 ===
5,1,4,0,3,2


bet: 1500
6,2,5, ss: 1500
5,1,4,0,3,2


bet: 150
5,1,4, ss: 150
5,1,3, ss: 150
5,4,1, ss: 150
5,4,3, ss: 150
5,3,1, ss: 150
5,3,4, ss: 150
1,4,3, ss: 150
1,3,4, ss: 150
4,1,3, ss: 150
4,3,1, ss: 150



=== rcno: 9, nData: 300, year: 6, train_course: 0, model: 6 ===
0,7,6,2,3,5


bet: 1500
1,8,7, ss: 1500
0,7,6,2,3,5


bet: 150
7,3,4, ss: 150
7,3,6, ss: 150
7,4,3, ss: 150
7,4,6, ss: 150
7,6,3, ss: 150
7,6,4, ss: 150
3,4,6, ss: 150
3,6,4, ss: 150
4,3,6, ss: 150
4,6,3, ss: 150



=== rcno: 10, nData: 300, year: 6, train_course: 0, model: 6 ===
1,12,4,5,2,0


bet: 1500
2,13,5, ss: 1500
1,12,4,5,2,0


bet: 150
5,6,3, ss: 150
5,6,1, ss: 150
5,3,6, ss: 150
5,3,1, ss: 150
5,1,6, ss: 150
5,1,3, ss: 150
6,3,1, ss: 150
6,1,3, ss: 150
3,6,1, ss: 150
3,1,6, ss: 150



=== rcno: 11, nData: 300, year: 6, train_course: 0, model: 6 ===
1,5,4,8,6,0


bet: 1500
2,6,5, ss: 1500
1,5,4,8,6,0


bet: 150
5,9,7, ss: 150
5,9,1, ss: 150
5,7,9, ss: 150
5,7,1, ss: 150
5,1,9, ss: 150
5,1,7, ss: 150
9,7,1, ss: 150
9,1,7, ss: 150
7,9,1, ss: 150
7,1,9, ss: 150



=== rcno: 12, nData: 300, year: 6, train_course: 0, model: 6 ===
6,5,2,9,7,1


bet: 1500
7,6,3, ss: 1500
6,5,2,9,7,1


bet: 150
3,10,8, ss: 150
3,10,2, ss: 150
3,8,10, ss: 150
3,8,2, ss: 150
3,2,10, ss: 150
3,2,8, ss: 150
10,8,2, ss: 150
10,2,8, ss: 150
8,10,2, ss: 150
8,2,10, ss: 150



=== rcno: 1, nData: 300, year: 6, train_course: 0, model: 6 ===
6,2,4,8,5,0


bet: 1500
7,3,5, ss: 1500
6,2,4,8,5,0


bet: 150
5,9,6, ss: 150
5,9,1, ss: 150
5,6,9, ss: 150
5,6,1, ss: 150
5,1,9, ss: 150
5,1,6, ss: 150
9,6,1, ss: 150
9,1,6, ss: 150
6,9,1, ss: 150
6,1,9, ss: 150



=== rcno: 2, nData: 300, year: 6, train_course: 0, model: 6 ===
7,4,8,0,5,1


bet: 1500
8,5,9, ss: 1500
7,4,8,0,5,1


bet: 150
9,1,6, ss: 150
9,1,2, ss: 150
9,6,1, ss: 150
9,6,2, ss: 150
9,2,1, ss: 150
9,2,6, ss: 150
1,6,2, ss: 150
1,2,6, ss: 150
6,1,2, ss: 150
6,2,1, ss: 150



=== rcno: 3, nData: 300, year: 6, train_course: 0, model: 6 ===
8,5,4,7,2,6


bet: 1500
9,6,5, ss: 1500
8,5,4,7,2,6


bet: 150
5,8,3, ss: 150
5,8,7, ss: 150
5,3,8, ss: 150
5,3,7, ss: 150
5,7,8, ss: 150
5,7,3, ss: 150
8,3,7, ss: 150
8,7,3, ss: 150
3,8,7, ss: 150
3,7,8, ss: 150



=== rcno: 4, nData: 300, year: 6, train_course: 0, model: 6 ===
1,4,8,3,7,6


bet: 1500
2,5,9, ss: 1500
1,4,8,3,7,6


bet: 150
9,4,8, ss: 150
9,4,7, ss: 150
9,8,4, ss: 150
9,8,7, ss: 150
9,7,4, ss: 150
9,7,8, ss: 150
4,8,7, ss: 150
4,7,8, ss: 150
8,4,7, ss: 150
8,7,4, ss: 150



=== rcno: 5, nData: 300, year: 6, train_course: 0, model: 6 ===
6,2,1,5,4,0


bet: 1500
7,3,2, ss: 1500
6,2,1,5,4,0


bet: 150
2,6,5, ss: 150
2,6,1, ss: 150
2,5,6, ss: 150
2,5,1, ss: 150
2,1,6, ss: 150
2,1,5, ss: 150
6,5,1, ss: 150
6,1,5, ss: 150
5,6,1, ss: 150
5,1,6, ss: 150



=== rcno: 6, nData: 300, year: 6, train_course: 0, model: 6 ===
1,0,4,5,8,6


bet: 1500
2,1,5, ss: 1500
1,0,4,5,8,6


bet: 150
5,6,9, ss: 150
5,6,7, ss: 150
5,9,6, ss: 150
5,9,7, ss: 150
5,7,6, ss: 150
5,7,9, ss: 150
6,9,7, ss: 150
6,7,9, ss: 150
9,6,7, ss: 150
9,7,6, ss: 150



=== rcno: 7, nData: 300, year: 6, train_course: 0, model: 6 ===
5,12,0,10,9,11


bet: 1500
6,13,1, ss: 1500
5,12,0,10,9,11


bet: 150
1,11,10, ss: 150
1,11,12, ss: 150
1,10,11, ss: 150
1,10,12, ss: 150
1,12,11, ss: 150
1,12,10, ss: 150
11,10,12, ss: 150
11,12,10, ss: 150
10,11,12, ss: 150
10,12,11, ss: 150



=== rcno: 8, nData: 300, year: 6, train_course: 0, model: 6 ===
5,4,9,1,2,0


bet: 1500
6,5,10, ss: 1500
5,4,9,1,2,0


bet: 150
10,2,3, ss: 150
10,2,1, ss: 150
10,3,2, ss: 150
10,3,1, ss: 150
10,1,2, ss: 150
10,1,3, ss: 150
2,3,1, ss: 150
2,1,3, ss: 150
3,2,1, ss: 150
3,1,2, ss: 150



=== rcno: 9, nData: 300, year: 6, train_course: 0, model: 6 ===
0,6,7,2,3,1


bet: 1500
1,7,8, ss: 1500
0,6,7,2,3,1


bet: 150
8,3,4, ss: 150
8,3,2, ss: 150
8,4,3, ss: 150
8,4,2, ss: 150
8,2,3, ss: 150
8,2,4, ss: 150
3,4,2, ss: 150
3,2,4, ss: 150
4,3,2, ss: 150
4,2,3, ss: 150



=== rcno: 10, nData: 300, year: 6, train_course: 0, model: 6 ===
1,12,6,4,5,0


bet: 1500
2,13,7, ss: 1500
1,12,6,4,5,0


bet: 150
7,5,6, ss: 150
7,5,1, ss: 150
7,6,5, ss: 150
7,6,1, ss: 150
7,1,5, ss: 150
7,1,6, ss: 150
5,6,1, ss: 150
5,1,6, ss: 150
6,5,1, ss: 150
6,1,5, ss: 150



=== rcno: 11, nData: 300, year: 6, train_course: 0, model: 6 ===
5,1,4,8,6,7


bet: 1500
6,2,5, ss: 1500
5,1,4,8,6,7


bet: 150
5,9,7, ss: 150
5,9,8, ss: 150
5,7,9, ss: 150
5,7,8, ss: 150
5,8,9, ss: 150
5,8,7, ss: 150
9,7,8, ss: 150
9,8,7, ss: 150
7,9,8, ss: 150
7,8,9, ss: 150



=== rcno: 12, nData: 300, year: 6, train_course: 0, model: 6 ===
8,2,7,4,3,9


bet: 1500
9,3,8, ss: 1500
8,2,7,4,3,9


bet: 150
8,5,4, ss: 150
8,5,10, ss: 150
8,4,5, ss: 150
8,4,10, ss: 150
8,10,5, ss: 150
8,10,4, ss: 150
5,4,10, ss: 150
5,10,4, ss: 150
4,5,10, ss: 150
4,10,5, ss: 150



=== rcno: 1, nData: 300, year: 6, train_course: 0, model: 6 ===
4,5,2,6,8,1


bet: 1500
5,6,3, ss: 1500
4,5,2,6,8,1


bet: 150
3,7,9, ss: 150
3,7,2, ss: 150
3,9,7, ss: 150
3,9,2, ss: 150
3,2,7, ss: 150
3,2,9, ss: 150
7,9,2, ss: 150
7,2,9, ss: 150
9,7,2, ss: 150
9,2,7, ss: 150



=== rcno: 2, nData: 300, year: 6, train_course: 0, model: 6 ===
4,7,3,8,1,0


bet: 1500
5,8,4, ss: 1500
4,7,3,8,1,0


bet: 150
4,9,2, ss: 150
4,9,1, ss: 150
4,2,9, ss: 150
4,2,1, ss: 150
4,1,9, ss: 150
4,1,2, ss: 150
9,2,1, ss: 150
9,1,2, ss: 150
2,9,1, ss: 150
2,1,9, ss: 150



=== rcno: 3, nData: 300, year: 6, train_course: 0, model: 6 ===
5,8,6,3,4,7


bet: 1500
6,9,7, ss: 1500
5,8,6,3,4,7


bet: 150
7,4,5, ss: 150
7,4,8, ss: 150
7,5,4, ss: 150
7,5,8, ss: 150
7,8,4, ss: 150
7,8,5, ss: 150
4,5,8, ss: 150
4,8,5, ss: 150
5,4,8, ss: 150
5,8,4, ss: 150



=== rcno: 4, nData: 300, year: 6, train_course: 0, model: 6 ===
4,3,1,6,0,7


bet: 1500
5,4,2, ss: 1500
4,3,1,6,0,7


bet: 150
2,7,1, ss: 150
2,7,8, ss: 150
2,1,7, ss: 150
2,1,8, ss: 150
2,8,7, ss: 150
2,8,1, ss: 150
7,1,8, ss: 150
7,8,1, ss: 150
1,7,8, ss: 150
1,8,7, ss: 150



=== rcno: 5, nData: 300, year: 6, train_course: 0, model: 6 ===
6,2,4,5,1,3


bet: 1500
7,3,5, ss: 1500
6,2,4,5,1,3


bet: 150
5,6,2, ss: 150
5,6,4, ss: 150
5,2,6, ss: 150
5,2,4, ss: 150
5,4,6, ss: 150
5,4,2, ss: 150
6,2,4, ss: 150
6,4,2, ss: 150
2,6,4, ss: 150
2,4,6, ss: 150



=== rcno: 6, nData: 300, year: 6, train_course: 0, model: 6 ===
0,1,4,5,8,2


bet: 1500
1,2,5, ss: 1500
0,1,4,5,8,2


bet: 150
5,6,9, ss: 150
5,6,3, ss: 150
5,9,6, ss: 150
5,9,3, ss: 150
5,3,6, ss: 150
5,3,9, ss: 150
6,9,3, ss: 150
6,3,9, ss: 150
9,6,3, ss: 150
9,3,6, ss: 150



=== rcno: 7, nData: 300, year: 6, train_course: 0, model: 6 ===
5,12,10,7,8,0


bet: 1500
6,13,11, ss: 1500
5,12,10,7,8,0


bet: 150
11,8,9, ss: 150
11,8,1, ss: 150
11,9,8, ss: 150
11,9,1, ss: 150
11,1,8, ss: 150
11,1,9, ss: 150
8,9,1, ss: 150
8,1,9, ss: 150
9,8,1, ss: 150
9,1,8, ss: 150



=== rcno: 8, nData: 300, year: 6, train_course: 0, model: 6 ===
5,4,3,1,9,2


bet: 1500
6,5,4, ss: 1500
5,4,3,1,9,2


bet: 150
4,2,10, ss: 150
4,2,3, ss: 150
4,10,2, ss: 150
4,10,3, ss: 150
4,3,2, ss: 150
4,3,10, ss: 150
2,10,3, ss: 150
2,3,10, ss: 150
10,2,3, ss: 150
10,3,2, ss: 150



=== rcno: 9, nData: 300, year: 6, train_course: 0, model: 6 ===
0,6,7,3,5,1


bet: 1500
1,7,8, ss: 1500
0,6,7,3,5,1


bet: 150
8,4,6, ss: 150
8,4,2, ss: 150
8,6,4, ss: 150
8,6,2, ss: 150
8,2,4, ss: 150
8,2,6, ss: 150
4,6,2, ss: 150
4,2,6, ss: 150
6,4,2, ss: 150
6,2,4, ss: 150



=== rcno: 10, nData: 300, year: 6, train_course: 0, model: 6 ===
1,4,0,12,2,7


bet: 1500
2,5,1, ss: 1500
1,4,0,12,2,7


bet: 150
1,13,3, ss: 150
1,13,8, ss: 150
1,3,13, ss: 150
1,3,8, ss: 150
1,8,13, ss: 150
1,8,3, ss: 150
13,3,8, ss: 150
13,8,3, ss: 150
3,13,8, ss: 150
3,8,13, ss: 150



=== rcno: 11, nData: 300, year: 6, train_course: 0, model: 6 ===
1,4,5,2,6,8


bet: 1500
2,5,6, ss: 1500
1,4,5,2,6,8


bet: 150
6,3,7, ss: 150
6,3,9, ss: 150
6,7,3, ss: 150
6,7,9, ss: 150
6,9,3, ss: 150
6,9,7, ss: 150
3,7,9, ss: 150
3,9,7, ss: 150
7,3,9, ss: 150
7,9,3, ss: 150



=== rcno: 12, nData: 300, year: 6, train_course: 0, model: 6 ===
8,4,2,7,5,1


bet: 1500
9,5,3, ss: 1500
8,4,2,7,5,1


bet: 150
3,8,6, ss: 150
3,8,2, ss: 150
3,6,8, ss: 150
3,6,2, ss: 150
3,2,8, ss: 150
3,2,6, ss: 150
8,6,2, ss: 150
8,2,6, ss: 150
6,8,2, ss: 150
6,2,8, ss: 150
