서울경기
1000 2년 1000 47 [[4,5,6],[4,5,6],[4,5,6]]            : /6
1000 4년 1000 47 [[1,2,3],[1,2,3,4,5],[1,2,3,4,5,6]]  : /48
1000 2년 1000 69 [[4,5,6],[4,5,6],[4,5,6]]            : /6
1000 4년 1000 69 [[1],[2],[3]]                        : /1
 all 2년 1000 47 [[1,2,3,4],[1,2,3,4,5,6],[3,4,5,6]], [[4,5,6],[4,5,6],[4,5,6]]  : /55, /6
 all 1년 1000 69 [[4,5,6],[4,5,6],[4,5,6]]            : /6

제주경기
all,4y
복연: [1,2]				=> 13
삼복: [[0,1,2],[0,1,3],[0,1,4],[0,2,3],[0,2,4],[0,3,4]] => 36
삼쌍: [2,3,4]


부산경기
단: 1 => 51
연: 0 => 13
복식: [2,3] => 32
복연: [1,2] => 23
쌍승: [[2,3],[3,2]] => 35
삼복: [[0,1,3],[0,1,4],[0,2,3],[0,2,4],[0,3,4]] => 41
삼쌍: [2,3,4]
