


=== rcno: 1, nData: 300, year: 6, train_course: 0, model: 6 ===
7,4,9,11,10,8


bet: 3000
8,5,10, ss: 3000

bet: 500
4,9,11, ss: 500
4,11,9, ss: 500
9,4,11, ss: 500
9,11,4, ss: 500
11,4,9, ss: 500
11,9,4, ss: 500

bet: 300
11,10,8, ss: 300
11,10,6, ss: 300
11,8,10, ss: 300
11,8,6, ss: 300
11,6,10, ss: 300
11,6,8, ss: 300
10,8,6, ss: 300
10,6,8, ss: 300
8,10,6, ss: 300
8,6,10, ss: 300


=== rcno: 2, nData: 300, year: 6, train_course: 0, model: 6 ===
9,8,6,7,5,2


bet: 3000
10,9,7, ss: 3000

bet: 500
8,6,7, ss: 500
8,7,6, ss: 500
6,8,7, ss: 500
6,7,8, ss: 500
7,8,6, ss: 500
7,6,8, ss: 500

bet: 300
7,5,2, ss: 300
7,5,1, ss: 300
7,2,5, ss: 300
7,2,1, ss: 300
7,1,5, ss: 300
7,1,2, ss: 300
5,2,1, ss: 300
5,1,2, ss: 300
2,5,1, ss: 300
2,1,5, ss: 300


=== rcno: 3, nData: 300, year: 6, train_course: 0, model: 6 ===
7,5,2,3,6,0


bet: 3000
8,6,3, ss: 3000

bet: 500
5,2,3, ss: 500
5,3,2, ss: 500
2,5,3, ss: 500
2,3,5, ss: 500
3,5,2, ss: 500
3,2,5, ss: 500

bet: 300
3,6,0, ss: 300
3,6,1, ss: 300
3,0,6, ss: 300
3,0,1, ss: 300
3,1,6, ss: 300
3,1,0, ss: 300
6,0,1, ss: 300
6,1,0, ss: 300
0,6,1, ss: 300
0,1,6, ss: 300


=== rcno: 4, nData: 300, year: 6, train_course: 0, model: 6 ===
2,5,6,0,1,3


bet: 3000
3,6,7, ss: 3000

bet: 500
5,6,0, ss: 500
5,0,6, ss: 500
6,5,0, ss: 500
6,0,5, ss: 500
0,5,6, ss: 500
0,6,5, ss: 500

bet: 300
0,1,3, ss: 300
0,1,7, ss: 300
0,3,1, ss: 300
0,3,7, ss: 300
0,7,1, ss: 300
0,7,3, ss: 300
1,3,7, ss: 300
1,7,3, ss: 300
3,1,7, ss: 300
3,7,1, ss: 300


=== rcno: 5, nData: 300, year: 6, train_course: 0, model: 6 ===
8,3,4,1,0,5


bet: 3000
9,4,5, ss: 3000

bet: 500
3,4,1, ss: 500
3,1,4, ss: 500
4,3,1, ss: 500
4,1,3, ss: 500
1,3,4, ss: 500
1,4,3, ss: 500

bet: 300
1,0,5, ss: 300
1,0,7, ss: 300
1,5,0, ss: 300
1,5,7, ss: 300
1,7,0, ss: 300
1,7,5, ss: 300
0,5,7, ss: 300
0,7,5, ss: 300
5,0,7, ss: 300
5,7,0, ss: 300


=== rcno: 6, nData: 300, year: 6, train_course: 0, model: 6 ===
8,6,4,3,0,5


bet: 3000
9,7,5, ss: 3000

bet: 500
6,4,3, ss: 500
6,3,4, ss: 500
4,6,3, ss: 500
4,3,6, ss: 500
3,6,4, ss: 500
3,4,6, ss: 500

bet: 300
3,0,5, ss: 300
3,0,1, ss: 300
3,5,0, ss: 300
3,5,1, ss: 300
3,1,0, ss: 300
3,1,5, ss: 300
0,5,1, ss: 300
0,1,5, ss: 300
5,0,1, ss: 300
5,1,0, ss: 300


=== rcno: 7, nData: 300, year: 6, train_course: 0, model: 6 ===
4,5,7,1,2,0


bet: 3000
5,6,8, ss: 3000

bet: 500
5,7,1, ss: 500
5,1,7, ss: 500
7,5,1, ss: 500
7,1,5, ss: 500
1,5,7, ss: 500
1,7,5, ss: 500

bet: 300
1,2,0, ss: 300
1,2,6, ss: 300
1,0,2, ss: 300
1,0,6, ss: 300
1,6,2, ss: 300
1,6,0, ss: 300
2,0,6, ss: 300
2,6,0, ss: 300
0,2,6, ss: 300
0,6,2, ss: 300


=== rcno: 8, nData: 300, year: 6, train_course: 0, model: 6 ===
8,0,7,6,1,9


bet: 3000
9,1,8, ss: 3000

bet: 500
0,7,6, ss: 500
0,6,7, ss: 500
7,0,6, ss: 500
7,6,0, ss: 500
6,0,7, ss: 500
6,7,0, ss: 500

bet: 300
6,1,9, ss: 300
6,1,10, ss: 300
6,9,1, ss: 300
6,9,10, ss: 300
6,10,1, ss: 300
6,10,9, ss: 300
1,9,10, ss: 300
1,10,9, ss: 300
9,1,10, ss: 300
9,10,1, ss: 300


=== rcno: 9, nData: 300, year: 6, train_course: 0, model: 6 ===
1,10,6,7,2,0


bet: 3000
2,11,7, ss: 3000

bet: 500
10,6,7, ss: 500
10,7,6, ss: 500
6,10,7, ss: 500
6,7,10, ss: 500
7,10,6, ss: 500
7,6,10, ss: 500

bet: 300
7,2,0, ss: 300
7,2,8, ss: 300
7,0,2, ss: 300
7,0,8, ss: 300
7,8,2, ss: 300
7,8,0, ss: 300
2,0,8, ss: 300
2,8,0, ss: 300
0,2,8, ss: 300
0,8,2, ss: 300


=== rcno: 10, nData: 300, year: 6, train_course: 0, model: 6 ===
2,4,3,6,7,1


bet: 3000
3,5,4, ss: 3000

bet: 500
4,3,6, ss: 500
4,6,3, ss: 500
3,4,6, ss: 500
3,6,4, ss: 500
6,4,3, ss: 500
6,3,4, ss: 500

bet: 300
6,7,1, ss: 300
6,7,0, ss: 300
6,1,7, ss: 300
6,1,0, ss: 300
6,0,7, ss: 300
6,0,1, ss: 300
7,1,0, ss: 300
7,0,1, ss: 300
1,7,0, ss: 300
1,0,7, ss: 300


=== rcno: 11, nData: 300, year: 6, train_course: 0, model: 6 ===
2,1,8,5,0,6


bet: 3000
3,2,9, ss: 3000

bet: 500
1,8,5, ss: 500
1,5,8, ss: 500
8,1,5, ss: 500
8,5,1, ss: 500
5,1,8, ss: 500
5,8,1, ss: 500

bet: 300
5,0,6, ss: 300
5,0,3, ss: 300
5,6,0, ss: 300
5,6,3, ss: 300
5,3,0, ss: 300
5,3,6, ss: 300
0,6,3, ss: 300
0,3,6, ss: 300
6,0,3, ss: 300
6,3,0, ss: 300