


=== rcno: 1, nData: 300, year: 6, train_course: 0, model: 6 ===
11,6,9,5,7,10


bet: 3000
12,7,10, ss: 3000

bet: 500
6,9,5, ss: 500
6,5,9, ss: 500
9,6,5, ss: 500
9,5,6, ss: 500
5,6,9, ss: 500
5,9,6, ss: 500

bet: 300
5,7,10, ss: 300
5,7,2, ss: 300
5,10,7, ss: 300
5,10,2, ss: 300
5,2,7, ss: 300
5,2,10, ss: 300
7,10,2, ss: 300
7,2,10, ss: 300
10,7,2, ss: 300
10,2,7, ss: 300


=== rcno: 2, nData: 300, year: 6, train_course: 0, model: 6 ===
2,0,10,9,8,1


bet: 3000
3,1,11, ss: 3000

bet: 500
0,10,9, ss: 500
0,9,10, ss: 500
10,0,9, ss: 500
10,9,0, ss: 500
9,0,10, ss: 500
9,10,0, ss: 500

bet: 300
9,8,1, ss: 300
9,8,6, ss: 300
9,1,8, ss: 300
9,1,6, ss: 300
9,6,8, ss: 300
9,6,1, ss: 300
8,1,6, ss: 300
8,6,1, ss: 300
1,8,6, ss: 300
1,6,8, ss: 300


=== rcno: 3, nData: 300, year: 6, train_course: 0, model: 6 ===
1,6,5,7,3,11


bet: 3000
2,7,6, ss: 3000

bet: 500
6,5,7, ss: 500
6,7,5, ss: 500
5,6,7, ss: 500
5,7,6, ss: 500
7,6,5, ss: 500
7,5,6, ss: 500

bet: 300
7,3,11, ss: 300
7,3,0, ss: 300
7,11,3, ss: 300
7,11,0, ss: 300
7,0,3, ss: 300
7,0,11, ss: 300
3,11,0, ss: 300
3,0,11, ss: 300
11,3,0, ss: 300
11,0,3, ss: 300


=== rcno: 4, nData: 300, year: 6, train_course: 0, model: 6 ===
8,4,3,7,9,0


bet: 3000
9,5,4, ss: 3000

bet: 500
4,3,7, ss: 500
4,7,3, ss: 500
3,4,7, ss: 500
3,7,4, ss: 500
7,4,3, ss: 500
7,3,4, ss: 500

bet: 300
7,9,0, ss: 300
7,9,5, ss: 300
7,0,9, ss: 300
7,0,5, ss: 300
7,5,9, ss: 300
7,5,0, ss: 300
9,0,5, ss: 300
9,5,0, ss: 300
0,9,5, ss: 300
0,5,9, ss: 300


=== rcno: 5, nData: 300, year: 6, train_course: 0, model: 6 ===
5,2,0,3,1,4


bet: 3000
6,3,1, ss: 3000

bet: 500
2,0,3, ss: 500
2,3,0, ss: 500
0,2,3, ss: 500
0,3,2, ss: 500
3,2,0, ss: 500
3,0,2, ss: 500

bet: 300
3,1,4, ss: 300
3,1,7, ss: 300
3,4,1, ss: 300
3,4,7, ss: 300
3,7,1, ss: 300
3,7,4, ss: 300
1,4,7, ss: 300
1,7,4, ss: 300
4,1,7, ss: 300
4,7,1, ss: 300


=== rcno: 6, nData: 300, year: 6, train_course: 0, model: 6 ===
2,4,5,1,6,7


bet: 3000
3,5,6, ss: 3000

bet: 500
4,5,1, ss: 500
4,1,5, ss: 500
5,4,1, ss: 500
5,1,4, ss: 500
1,4,5, ss: 500
1,5,4, ss: 500

bet: 300
1,6,7, ss: 300
1,6,3, ss: 300
1,7,6, ss: 300
1,7,3, ss: 300
1,3,6, ss: 300
1,3,7, ss: 300
6,7,3, ss: 300
6,3,7, ss: 300
7,6,3, ss: 300
7,3,6, ss: 300


=== rcno: 7, nData: 300, year: 6, train_course: 0, model: 6 ===
8,3,4,7,5,2


bet: 3000
9,4,5, ss: 3000

bet: 500
3,4,7, ss: 500
3,7,4, ss: 500
4,3,7, ss: 500
4,7,3, ss: 500
7,3,4, ss: 500
7,4,3, ss: 500

bet: 300
7,5,2, ss: 300
7,5,6, ss: 300
7,2,5, ss: 300
7,2,6, ss: 300
7,6,5, ss: 300
7,6,2, ss: 300
5,2,6, ss: 300
5,6,2, ss: 300
2,5,6, ss: 300
2,6,5, ss: 300


=== rcno: 8, nData: 300, year: 6, train_course: 0, model: 6 ===
1,8,5,2,7,6


bet: 3000
2,9,6, ss: 3000

bet: 500
8,5,2, ss: 500
8,2,5, ss: 500
5,8,2, ss: 500
5,2,8, ss: 500
2,8,5, ss: 500
2,5,8, ss: 500

bet: 300
2,7,6, ss: 300
2,7,3, ss: 300
2,6,7, ss: 300
2,6,3, ss: 300
2,3,7, ss: 300
2,3,6, ss: 300
7,6,3, ss: 300
7,3,6, ss: 300
6,7,3, ss: 300
6,3,7, ss: 300


=== rcno: 9, nData: 300, year: 6, train_course: 0, model: 6 ===
3,1,5,2,6,4


bet: 3000
4,2,6, ss: 3000

bet: 500
1,5,2, ss: 500
1,2,5, ss: 500
5,1,2, ss: 500
5,2,1, ss: 500
2,1,5, ss: 500
2,5,1, ss: 500

bet: 300
2,6,4, ss: 300
2,6,8, ss: 300
2,4,6, ss: 300
2,4,8, ss: 300
2,8,6, ss: 300
2,8,4, ss: 300
6,4,8, ss: 300
6,8,4, ss: 300
4,6,8, ss: 300
4,8,6, ss: 300


=== rcno: 10, nData: 300, year: 6, train_course: 0, model: 6 ===
0,10,4,8,2,1


bet: 3000
1,11,5, ss: 3000

bet: 500
10,4,8, ss: 500
10,8,4, ss: 500
4,10,8, ss: 500
4,8,10, ss: 500
8,10,4, ss: 500
8,4,10, ss: 500

bet: 300
8,2,1, ss: 300
8,2,7, ss: 300
8,1,2, ss: 300
8,1,7, ss: 300
8,7,2, ss: 300
8,7,1, ss: 300
2,1,7, ss: 300
2,7,1, ss: 300
1,2,7, ss: 300
1,7,2, ss: 300


=== rcno: 11, nData: 300, year: 6, train_course: 0, model: 6 ===
4,0,6,3,5,7


bet: 3000
5,1,7, ss: 3000

bet: 500
0,6,3, ss: 500
0,3,6, ss: 500
6,0,3, ss: 500
6,3,0, ss: 500
3,0,6, ss: 500
3,6,0, ss: 500

bet: 300
3,5,7, ss: 300
3,5,2, ss: 300
3,7,5, ss: 300
3,7,2, ss: 300
3,2,5, ss: 300
3,2,7, ss: 300
5,7,2, ss: 300
5,2,7, ss: 300
7,5,2, ss: 300
7,2,5, ss: 300


=== rcno: 12, nData: 300, year: 6, train_course: 0, model: 6 ===
1,6,2,0,9,4


bet: 3000
2,7,3, ss: 3000

bet: 500
6,2,0, ss: 500
6,0,2, ss: 500
2,6,0, ss: 500
2,0,6, ss: 500
0,6,2, ss: 500
0,2,6, ss: 500

bet: 300
0,9,4, ss: 300
0,9,8, ss: 300
0,4,9, ss: 300
0,4,8, ss: 300
0,8,9, ss: 300
0,8,4, ss: 300
9,4,8, ss: 300
9,8,4, ss: 300
4,9,8, ss: 300
4,8,9, ss: 300


=== rcno: 13, nData: 300, year: 6, train_course: 0, model: 6 ===
7,10,2,9,1,8


bet: 3000
8,11,3, ss: 3000

bet: 500
10,2,9, ss: 500
10,9,2, ss: 500
2,10,9, ss: 500
2,9,10, ss: 500
9,10,2, ss: 500
9,2,10, ss: 500

bet: 300
9,1,8, ss: 300
9,1,4, ss: 300
9,8,1, ss: 300
9,8,4, ss: 300
9,4,1, ss: 300
9,4,8, ss: 300
1,8,4, ss: 300
1,4,8, ss: 300
8,1,4, ss: 300
8,4,1, ss: 300


=== rcno: 14, nData: 300, year: 6, train_course: 0, model: 6 ===
3,8,7,4,5,6


bet: 3000
4,9,8, ss: 3000

bet: 500
8,7,4, ss: 500
8,4,7, ss: 500
7,8,4, ss: 500
7,4,8, ss: 500
4,8,7, ss: 500
4,7,8, ss: 500

bet: 300
4,5,6, ss: 300
4,5,0, ss: 300
4,6,5, ss: 300
4,6,0, ss: 300
4,0,5, ss: 300
4,0,6, ss: 300
5,6,0, ss: 300
5,0,6, ss: 300
6,5,0, ss: 300
6,0,5, ss: 300


=== rcno: 15, nData: 300, year: 6, train_course: 0, model: 6 ===
1,5,7,0,8,9


bet: 3000
2,6,8, ss: 3000

bet: 500
5,7,0, ss: 500
5,0,7, ss: 500
7,5,0, ss: 500
7,0,5, ss: 500
0,5,7, ss: 500
0,7,5, ss: 500

bet: 300
0,8,9, ss: 300
0,8,11, ss: 300
0,9,8, ss: 300
0,9,11, ss: 300
0,11,8, ss: 300
0,11,9, ss: 300
8,9,11, ss: 300
8,11,9, ss: 300
9,8,11, ss: 300
9,11,8, ss: 300


=== rcno: 1, nData: 300, year: 6, train_course: 0, model: 6 ===
11,9,6,7,5,10


bet: 3000
12,10,7, ss: 3000

bet: 500
9,6,7, ss: 500
9,7,6, ss: 500
6,9,7, ss: 500
6,7,9, ss: 500
7,9,6, ss: 500
7,6,9, ss: 500

bet: 300
7,5,10, ss: 300
7,5,2, ss: 300
7,10,5, ss: 300
7,10,2, ss: 300
7,2,5, ss: 300
7,2,10, ss: 300
5,10,2, ss: 300
5,2,10, ss: 300
10,5,2, ss: 300
10,2,5, ss: 300


=== rcno: 2, nData: 300, year: 6, train_course: 0, model: 6 ===
2,10,0,9,8,1


bet: 3000
3,11,1, ss: 3000

bet: 500
10,0,9, ss: 500
10,9,0, ss: 500
0,10,9, ss: 500
0,9,10, ss: 500
9,10,0, ss: 500
9,0,10, ss: 500

bet: 300
9,8,1, ss: 300
9,8,11, ss: 300
9,1,8, ss: 300
9,1,11, ss: 300
9,11,8, ss: 300
9,11,1, ss: 300
8,1,11, ss: 300
8,11,1, ss: 300
1,8,11, ss: 300
1,11,8, ss: 300


=== rcno: 3, nData: 300, year: 6, train_course: 0, model: 6 ===
1,7,3,5,6,11


bet: 3000
2,8,4, ss: 3000

bet: 500
7,3,5, ss: 500
7,5,3, ss: 500
3,7,5, ss: 500
3,5,7, ss: 500
5,7,3, ss: 500
5,3,7, ss: 500

bet: 300
5,6,11, ss: 300
5,6,0, ss: 300
5,11,6, ss: 300
5,11,0, ss: 300
5,0,6, ss: 300
5,0,11, ss: 300
6,11,0, ss: 300
6,0,11, ss: 300
11,6,0, ss: 300
11,0,6, ss: 300


=== rcno: 4, nData: 300, year: 6, train_course: 0, model: 6 ===
8,4,3,7,1,9


bet: 3000
9,5,4, ss: 3000

bet: 500
4,3,7, ss: 500
4,7,3, ss: 500
3,4,7, ss: 500
3,7,4, ss: 500
7,4,3, ss: 500
7,3,4, ss: 500

bet: 300
7,1,9, ss: 300
7,1,5, ss: 300
7,9,1, ss: 300
7,9,5, ss: 300
7,5,1, ss: 300
7,5,9, ss: 300
1,9,5, ss: 300
1,5,9, ss: 300
9,1,5, ss: 300
9,5,1, ss: 300


=== rcno: 5, nData: 300, year: 6, train_course: 0, model: 6 ===
5,2,1,3,0,7


bet: 3000
6,3,2, ss: 3000

bet: 500
2,1,3, ss: 500
2,3,1, ss: 500
1,2,3, ss: 500
1,3,2, ss: 500
3,2,1, ss: 500
3,1,2, ss: 500

bet: 300
3,0,7, ss: 300
3,0,4, ss: 300
3,7,0, ss: 300
3,7,4, ss: 300
3,4,0, ss: 300
3,4,7, ss: 300
0,7,4, ss: 300
0,4,7, ss: 300
7,0,4, ss: 300
7,4,0, ss: 300


=== rcno: 6, nData: 300, year: 6, train_course: 0, model: 6 ===
2,1,4,6,5,7


bet: 3000
3,2,5, ss: 3000

bet: 500
1,4,6, ss: 500
1,6,4, ss: 500
4,1,6, ss: 500
4,6,1, ss: 500
6,1,4, ss: 500
6,4,1, ss: 500

bet: 300
6,5,7, ss: 300
6,5,3, ss: 300
6,7,5, ss: 300
6,7,3, ss: 300
6,3,5, ss: 300
6,3,7, ss: 300
5,7,3, ss: 300
5,3,7, ss: 300
7,5,3, ss: 300
7,3,5, ss: 300


=== rcno: 7, nData: 300, year: 6, train_course: 0, model: 6 ===
8,3,5,2,1,6


bet: 3000
9,4,6, ss: 3000

bet: 500
3,5,2, ss: 500
3,2,5, ss: 500
5,3,2, ss: 500
5,2,3, ss: 500
2,3,5, ss: 500
2,5,3, ss: 500

bet: 300
2,1,6, ss: 300
2,1,0, ss: 300
2,6,1, ss: 300
2,6,0, ss: 300
2,0,1, ss: 300
2,0,6, ss: 300
1,6,0, ss: 300
1,0,6, ss: 300
6,1,0, ss: 300
6,0,1, ss: 300


=== rcno: 8, nData: 300, year: 6, train_course: 0, model: 6 ===
1,5,8,2,7,6


bet: 3000
2,6,9, ss: 3000

bet: 500
5,8,2, ss: 500
5,2,8, ss: 500
8,5,2, ss: 500
8,2,5, ss: 500
2,5,8, ss: 500
2,8,5, ss: 500

bet: 300
2,7,6, ss: 300
2,7,3, ss: 300
2,6,7, ss: 300
2,6,3, ss: 300
2,3,7, ss: 300
2,3,6, ss: 300
7,6,3, ss: 300
7,3,6, ss: 300
6,7,3, ss: 300
6,3,7, ss: 300


=== rcno: 9, nData: 300, year: 6, train_course: 0, model: 6 ===
1,2,3,6,5,0


bet: 3000
2,3,4, ss: 3000

bet: 500
2,3,6, ss: 500
2,6,3, ss: 500
3,2,6, ss: 500
3,6,2, ss: 500
6,2,3, ss: 500
6,3,2, ss: 500

bet: 300
6,5,0, ss: 300
6,5,4, ss: 300
6,0,5, ss: 300
6,0,4, ss: 300
6,4,5, ss: 300
6,4,0, ss: 300
5,0,4, ss: 300
5,4,0, ss: 300
0,5,4, ss: 300
0,4,5, ss: 300


=== rcno: 10, nData: 300, year: 6, train_course: 0, model: 6 ===
10,0,2,8,4,1


bet: 3000
11,1,3, ss: 3000

bet: 500
0,2,8, ss: 500
0,8,2, ss: 500
2,0,8, ss: 500
2,8,0, ss: 500
8,0,2, ss: 500
8,2,0, ss: 500

bet: 300
8,4,1, ss: 300
8,4,6, ss: 300
8,1,4, ss: 300
8,1,6, ss: 300
8,6,4, ss: 300
8,6,1, ss: 300
4,1,6, ss: 300
4,6,1, ss: 300
1,4,6, ss: 300
1,6,4, ss: 300


=== rcno: 11, nData: 300, year: 6, train_course: 0, model: 6 ===
4,0,6,3,5,7


bet: 3000
5,1,7, ss: 3000

bet: 500
0,6,3, ss: 500
0,3,6, ss: 500
6,0,3, ss: 500
6,3,0, ss: 500
3,0,6, ss: 500
3,6,0, ss: 500

bet: 300
3,5,7, ss: 300
3,5,2, ss: 300
3,7,5, ss: 300
3,7,2, ss: 300
3,2,5, ss: 300
3,2,7, ss: 300
5,7,2, ss: 300
5,2,7, ss: 300
7,5,2, ss: 300
7,2,5, ss: 300


=== rcno: 12, nData: 300, year: 6, train_course: 0, model: 6 ===
1,6,2,0,9,3


bet: 3000
2,7,3, ss: 3000

bet: 500
6,2,0, ss: 500
6,0,2, ss: 500
2,6,0, ss: 500
2,0,6, ss: 500
0,6,2, ss: 500
0,2,6, ss: 500

bet: 300
0,9,3, ss: 300
0,9,4, ss: 300
0,3,9, ss: 300
0,3,4, ss: 300
0,4,9, ss: 300
0,4,3, ss: 300
9,3,4, ss: 300
9,4,3, ss: 300
3,9,4, ss: 300
3,4,9, ss: 300


=== rcno: 13, nData: 300, year: 6, train_course: 0, model: 6 ===
7,10,2,9,8,1


bet: 3000
8,11,3, ss: 3000

bet: 500
10,2,9, ss: 500
10,9,2, ss: 500
2,10,9, ss: 500
2,9,10, ss: 500
9,10,2, ss: 500
9,2,10, ss: 500

bet: 300
9,8,1, ss: 300
9,8,4, ss: 300
9,1,8, ss: 300
9,1,4, ss: 300
9,4,8, ss: 300
9,4,1, ss: 300
8,1,4, ss: 300
8,4,1, ss: 300
1,8,4, ss: 300
1,4,8, ss: 300


=== rcno: 14, nData: 300, year: 6, train_course: 0, model: 6 ===
8,3,7,5,4,6


bet: 3000
9,4,8, ss: 3000

bet: 500
3,7,5, ss: 500
3,5,7, ss: 500
7,3,5, ss: 500
7,5,3, ss: 500
5,3,7, ss: 500
5,7,3, ss: 500

bet: 300
5,4,6, ss: 300
5,4,0, ss: 300
5,6,4, ss: 300
5,6,0, ss: 300
5,0,4, ss: 300
5,0,6, ss: 300
4,6,0, ss: 300
4,0,6, ss: 300
6,4,0, ss: 300
6,0,4, ss: 300


=== rcno: 15, nData: 300, year: 6, train_course: 0, model: 6 ===
5,1,0,11,8,9


bet: 3000
6,2,1, ss: 3000

bet: 500
1,0,11, ss: 500
1,11,0, ss: 500
0,1,11, ss: 500
0,11,1, ss: 500
11,1,0, ss: 500
11,0,1, ss: 500

bet: 300
11,8,9, ss: 300
11,8,6, ss: 300
11,9,8, ss: 300
11,9,6, ss: 300
11,6,8, ss: 300
11,6,9, ss: 300
8,9,6, ss: 300
8,6,9, ss: 300
9,8,6, ss: 300
9,6,8, ss: 300


=== rcno: 1, nData: 300, year: 6, train_course: 0, model: 6 ===
11,6,9,5,2,7


bet: 3000
12,7,10, ss: 3000

bet: 500
6,9,5, ss: 500
6,5,9, ss: 500
9,6,5, ss: 500
9,5,6, ss: 500
5,6,9, ss: 500
5,9,6, ss: 500

bet: 300
5,2,7, ss: 300
5,2,10, ss: 300
5,7,2, ss: 300
5,7,10, ss: 300
5,10,2, ss: 300
5,10,7, ss: 300
2,7,10, ss: 300
2,10,7, ss: 300
7,2,10, ss: 300
7,10,2, ss: 300


=== rcno: 2, nData: 300, year: 6, train_course: 0, model: 6 ===
10,2,1,0,8,11


bet: 3000
11,3,2, ss: 3000

bet: 500
2,1,0, ss: 500
2,0,1, ss: 500
1,2,0, ss: 500
1,0,2, ss: 500
0,2,1, ss: 500
0,1,2, ss: 500

bet: 300
0,8,11, ss: 300
0,8,9, ss: 300
0,11,8, ss: 300
0,11,9, ss: 300
0,9,8, ss: 300
0,9,11, ss: 300
8,11,9, ss: 300
8,9,11, ss: 300
11,8,9, ss: 300
11,9,8, ss: 300


=== rcno: 3, nData: 300, year: 6, train_course: 0, model: 6 ===
1,7,3,6,5,11


bet: 3000
2,8,4, ss: 3000

bet: 500
7,3,6, ss: 500
7,6,3, ss: 500
3,7,6, ss: 500
3,6,7, ss: 500
6,7,3, ss: 500
6,3,7, ss: 500

bet: 300
6,5,11, ss: 300
6,5,8, ss: 300
6,11,5, ss: 300
6,11,8, ss: 300
6,8,5, ss: 300
6,8,11, ss: 300
5,11,8, ss: 300
5,8,11, ss: 300
11,5,8, ss: 300
11,8,5, ss: 300


=== rcno: 4, nData: 300, year: 6, train_course: 0, model: 6 ===
8,3,7,4,1,10


bet: 3000
9,4,8, ss: 3000

bet: 500
3,7,4, ss: 500
3,4,7, ss: 500
7,3,4, ss: 500
7,4,3, ss: 500
4,3,7, ss: 500
4,7,3, ss: 500

bet: 300
4,1,10, ss: 300
4,1,9, ss: 300
4,10,1, ss: 300
4,10,9, ss: 300
4,9,1, ss: 300
4,9,10, ss: 300
1,10,9, ss: 300
1,9,10, ss: 300
10,1,9, ss: 300
10,9,1, ss: 300


=== rcno: 5, nData: 300, year: 6, train_course: 0, model: 6 ===
5,2,3,1,7,0


bet: 3000
6,3,4, ss: 3000

bet: 500
2,3,1, ss: 500
2,1,3, ss: 500
3,2,1, ss: 500
3,1,2, ss: 500
1,2,3, ss: 500
1,3,2, ss: 500

bet: 300
1,7,0, ss: 300
1,7,4, ss: 300
1,0,7, ss: 300
1,0,4, ss: 300
1,4,7, ss: 300
1,4,0, ss: 300
7,0,4, ss: 300
7,4,0, ss: 300
0,7,4, ss: 300
0,4,7, ss: 300


=== rcno: 6, nData: 300, year: 6, train_course: 0, model: 6 ===
2,4,1,6,5,7


bet: 3000
3,5,2, ss: 3000

bet: 500
4,1,6, ss: 500
4,6,1, ss: 500
1,4,6, ss: 500
1,6,4, ss: 500
6,4,1, ss: 500
6,1,4, ss: 500

bet: 300
6,5,7, ss: 300
6,5,3, ss: 300
6,7,5, ss: 300
6,7,3, ss: 300
6,3,5, ss: 300
6,3,7, ss: 300
5,7,3, ss: 300
5,3,7, ss: 300
7,5,3, ss: 300
7,3,5, ss: 300


=== rcno: 7, nData: 300, year: 6, train_course: 0, model: 6 ===
8,3,5,2,6,0


bet: 3000
9,4,6, ss: 3000

bet: 500
3,5,2, ss: 500
3,2,5, ss: 500
5,3,2, ss: 500
5,2,3, ss: 500
2,3,5, ss: 500
2,5,3, ss: 500

bet: 300
2,6,0, ss: 300
2,6,7, ss: 300
2,0,6, ss: 300
2,0,7, ss: 300
2,7,6, ss: 300
2,7,0, ss: 300
6,0,7, ss: 300
6,7,0, ss: 300
0,6,7, ss: 300
0,7,6, ss: 300


=== rcno: 8, nData: 300, year: 6, train_course: 0, model: 6 ===
1,5,8,2,7,6


bet: 3000
2,6,9, ss: 3000

bet: 500
5,8,2, ss: 500
5,2,8, ss: 500
8,5,2, ss: 500
8,2,5, ss: 500
2,5,8, ss: 500
2,8,5, ss: 500

bet: 300
2,7,6, ss: 300
2,7,3, ss: 300
2,6,7, ss: 300
2,6,3, ss: 300
2,3,7, ss: 300
2,3,6, ss: 300
7,6,3, ss: 300
7,3,6, ss: 300
6,7,3, ss: 300
6,3,7, ss: 300


=== rcno: 9, nData: 300, year: 6, train_course: 0, model: 6 ===
2,1,3,5,6,0


bet: 3000
3,2,4, ss: 3000

bet: 500
1,3,5, ss: 500
1,5,3, ss: 500
3,1,5, ss: 500
3,5,1, ss: 500
5,1,3, ss: 500
5,3,1, ss: 500

bet: 300
5,6,0, ss: 300
5,6,4, ss: 300
5,0,6, ss: 300
5,0,4, ss: 300
5,4,6, ss: 300
5,4,0, ss: 300
6,0,4, ss: 300
6,4,0, ss: 300
0,6,4, ss: 300
0,4,6, ss: 300


=== rcno: 10, nData: 300, year: 6, train_course: 0, model: 6 ===
10,0,2,3,4,6


bet: 3000
11,1,3, ss: 3000

bet: 500
0,2,3, ss: 500
0,3,2, ss: 500
2,0,3, ss: 500
2,3,0, ss: 500
3,0,2, ss: 500
3,2,0, ss: 500

bet: 300
3,4,6, ss: 300
3,4,8, ss: 300
3,6,4, ss: 300
3,6,8, ss: 300
3,8,4, ss: 300
3,8,6, ss: 300
4,6,8, ss: 300
4,8,6, ss: 300
6,4,8, ss: 300
6,8,4, ss: 300


=== rcno: 11, nData: 300, year: 6, train_course: 0, model: 6 ===
4,6,0,5,3,7


bet: 3000
5,7,1, ss: 3000

bet: 500
6,0,5, ss: 500
6,5,0, ss: 500
0,6,5, ss: 500
0,5,6, ss: 500
5,6,0, ss: 500
5,0,6, ss: 500

bet: 300
5,3,7, ss: 300
5,3,2, ss: 300
5,7,3, ss: 300
5,7,2, ss: 300
5,2,3, ss: 300
5,2,7, ss: 300
3,7,2, ss: 300
3,2,7, ss: 300
7,3,2, ss: 300
7,2,3, ss: 300


=== rcno: 12, nData: 300, year: 6, train_course: 0, model: 6 ===
1,6,0,3,9,2


bet: 3000
2,7,1, ss: 3000

bet: 500
6,0,3, ss: 500
6,3,0, ss: 500
0,6,3, ss: 500
0,3,6, ss: 500
3,6,0, ss: 500
3,0,6, ss: 500

bet: 300
3,9,2, ss: 300
3,9,4, ss: 300
3,2,9, ss: 300
3,2,4, ss: 300
3,4,9, ss: 300
3,4,2, ss: 300
9,2,4, ss: 300
9,4,2, ss: 300
2,9,4, ss: 300
2,4,9, ss: 300


=== rcno: 13, nData: 300, year: 6, train_course: 0, model: 6 ===
7,2,10,9,1,4


bet: 3000
8,3,11, ss: 3000

bet: 500
2,10,9, ss: 500
2,9,10, ss: 500
10,2,9, ss: 500
10,9,2, ss: 500
9,2,10, ss: 500
9,10,2, ss: 500

bet: 300
9,1,4, ss: 300
9,1,8, ss: 300
9,4,1, ss: 300
9,4,8, ss: 300
9,8,1, ss: 300
9,8,4, ss: 300
1,4,8, ss: 300
1,8,4, ss: 300
4,1,8, ss: 300
4,8,1, ss: 300


=== rcno: 14, nData: 300, year: 6, train_course: 0, model: 6 ===
7,8,3,5,4,6


bet: 3000
8,9,4, ss: 3000

bet: 500
8,3,5, ss: 500
8,5,3, ss: 500
3,8,5, ss: 500
3,5,8, ss: 500
5,8,3, ss: 500
5,3,8, ss: 500

bet: 300
5,4,6, ss: 300
5,4,0, ss: 300
5,6,4, ss: 300
5,6,0, ss: 300
5,0,4, ss: 300
5,0,6, ss: 300
4,6,0, ss: 300
4,0,6, ss: 300
6,4,0, ss: 300
6,0,4, ss: 300


=== rcno: 15, nData: 300, year: 6, train_course: 0, model: 6 ===
5,1,0,11,6,8


bet: 3000
6,2,1, ss: 3000

bet: 500
1,0,11, ss: 500
1,11,0, ss: 500
0,1,11, ss: 500
0,11,1, ss: 500
11,1,0, ss: 500
11,0,1, ss: 500

bet: 300
11,6,8, ss: 300
11,6,9, ss: 300
11,8,6, ss: 300
11,8,9, ss: 300
11,9,6, ss: 300
11,9,8, ss: 300
6,8,9, ss: 300
6,9,8, ss: 300
8,6,9, ss: 300
8,9,6, ss: 300


=== rcno: 1, nData: 300, year: 6, train_course: 0, model: 6 ===
6,11,9,5,7,2


bet: 3000
7,12,10, ss: 3000

bet: 500
11,9,5, ss: 500
11,5,9, ss: 500
9,11,5, ss: 500
9,5,11, ss: 500
5,11,9, ss: 500
5,9,11, ss: 500

bet: 300
5,7,2, ss: 300
5,7,10, ss: 300
5,2,7, ss: 300
5,2,10, ss: 300
5,10,7, ss: 300
5,10,2, ss: 300
7,2,10, ss: 300
7,10,2, ss: 300
2,7,10, ss: 300
2,10,7, ss: 300


=== rcno: 2, nData: 300, year: 6, train_course: 0, model: 6 ===
2,10,8,1,9,0


bet: 3000
3,11,9, ss: 3000

bet: 500
10,8,1, ss: 500
10,1,8, ss: 500
8,10,1, ss: 500
8,1,10, ss: 500
1,10,8, ss: 500
1,8,10, ss: 500

bet: 300
1,9,0, ss: 300
1,9,6, ss: 300
1,0,9, ss: 300
1,0,6, ss: 300
1,6,9, ss: 300
1,6,0, ss: 300
9,0,6, ss: 300
9,6,0, ss: 300
0,9,6, ss: 300
0,6,9, ss: 300


=== rcno: 3, nData: 300, year: 6, train_course: 0, model: 6 ===
1,7,3,5,6,11


bet: 3000
2,8,4, ss: 3000

bet: 500
7,3,5, ss: 500
7,5,3, ss: 500
3,7,5, ss: 500
3,5,7, ss: 500
5,7,3, ss: 500
5,3,7, ss: 500

bet: 300
5,6,11, ss: 300
5,6,9, ss: 300
5,11,6, ss: 300
5,11,9, ss: 300
5,9,6, ss: 300
5,9,11, ss: 300
6,11,9, ss: 300
6,9,11, ss: 300
11,6,9, ss: 300
11,9,6, ss: 300


=== rcno: 4, nData: 300, year: 6, train_course: 0, model: 6 ===
4,8,3,9,7,1


bet: 3000
5,9,4, ss: 3000

bet: 500
8,3,9, ss: 500
8,9,3, ss: 500
3,8,9, ss: 500
3,9,8, ss: 500
9,8,3, ss: 500
9,3,8, ss: 500

bet: 300
9,7,1, ss: 300
9,7,10, ss: 300
9,1,7, ss: 300
9,1,10, ss: 300
9,10,7, ss: 300
9,10,1, ss: 300
7,1,10, ss: 300
7,10,1, ss: 300
1,7,10, ss: 300
1,10,7, ss: 300


=== rcno: 5, nData: 300, year: 6, train_course: 0, model: 6 ===
5,2,1,0,3,7


bet: 3000
6,3,2, ss: 3000

bet: 500
2,1,0, ss: 500
2,0,1, ss: 500
1,2,0, ss: 500
1,0,2, ss: 500
0,2,1, ss: 500
0,1,2, ss: 500

bet: 300
0,3,7, ss: 300
0,3,4, ss: 300
0,7,3, ss: 300
0,7,4, ss: 300
0,4,3, ss: 300
0,4,7, ss: 300
3,7,4, ss: 300
3,4,7, ss: 300
7,3,4, ss: 300
7,4,3, ss: 300


=== rcno: 6, nData: 300, year: 6, train_course: 0, model: 6 ===
5,1,2,6,7,4


bet: 3000
6,2,3, ss: 3000

bet: 500
1,2,6, ss: 500
1,6,2, ss: 500
2,1,6, ss: 500
2,6,1, ss: 500
6,1,2, ss: 500
6,2,1, ss: 500

bet: 300
6,7,4, ss: 300
6,7,3, ss: 300
6,4,7, ss: 300
6,4,3, ss: 300
6,3,7, ss: 300
6,3,4, ss: 300
7,4,3, ss: 300
7,3,4, ss: 300
4,7,3, ss: 300
4,3,7, ss: 300


=== rcno: 7, nData: 300, year: 6, train_course: 0, model: 6 ===
8,3,5,2,6,7


bet: 3000
9,4,6, ss: 3000

bet: 500
3,5,2, ss: 500
3,2,5, ss: 500
5,3,2, ss: 500
5,2,3, ss: 500
2,3,5, ss: 500
2,5,3, ss: 500

bet: 300
2,6,7, ss: 300
2,6,1, ss: 300
2,7,6, ss: 300
2,7,1, ss: 300
2,1,6, ss: 300
2,1,7, ss: 300
6,7,1, ss: 300
6,1,7, ss: 300
7,6,1, ss: 300
7,1,6, ss: 300


=== rcno: 8, nData: 300, year: 6, train_course: 0, model: 6 ===
1,8,5,7,2,6


bet: 3000
2,9,6, ss: 3000

bet: 500
8,5,7, ss: 500
8,7,5, ss: 500
5,8,7, ss: 500
5,7,8, ss: 500
7,8,5, ss: 500
7,5,8, ss: 500

bet: 300
7,2,6, ss: 300
7,2,3, ss: 300
7,6,2, ss: 300
7,6,3, ss: 300
7,3,2, ss: 300
7,3,6, ss: 300
2,6,3, ss: 300
2,3,6, ss: 300
6,2,3, ss: 300
6,3,2, ss: 300


=== rcno: 9, nData: 300, year: 6, train_course: 0, model: 6 ===
3,1,6,2,5,4


bet: 3000
4,2,7, ss: 3000

bet: 500
1,6,2, ss: 500
1,2,6, ss: 500
6,1,2, ss: 500
6,2,1, ss: 500
2,1,6, ss: 500
2,6,1, ss: 500

bet: 300
2,5,4, ss: 300
2,5,0, ss: 300
2,4,5, ss: 300
2,4,0, ss: 300
2,0,5, ss: 300
2,0,4, ss: 300
5,4,0, ss: 300
5,0,4, ss: 300
4,5,0, ss: 300
4,0,5, ss: 300


=== rcno: 10, nData: 300, year: 6, train_course: 0, model: 6 ===
0,10,2,8,4,6


bet: 3000
1,11,3, ss: 3000

bet: 500
10,2,8, ss: 500
10,8,2, ss: 500
2,10,8, ss: 500
2,8,10, ss: 500
8,10,2, ss: 500
8,2,10, ss: 500

bet: 300
8,4,6, ss: 300
8,4,3, ss: 300
8,6,4, ss: 300
8,6,3, ss: 300
8,3,4, ss: 300
8,3,6, ss: 300
4,6,3, ss: 300
4,3,6, ss: 300
6,4,3, ss: 300
6,3,4, ss: 300


=== rcno: 11, nData: 300, year: 6, train_course: 0, model: 6 ===
4,0,6,3,5,7


bet: 3000
5,1,7, ss: 3000

bet: 500
0,6,3, ss: 500
0,3,6, ss: 500
6,0,3, ss: 500
6,3,0, ss: 500
3,0,6, ss: 500
3,6,0, ss: 500

bet: 300
3,5,7, ss: 300
3,5,2, ss: 300
3,7,5, ss: 300
3,7,2, ss: 300
3,2,5, ss: 300
3,2,7, ss: 300
5,7,2, ss: 300
5,2,7, ss: 300
7,5,2, ss: 300
7,2,5, ss: 300


=== rcno: 12, nData: 300, year: 6, train_course: 0, model: 6 ===
1,6,2,4,0,3


bet: 3000
2,7,3, ss: 3000

bet: 500
6,2,4, ss: 500
6,4,2, ss: 500
2,6,4, ss: 500
2,4,6, ss: 500
4,6,2, ss: 500
4,2,6, ss: 500

bet: 300
4,0,3, ss: 300
4,0,9, ss: 300
4,3,0, ss: 300
4,3,9, ss: 300
4,9,0, ss: 300
4,9,3, ss: 300
0,3,9, ss: 300
0,9,3, ss: 300
3,0,9, ss: 300
3,9,0, ss: 300


=== rcno: 13, nData: 300, year: 6, train_course: 0, model: 6 ===
7,2,10,9,8,0


bet: 3000
8,3,11, ss: 3000

bet: 500
2,10,9, ss: 500
2,9,10, ss: 500
10,2,9, ss: 500
10,9,2, ss: 500
9,2,10, ss: 500
9,10,2, ss: 500

bet: 300
9,8,0, ss: 300
9,8,1, ss: 300
9,0,8, ss: 300
9,0,1, ss: 300
9,1,8, ss: 300
9,1,0, ss: 300
8,0,1, ss: 300
8,1,0, ss: 300
0,8,1, ss: 300
0,1,8, ss: 300


=== rcno: 14, nData: 300, year: 6, train_course: 0, model: 6 ===
8,7,3,5,4,0


bet: 3000
9,8,4, ss: 3000

bet: 500
7,3,5, ss: 500
7,5,3, ss: 500
3,7,5, ss: 500
3,5,7, ss: 500
5,7,3, ss: 500
5,3,7, ss: 500

bet: 300
5,4,0, ss: 300
5,4,6, ss: 300
5,0,4, ss: 300
5,0,6, ss: 300
5,6,4, ss: 300
5,6,0, ss: 300
4,0,6, ss: 300
4,6,0, ss: 300
0,4,6, ss: 300
0,6,4, ss: 300


=== rcno: 15, nData: 300, year: 6, train_course: 0, model: 6 ===
1,5,0,7,9,6


bet: 3000
2,6,1, ss: 3000

bet: 500
5,0,7, ss: 500
5,7,0, ss: 500
0,5,7, ss: 500
0,7,5, ss: 500
7,5,0, ss: 500
7,0,5, ss: 500

bet: 300
7,9,6, ss: 300
7,9,11, ss: 300
7,6,9, ss: 300
7,6,11, ss: 300
7,11,9, ss: 300
7,11,6, ss: 300
9,6,11, ss: 300
9,11,6, ss: 300
6,9,11, ss: 300
6,11,9, ss: 300


=== rcno: 1, nData: 300, year: 6, train_course: 0, model: 6 ===
11,6,9,5,2,7


bet: 3000
12,7,10, ss: 3000

bet: 500
6,9,5, ss: 500
6,5,9, ss: 500
9,6,5, ss: 500
9,5,6, ss: 500
5,6,9, ss: 500
5,9,6, ss: 500

bet: 300
5,2,7, ss: 300
5,2,10, ss: 300
5,7,2, ss: 300
5,7,10, ss: 300
5,10,2, ss: 300
5,10,7, ss: 300
2,7,10, ss: 300
2,10,7, ss: 300
7,2,10, ss: 300
7,10,2, ss: 300


=== rcno: 2, nData: 300, year: 6, train_course: 0, model: 6 ===
2,10,8,9,1,0


bet: 3000
3,11,9, ss: 3000

bet: 500
10,8,9, ss: 500
10,9,8, ss: 500
8,10,9, ss: 500
8,9,10, ss: 500
9,10,8, ss: 500
9,8,10, ss: 500

bet: 300
9,1,0, ss: 300
9,1,6, ss: 300
9,0,1, ss: 300
9,0,6, ss: 300
9,6,1, ss: 300
9,6,0, ss: 300
1,0,6, ss: 300
1,6,0, ss: 300
0,1,6, ss: 300
0,6,1, ss: 300


=== rcno: 3, nData: 300, year: 6, train_course: 0, model: 6 ===
1,7,5,6,11,3


bet: 3000
2,8,6, ss: 3000

bet: 500
7,5,6, ss: 500
7,6,5, ss: 500
5,7,6, ss: 500
5,6,7, ss: 500
6,7,5, ss: 500
6,5,7, ss: 500

bet: 300
6,11,3, ss: 300
6,11,0, ss: 300
6,3,11, ss: 300
6,3,0, ss: 300
6,0,11, ss: 300
6,0,3, ss: 300
11,3,0, ss: 300
11,0,3, ss: 300
3,11,0, ss: 300
3,0,11, ss: 300


=== rcno: 4, nData: 300, year: 6, train_course: 0, model: 6 ===
8,4,3,9,7,10


bet: 3000
9,5,4, ss: 3000

bet: 500
4,3,9, ss: 500
4,9,3, ss: 500
3,4,9, ss: 500
3,9,4, ss: 500
9,4,3, ss: 500
9,3,4, ss: 500

bet: 300
9,7,10, ss: 300
9,7,1, ss: 300
9,10,7, ss: 300
9,10,1, ss: 300
9,1,7, ss: 300
9,1,10, ss: 300
7,10,1, ss: 300
7,1,10, ss: 300
10,7,1, ss: 300
10,1,7, ss: 300


=== rcno: 5, nData: 300, year: 6, train_course: 0, model: 6 ===
2,5,0,1,3,4


bet: 3000
3,6,1, ss: 3000

bet: 500
5,0,1, ss: 500
5,1,0, ss: 500
0,5,1, ss: 500
0,1,5, ss: 500
1,5,0, ss: 500
1,0,5, ss: 500

bet: 300
1,3,4, ss: 300
1,3,7, ss: 300
1,4,3, ss: 300
1,4,7, ss: 300
1,7,3, ss: 300
1,7,4, ss: 300
3,4,7, ss: 300
3,7,4, ss: 300
4,3,7, ss: 300
4,7,3, ss: 300


=== rcno: 6, nData: 300, year: 6, train_course: 0, model: 6 ===
1,2,5,6,7,3


bet: 3000
2,3,6, ss: 3000

bet: 500
2,5,6, ss: 500
2,6,5, ss: 500
5,2,6, ss: 500
5,6,2, ss: 500
6,2,5, ss: 500
6,5,2, ss: 500

bet: 300
6,7,3, ss: 300
6,7,4, ss: 300
6,3,7, ss: 300
6,3,4, ss: 300
6,4,7, ss: 300
6,4,3, ss: 300
7,3,4, ss: 300
7,4,3, ss: 300
3,7,4, ss: 300
3,4,7, ss: 300


=== rcno: 7, nData: 300, year: 6, train_course: 0, model: 6 ===
8,3,2,5,1,7


bet: 3000
9,4,3, ss: 3000

bet: 500
3,2,5, ss: 500
3,5,2, ss: 500
2,3,5, ss: 500
2,5,3, ss: 500
5,3,2, ss: 500
5,2,3, ss: 500

bet: 300
5,1,7, ss: 300
5,1,6, ss: 300
5,7,1, ss: 300
5,7,6, ss: 300
5,6,1, ss: 300
5,6,7, ss: 300
1,7,6, ss: 300
1,6,7, ss: 300
7,1,6, ss: 300
7,6,1, ss: 300


=== rcno: 8, nData: 300, year: 6, train_course: 0, model: 6 ===
1,8,2,7,5,6


bet: 3000
2,9,3, ss: 3000

bet: 500
8,2,7, ss: 500
8,7,2, ss: 500
2,8,7, ss: 500
2,7,8, ss: 500
7,8,2, ss: 500
7,2,8, ss: 500

bet: 300
7,5,6, ss: 300
7,5,3, ss: 300
7,6,5, ss: 300
7,6,3, ss: 300
7,3,5, ss: 300
7,3,6, ss: 300
5,6,3, ss: 300
5,3,6, ss: 300
6,5,3, ss: 300
6,3,5, ss: 300


=== rcno: 9, nData: 300, year: 6, train_course: 0, model: 6 ===
3,1,2,5,6,4


bet: 3000
4,2,3, ss: 3000

bet: 500
1,2,5, ss: 500
1,5,2, ss: 500
2,1,5, ss: 500
2,5,1, ss: 500
5,1,2, ss: 500
5,2,1, ss: 500

bet: 300
5,6,4, ss: 300
5,6,0, ss: 300
5,4,6, ss: 300
5,4,0, ss: 300
5,0,6, ss: 300
5,0,4, ss: 300
6,4,0, ss: 300
6,0,4, ss: 300
4,6,0, ss: 300
4,0,6, ss: 300


=== rcno: 10, nData: 300, year: 6, train_course: 0, model: 6 ===
10,0,8,4,2,6


bet: 3000
11,1,9, ss: 3000

bet: 500
0,8,4, ss: 500
0,4,8, ss: 500
8,0,4, ss: 500
8,4,0, ss: 500
4,0,8, ss: 500
4,8,0, ss: 500

bet: 300
4,2,6, ss: 300
4,2,3, ss: 300
4,6,2, ss: 300
4,6,3, ss: 300
4,3,2, ss: 300
4,3,6, ss: 300
2,6,3, ss: 300
2,3,6, ss: 300
6,2,3, ss: 300
6,3,2, ss: 300


=== rcno: 11, nData: 300, year: 6, train_course: 0, model: 6 ===
4,0,6,3,5,7


bet: 3000
5,1,7, ss: 3000

bet: 500
0,6,3, ss: 500
0,3,6, ss: 500
6,0,3, ss: 500
6,3,0, ss: 500
3,0,6, ss: 500
3,6,0, ss: 500

bet: 300
3,5,7, ss: 300
3,5,2, ss: 300
3,7,5, ss: 300
3,7,2, ss: 300
3,2,5, ss: 300
3,2,7, ss: 300
5,7,2, ss: 300
5,2,7, ss: 300
7,5,2, ss: 300
7,2,5, ss: 300


=== rcno: 12, nData: 300, year: 6, train_course: 0, model: 6 ===
1,6,0,3,2,9


bet: 3000
2,7,1, ss: 3000

bet: 500
6,0,3, ss: 500
6,3,0, ss: 500
0,6,3, ss: 500
0,3,6, ss: 500
3,6,0, ss: 500
3,0,6, ss: 500

bet: 300
3,2,9, ss: 300
3,2,4, ss: 300
3,9,2, ss: 300
3,9,4, ss: 300
3,4,2, ss: 300
3,4,9, ss: 300
2,9,4, ss: 300
2,4,9, ss: 300
9,2,4, ss: 300
9,4,2, ss: 300


=== rcno: 13, nData: 300, year: 6, train_course: 0, model: 6 ===
7,10,2,9,8,1


bet: 3000
8,11,3, ss: 3000

bet: 500
10,2,9, ss: 500
10,9,2, ss: 500
2,10,9, ss: 500
2,9,10, ss: 500
9,10,2, ss: 500
9,2,10, ss: 500

bet: 300
9,8,1, ss: 300
9,8,5, ss: 300
9,1,8, ss: 300
9,1,5, ss: 300
9,5,8, ss: 300
9,5,1, ss: 300
8,1,5, ss: 300
8,5,1, ss: 300
1,8,5, ss: 300
1,5,8, ss: 300


=== rcno: 14, nData: 300, year: 6, train_course: 0, model: 6 ===
8,3,7,5,4,2


bet: 3000
9,4,8, ss: 3000

bet: 500
3,7,5, ss: 500
3,5,7, ss: 500
7,3,5, ss: 500
7,5,3, ss: 500
5,3,7, ss: 500
5,7,3, ss: 500

bet: 300
5,4,2, ss: 300
5,4,0, ss: 300
5,2,4, ss: 300
5,2,0, ss: 300
5,0,4, ss: 300
5,0,2, ss: 300
4,2,0, ss: 300
4,0,2, ss: 300
2,4,0, ss: 300
2,0,4, ss: 300


=== rcno: 15, nData: 300, year: 6, train_course: 0, model: 6 ===
1,5,0,7,9,6


bet: 3000
2,6,1, ss: 3000

bet: 500
5,0,7, ss: 500
5,7,0, ss: 500
0,5,7, ss: 500
0,7,5, ss: 500
7,5,0, ss: 500
7,0,5, ss: 500

bet: 300
7,9,6, ss: 300
7,9,11, ss: 300
7,6,9, ss: 300
7,6,11, ss: 300
7,11,9, ss: 300
7,11,6, ss: 300
9,6,11, ss: 300
9,11,6, ss: 300
6,9,11, ss: 300
6,11,9, ss: 300


