=== rcno: 1, nData: 300, year: 6, train_course: 0, model: 6 ===
11,9,4,5,6,10


bet: 3000
12,10,5, ss: 3000

bet: 500
9,4,5, ss: 500
9,5,4, ss: 500
4,9,5, ss: 500
4,5,9, ss: 500
5,9,4, ss: 500
5,4,9, ss: 500

bet: 300
5,6,10, ss: 300
5,6,2, ss: 300
5,10,6, ss: 300
5,10,2, ss: 300
5,2,6, ss: 300
5,2,10, ss: 300
6,10,2, ss: 300
6,2,10, ss: 300
10,6,2, ss: 300
10,2,6, ss: 300


=== rcno: 2, nData: 300, year: 6, train_course: 0, model: 6 ===
2,9,1,3,4,10


bet: 3000
3,10,2, ss: 3000

bet: 500
9,1,3, ss: 500
9,3,1, ss: 500
1,9,3, ss: 500
1,3,9, ss: 500
3,9,1, ss: 500
3,1,9, ss: 500

bet: 300
3,4,10, ss: 300
3,4,8, ss: 300
3,10,4, ss: 300
3,10,8, ss: 300
3,8,4, ss: 300
3,8,10, ss: 300
4,10,8, ss: 300
4,8,10, ss: 300
10,4,8, ss: 300
10,8,4, ss: 300


=== rcno: 3, nData: 300, year: 6, train_course: 0, model: 6 ===
11,1,6,3,7,5


bet: 3000
12,2,7, ss: 3000

bet: 500
1,6,3, ss: 500
1,3,6, ss: 500
6,1,3, ss: 500
6,3,1, ss: 500
3,1,6, ss: 500
3,6,1, ss: 500

bet: 300
3,7,5, ss: 300
3,7,0, ss: 300
3,5,7, ss: 300
3,5,0, ss: 300
3,0,7, ss: 300
3,0,5, ss: 300
7,5,0, ss: 300
7,0,5, ss: 300
5,7,0, ss: 300
5,0,7, ss: 300


=== rcno: 4, nData: 300, year: 6, train_course: 0, model: 6 ===
4,3,8,7,0,6


bet: 3000
5,4,9, ss: 3000

bet: 500
3,8,7, ss: 500
3,7,8, ss: 500
8,3,7, ss: 500
8,7,3, ss: 500
7,3,8, ss: 500
7,8,3, ss: 500

bet: 300
7,0,6, ss: 300
7,0,9, ss: 300
7,6,0, ss: 300
7,6,9, ss: 300
7,9,0, ss: 300
7,9,6, ss: 300
0,6,9, ss: 300
0,9,6, ss: 300
6,0,9, ss: 300
6,9,0, ss: 300


=== rcno: 5, nData: 300, year: 6, train_course: 0, model: 6 ===
5,2,6,3,7,1


bet: 3000
6,3,7, ss: 3000

bet: 500
2,6,3, ss: 500
2,3,6, ss: 500
6,2,3, ss: 500
6,3,2, ss: 500
3,2,6, ss: 500
3,6,2, ss: 500

bet: 300
3,7,1, ss: 300
3,7,4, ss: 300
3,1,7, ss: 300
3,1,4, ss: 300
3,4,7, ss: 300
3,4,1, ss: 300
7,1,4, ss: 300
7,4,1, ss: 300
1,7,4, ss: 300
1,4,7, ss: 300


=== rcno: 6, nData: 300, year: 6, train_course: 0, model: 6 ===
1,7,3,4,6,2


bet: 3000
2,8,4, ss: 3000

bet: 500
7,3,4, ss: 500
7,4,3, ss: 500
3,7,4, ss: 500
3,4,7, ss: 500
4,7,3, ss: 500
4,3,7, ss: 500

bet: 300
4,6,2, ss: 300
4,6,5, ss: 300
4,2,6, ss: 300
4,2,5, ss: 300
4,5,6, ss: 300
4,5,2, ss: 300
6,2,5, ss: 300
6,5,2, ss: 300
2,6,5, ss: 300
2,5,6, ss: 300


=== rcno: 7, nData: 300, year: 6, train_course: 0, model: 6 ===
4,8,3,7,6,2


bet: 3000
5,9,4, ss: 3000

bet: 500
8,3,7, ss: 500
8,7,3, ss: 500
3,8,7, ss: 500
3,7,8, ss: 500
7,8,3, ss: 500
7,3,8, ss: 500

bet: 300
7,6,2, ss: 300
7,6,0, ss: 300
7,2,6, ss: 300
7,2,0, ss: 300
7,0,6, ss: 300
7,0,2, ss: 300
6,2,0, ss: 300
6,0,2, ss: 300
2,6,0, ss: 300
2,0,6, ss: 300


=== rcno: 8, nData: 300, year: 6, train_course: 0, model: 6 ===
1,2,5,7,4,3


bet: 3000
2,3,6, ss: 3000

bet: 500
2,5,7, ss: 500
2,7,5, ss: 500
5,2,7, ss: 500
5,7,2, ss: 500
7,2,5, ss: 500
7,5,2, ss: 500

bet: 300
7,4,3, ss: 300
7,4,6, ss: 300
7,3,4, ss: 300
7,3,6, ss: 300
7,6,4, ss: 300
7,6,3, ss: 300
4,3,6, ss: 300
4,6,3, ss: 300
3,4,6, ss: 300
3,6,4, ss: 300


=== rcno: 9, nData: 300, year: 6, train_course: 0, model: 6 ===
5,1,3,7,2,8


bet: 3000
6,2,4, ss: 3000

bet: 500
1,3,7, ss: 500
1,7,3, ss: 500
3,1,7, ss: 500
3,7,1, ss: 500
7,1,3, ss: 500
7,3,1, ss: 500

bet: 300
7,2,8, ss: 300
7,2,6, ss: 300
7,8,2, ss: 300
7,8,6, ss: 300
7,6,2, ss: 300
7,6,8, ss: 300
2,8,6, ss: 300
2,6,8, ss: 300
8,2,6, ss: 300
8,6,2, ss: 300


=== rcno: 10, nData: 300, year: 6, train_course: 0, model: 6 ===
1,8,0,2,10,6


bet: 3000
2,9,1, ss: 3000

bet: 500
8,0,2, ss: 500
8,2,0, ss: 500
0,8,2, ss: 500
0,2,8, ss: 500
2,8,0, ss: 500
2,0,8, ss: 500

bet: 300
2,10,6, ss: 300
2,10,5, ss: 300
2,6,10, ss: 300
2,6,5, ss: 300
2,5,10, ss: 300
2,5,6, ss: 300
10,6,5, ss: 300
10,5,6, ss: 300
6,10,5, ss: 300
6,5,10, ss: 300


=== rcno: 11, nData: 300, year: 6, train_course: 0, model: 6 ===
5,4,3,6,0,1


bet: 3000
6,5,4, ss: 3000

bet: 500
4,3,6, ss: 500
4,6,3, ss: 500
3,4,6, ss: 500
3,6,4, ss: 500
6,4,3, ss: 500
6,3,4, ss: 500

bet: 300
6,0,1, ss: 300
6,0,7, ss: 300
6,1,0, ss: 300
6,1,7, ss: 300
6,7,0, ss: 300
6,7,1, ss: 300
0,1,7, ss: 300
0,7,1, ss: 300
1,0,7, ss: 300
1,7,0, ss: 300


=== rcno: 12, nData: 300, year: 6, train_course: 0, model: 6 ===
1,2,3,6,8,4


bet: 3000
2,3,4, ss: 3000

bet: 500
2,3,6, ss: 500
2,6,3, ss: 500
3,2,6, ss: 500
3,6,2, ss: 500
6,2,3, ss: 500
6,3,2, ss: 500

bet: 300
6,8,4, ss: 300
6,8,9, ss: 300
6,4,8, ss: 300
6,4,9, ss: 300
6,9,8, ss: 300
6,9,4, ss: 300
8,4,9, ss: 300
8,9,4, ss: 300
4,8,9, ss: 300
4,9,8, ss: 300


=== rcno: 13, nData: 300, year: 6, train_course: 0, model: 6 ===
7,10,2,8,4,1


bet: 3000
8,11,3, ss: 3000

bet: 500
10,2,8, ss: 500
10,8,2, ss: 500
2,10,8, ss: 500
2,8,10, ss: 500
8,10,2, ss: 500
8,2,10, ss: 500

bet: 300
8,4,1, ss: 300
8,4,9, ss: 300
8,1,4, ss: 300
8,1,9, ss: 300
8,9,4, ss: 300
8,9,1, ss: 300
4,1,9, ss: 300
4,9,1, ss: 300
1,4,9, ss: 300
1,9,4, ss: 300


=== rcno: 14, nData: 300, year: 6, train_course: 0, model: 6 ===
8,3,6,0,4,7


bet: 3000
9,4,7, ss: 3000

bet: 500
3,6,0, ss: 500
3,0,6, ss: 500
6,3,0, ss: 500
6,0,3, ss: 500
0,3,6, ss: 500
0,6,3, ss: 500

bet: 300
0,4,7, ss: 300
0,4,2, ss: 300
0,7,4, ss: 300
0,7,2, ss: 300
0,2,4, ss: 300
0,2,7, ss: 300
4,7,2, ss: 300
4,2,7, ss: 300
7,4,2, ss: 300
7,2,4, ss: 300


=== rcno: 15, nData: 300, year: 6, train_course: 0, model: 6 ===
7,5,1,9,6,3


bet: 3000
8,6,2, ss: 3000

bet: 500
5,1,9, ss: 500
5,9,1, ss: 500
1,5,9, ss: 500
1,9,5, ss: 500
9,5,1, ss: 500
9,1,5, ss: 500

bet: 300
9,6,3, ss: 300
9,6,2, ss: 300
9,3,6, ss: 300
9,3,2, ss: 300
9,2,6, ss: 300
9,2,3, ss: 300
6,3,2, ss: 300
6,2,3, ss: 300
3,6,2, ss: 300
3,2,6, ss: 300


=== rcno: 1, nData: 300, year: 6, train_course: 0, model: 6 ===
9,11,4,5,6,2


bet: 3000
10,12,5, ss: 3000

bet: 500
11,4,5, ss: 500
11,5,4, ss: 500
4,11,5, ss: 500
4,5,11, ss: 500
5,11,4, ss: 500
5,4,11, ss: 500

bet: 300
5,6,2, ss: 300
5,6,10, ss: 300
5,2,6, ss: 300
5,2,10, ss: 300
5,10,6, ss: 300
5,10,2, ss: 300
6,2,10, ss: 300
6,10,2, ss: 300
2,6,10, ss: 300
2,10,6, ss: 300


=== rcno: 2, nData: 300, year: 6, train_course: 0, model: 6 ===
9,2,1,4,0,3


bet: 3000
10,3,2, ss: 3000

bet: 500
2,1,4, ss: 500
2,4,1, ss: 500
1,2,4, ss: 500
1,4,2, ss: 500
4,2,1, ss: 500
4,1,2, ss: 500

bet: 300
4,0,3, ss: 300
4,0,10, ss: 300
4,3,0, ss: 300
4,3,10, ss: 300
4,10,0, ss: 300
4,10,3, ss: 300
0,3,10, ss: 300
0,10,3, ss: 300
3,0,10, ss: 300
3,10,0, ss: 300


=== rcno: 3, nData: 300, year: 6, train_course: 0, model: 6 ===
1,11,7,3,6,5


bet: 3000
2,12,8, ss: 3000

bet: 500
11,7,3, ss: 500
11,3,7, ss: 500
7,11,3, ss: 500
7,3,11, ss: 500
3,11,7, ss: 500
3,7,11, ss: 500

bet: 300
3,6,5, ss: 300
3,6,0, ss: 300
3,5,6, ss: 300
3,5,0, ss: 300
3,0,6, ss: 300
3,0,5, ss: 300
6,5,0, ss: 300
6,0,5, ss: 300
5,6,0, ss: 300
5,0,6, ss: 300


=== rcno: 4, nData: 300, year: 6, train_course: 0, model: 6 ===
0,3,4,8,7,9


bet: 3000
1,4,5, ss: 3000

bet: 500
3,4,8, ss: 500
3,8,4, ss: 500
4,3,8, ss: 500
4,8,3, ss: 500
8,3,4, ss: 500
8,4,3, ss: 500

bet: 300
8,7,9, ss: 300
8,7,6, ss: 300
8,9,7, ss: 300
8,9,6, ss: 300
8,6,7, ss: 300
8,6,9, ss: 300
7,9,6, ss: 300
7,6,9, ss: 300
9,7,6, ss: 300
9,6,7, ss: 300


=== rcno: 5, nData: 300, year: 6, train_course: 0, model: 6 ===
5,2,3,6,7,4


bet: 3000
6,3,4, ss: 3000

bet: 500
2,3,6, ss: 500
2,6,3, ss: 500
3,2,6, ss: 500
3,6,2, ss: 500
6,2,3, ss: 500
6,3,2, ss: 500

bet: 300
6,7,4, ss: 300
6,7,1, ss: 300
6,4,7, ss: 300
6,4,1, ss: 300
6,1,7, ss: 300
6,1,4, ss: 300
7,4,1, ss: 300
7,1,4, ss: 300
4,7,1, ss: 300
4,1,7, ss: 300


=== rcno: 6, nData: 300, year: 6, train_course: 0, model: 6 ===
7,1,3,4,2,5


bet: 3000
8,2,4, ss: 3000

bet: 500
1,3,4, ss: 500
1,4,3, ss: 500
3,1,4, ss: 500
3,4,1, ss: 500
4,1,3, ss: 500
4,3,1, ss: 500

bet: 300
4,2,5, ss: 300
4,2,6, ss: 300
4,5,2, ss: 300
4,5,6, ss: 300
4,6,2, ss: 300
4,6,5, ss: 300
2,5,6, ss: 300
2,6,5, ss: 300
5,2,6, ss: 300
5,6,2, ss: 300


=== rcno: 7, nData: 300, year: 6, train_course: 0, model: 6 ===
4,8,3,7,6,2


bet: 3000
5,9,4, ss: 3000

bet: 500
8,3,7, ss: 500
8,7,3, ss: 500
3,8,7, ss: 500
3,7,8, ss: 500
7,8,3, ss: 500
7,3,8, ss: 500

bet: 300
7,6,2, ss: 300
7,6,5, ss: 300
7,2,6, ss: 300
7,2,5, ss: 300
7,5,6, ss: 300
7,5,2, ss: 300
6,2,5, ss: 300
6,5,2, ss: 300
2,6,5, ss: 300
2,5,6, ss: 300


=== rcno: 8, nData: 300, year: 6, train_course: 0, model: 6 ===
1,5,2,7,4,3


bet: 3000
2,6,3, ss: 3000

bet: 500
5,2,7, ss: 500
5,7,2, ss: 500
2,5,7, ss: 500
2,7,5, ss: 500
7,5,2, ss: 500
7,2,5, ss: 500

bet: 300
7,4,3, ss: 300
7,4,6, ss: 300
7,3,4, ss: 300
7,3,6, ss: 300
7,6,4, ss: 300
7,6,3, ss: 300
4,3,6, ss: 300
4,6,3, ss: 300
3,4,6, ss: 300
3,6,4, ss: 300


=== rcno: 9, nData: 300, year: 6, train_course: 0, model: 6 ===
5,3,1,2,7,8


bet: 3000
6,4,2, ss: 3000

bet: 500
3,1,2, ss: 500
3,2,1, ss: 500
1,3,2, ss: 500
1,2,3, ss: 500
2,3,1, ss: 500
2,1,3, ss: 500

bet: 300
2,7,8, ss: 300
2,7,6, ss: 300
2,8,7, ss: 300
2,8,6, ss: 300
2,6,7, ss: 300
2,6,8, ss: 300
7,8,6, ss: 300
7,6,8, ss: 300
8,7,6, ss: 300
8,6,7, ss: 300


=== rcno: 10, nData: 300, year: 6, train_course: 0, model: 6 ===
1,8,0,2,10,6


bet: 3000
2,9,1, ss: 3000

bet: 500
8,0,2, ss: 500
8,2,0, ss: 500
0,8,2, ss: 500
0,2,8, ss: 500
2,8,0, ss: 500
2,0,8, ss: 500

bet: 300
2,10,6, ss: 300
2,10,5, ss: 300
2,6,10, ss: 300
2,6,5, ss: 300
2,5,10, ss: 300
2,5,6, ss: 300
10,6,5, ss: 300
10,5,6, ss: 300
6,10,5, ss: 300
6,5,10, ss: 300


=== rcno: 11, nData: 300, year: 6, train_course: 0, model: 6 ===
4,5,3,6,0,7


bet: 3000
5,6,4, ss: 3000

bet: 500
5,3,6, ss: 500
5,6,3, ss: 500
3,5,6, ss: 500
3,6,5, ss: 500
6,5,3, ss: 500
6,3,5, ss: 500

bet: 300
6,0,7, ss: 300
6,0,1, ss: 300
6,7,0, ss: 300
6,7,1, ss: 300
6,1,0, ss: 300
6,1,7, ss: 300
0,7,1, ss: 300
0,1,7, ss: 300
7,0,1, ss: 300
7,1,0, ss: 300


=== rcno: 12, nData: 300, year: 6, train_course: 0, model: 6 ===
1,2,3,6,8,9


bet: 3000
2,3,4, ss: 3000

bet: 500
2,3,6, ss: 500
2,6,3, ss: 500
3,2,6, ss: 500
3,6,2, ss: 500
6,2,3, ss: 500
6,3,2, ss: 500

bet: 300
6,8,9, ss: 300
6,8,4, ss: 300
6,9,8, ss: 300
6,9,4, ss: 300
6,4,8, ss: 300
6,4,9, ss: 300
8,9,4, ss: 300
8,4,9, ss: 300
9,8,4, ss: 300
9,4,8, ss: 300


=== rcno: 13, nData: 300, year: 6, train_course: 0, model: 6 ===
10,7,2,8,4,9


bet: 3000
11,8,3, ss: 3000

bet: 500
7,2,8, ss: 500
7,8,2, ss: 500
2,7,8, ss: 500
2,8,7, ss: 500
8,7,2, ss: 500
8,2,7, ss: 500

bet: 300
8,4,9, ss: 300
8,4,5, ss: 300
8,9,4, ss: 300
8,9,5, ss: 300
8,5,4, ss: 300
8,5,9, ss: 300
4,9,5, ss: 300
4,5,9, ss: 300
9,4,5, ss: 300
9,5,4, ss: 300


=== rcno: 14, nData: 300, year: 6, train_course: 0, model: 6 ===
8,3,0,6,4,7


bet: 3000
9,4,1, ss: 3000

bet: 500
3,0,6, ss: 500
3,6,0, ss: 500
0,3,6, ss: 500
0,6,3, ss: 500
6,3,0, ss: 500
6,0,3, ss: 500

bet: 300
6,4,7, ss: 300
6,4,2, ss: 300
6,7,4, ss: 300
6,7,2, ss: 300
6,2,4, ss: 300
6,2,7, ss: 300
4,7,2, ss: 300
4,2,7, ss: 300
7,4,2, ss: 300
7,2,4, ss: 300


=== rcno: 15, nData: 300, year: 6, train_course: 0, model: 6 ===
7,5,9,1,6,0


bet: 3000
8,6,10, ss: 3000

bet: 500
5,9,1, ss: 500
5,1,9, ss: 500
9,5,1, ss: 500
9,1,5, ss: 500
1,5,9, ss: 500
1,9,5, ss: 500

bet: 300
1,6,0, ss: 300
1,6,10, ss: 300
1,0,6, ss: 300
1,0,10, ss: 300
1,10,6, ss: 300
1,10,0, ss: 300
6,0,10, ss: 300
6,10,0, ss: 300
0,6,10, ss: 300
0,10,6, ss: 300


=== rcno: 1, nData: 300, year: 6, train_course: 0, model: 6 ===
9,3,11,6,2,5


bet: 3000
10,4,12, ss: 3000

bet: 500
3,11,6, ss: 500
3,6,11, ss: 500
11,3,6, ss: 500
11,6,3, ss: 500
6,3,11, ss: 500
6,11,3, ss: 500

bet: 300
6,2,5, ss: 300
6,2,8, ss: 300
6,5,2, ss: 300
6,5,8, ss: 300
6,8,2, ss: 300
6,8,5, ss: 300
2,5,8, ss: 300
2,8,5, ss: 300
5,2,8, ss: 300
5,8,2, ss: 300


=== rcno: 2, nData: 300, year: 6, train_course: 0, model: 6 ===
9,2,10,0,11,3


bet: 3000
10,3,11, ss: 3000

bet: 500
2,10,0, ss: 500
2,0,10, ss: 500
10,2,0, ss: 500
10,0,2, ss: 500
0,2,10, ss: 500
0,10,2, ss: 500

bet: 300
0,11,3, ss: 300
0,11,1, ss: 300
0,3,11, ss: 300
0,3,1, ss: 300
0,1,11, ss: 300
0,1,3, ss: 300
11,3,1, ss: 300
11,1,3, ss: 300
3,11,1, ss: 300
3,1,11, ss: 300


=== rcno: 3, nData: 300, year: 6, train_course: 0, model: 6 ===
3,9,1,0,7,6


bet: 3000
4,10,2, ss: 3000

bet: 500
9,1,0, ss: 500
9,0,1, ss: 500
1,9,0, ss: 500
1,0,9, ss: 500
0,9,1, ss: 500
0,1,9, ss: 500

bet: 300
0,7,6, ss: 300
0,7,11, ss: 300
0,6,7, ss: 300
0,6,11, ss: 300
0,11,7, ss: 300
0,11,6, ss: 300
7,6,11, ss: 300
7,11,6, ss: 300
6,7,11, ss: 300
6,11,7, ss: 300


=== rcno: 4, nData: 300, year: 6, train_course: 0, model: 6 ===
5,9,8,7,0,1


bet: 3000
6,10,9, ss: 3000

bet: 500
9,8,7, ss: 500
9,7,8, ss: 500
8,9,7, ss: 500
8,7,9, ss: 500
7,9,8, ss: 500
7,8,9, ss: 500

bet: 300
7,0,1, ss: 300
7,0,3, ss: 300
7,1,0, ss: 300
7,1,3, ss: 300
7,3,0, ss: 300
7,3,1, ss: 300
0,1,3, ss: 300
0,3,1, ss: 300
1,0,3, ss: 300
1,3,0, ss: 300


=== rcno: 5, nData: 300, year: 6, train_course: 0, model: 6 ===
5,7,6,3,2,0


bet: 3000
6,8,7, ss: 3000

bet: 500
7,6,3, ss: 500
7,3,6, ss: 500
6,7,3, ss: 500
6,3,7, ss: 500
3,7,6, ss: 500
3,6,7, ss: 500

bet: 300
3,2,0, ss: 300
3,2,1, ss: 300
3,0,2, ss: 300
3,0,1, ss: 300
3,1,2, ss: 300
3,1,0, ss: 300
2,0,1, ss: 300
2,1,0, ss: 300
0,2,1, ss: 300
0,1,2, ss: 300


=== rcno: 6, nData: 300, year: 6, train_course: 0, model: 6 ===
1,4,6,2,5,3


bet: 3000
2,5,7, ss: 3000

bet: 500
4,6,2, ss: 500
4,2,6, ss: 500
6,4,2, ss: 500
6,2,4, ss: 500
2,4,6, ss: 500
2,6,4, ss: 500

bet: 300
2,5,3, ss: 300
2,5,7, ss: 300
2,3,5, ss: 300
2,3,7, ss: 300
2,7,5, ss: 300
2,7,3, ss: 300
5,3,7, ss: 300
5,7,3, ss: 300
3,5,7, ss: 300
3,7,5, ss: 300


=== rcno: 7, nData: 300, year: 6, train_course: 0, model: 6 ===
4,7,8,3,0,2


bet: 3000
5,8,9, ss: 3000

bet: 500
7,8,3, ss: 500
7,3,8, ss: 500
8,7,3, ss: 500
8,3,7, ss: 500
3,7,8, ss: 500
3,8,7, ss: 500

bet: 300
3,0,2, ss: 300
3,0,1, ss: 300
3,2,0, ss: 300
3,2,1, ss: 300
3,1,0, ss: 300
3,1,2, ss: 300
0,2,1, ss: 300
0,1,2, ss: 300
2,0,1, ss: 300
2,1,0, ss: 300


=== rcno: 8, nData: 300, year: 6, train_course: 0, model: 6 ===
5,1,2,7,8,3


bet: 3000
6,2,3, ss: 3000

bet: 500
1,2,7, ss: 500
1,7,2, ss: 500
2,1,7, ss: 500
2,7,1, ss: 500
7,1,2, ss: 500
7,2,1, ss: 500

bet: 300
7,8,3, ss: 300
7,8,6, ss: 300
7,3,8, ss: 300
7,3,6, ss: 300
7,6,8, ss: 300
7,6,3, ss: 300
8,3,6, ss: 300
8,6,3, ss: 300
3,8,6, ss: 300
3,6,8, ss: 300


=== rcno: 9, nData: 300, year: 6, train_course: 0, model: 6 ===
5,2,1,3,7,8


bet: 3000
6,3,2, ss: 3000

bet: 500
2,1,3, ss: 500
2,3,1, ss: 500
1,2,3, ss: 500
1,3,2, ss: 500
3,2,1, ss: 500
3,1,2, ss: 500

bet: 300
3,7,8, ss: 300
3,7,4, ss: 300
3,8,7, ss: 300
3,8,4, ss: 300
3,4,7, ss: 300
3,4,8, ss: 300
7,8,4, ss: 300
7,4,8, ss: 300
8,7,4, ss: 300
8,4,7, ss: 300


=== rcno: 10, nData: 300, year: 6, train_course: 0, model: 6 ===
10,0,1,2,8,6


bet: 3000
11,1,2, ss: 3000

bet: 500
0,1,2, ss: 500
0,2,1, ss: 500
1,0,2, ss: 500
1,2,0, ss: 500
2,0,1, ss: 500
2,1,0, ss: 500

bet: 300
2,8,6, ss: 300
2,8,3, ss: 300
2,6,8, ss: 300
2,6,3, ss: 300
2,3,8, ss: 300
2,3,6, ss: 300
8,6,3, ss: 300
8,3,6, ss: 300
6,8,3, ss: 300
6,3,8, ss: 300


=== rcno: 11, nData: 300, year: 6, train_course: 0, model: 6 ===
1,4,5,6,3,0


bet: 3000
2,5,6, ss: 3000

bet: 500
4,5,6, ss: 500
4,6,5, ss: 500
5,4,6, ss: 500
5,6,4, ss: 500
6,4,5, ss: 500
6,5,4, ss: 500

bet: 300
6,3,0, ss: 300
6,3,7, ss: 300
6,0,3, ss: 300
6,0,7, ss: 300
6,7,3, ss: 300
6,7,0, ss: 300
3,0,7, ss: 300
3,7,0, ss: 300
0,3,7, ss: 300
0,7,3, ss: 300


=== rcno: 12, nData: 300, year: 6, train_course: 0, model: 6 ===
1,2,9,3,6,8


bet: 3000
2,3,10, ss: 3000

bet: 500
2,9,3, ss: 500
2,3,9, ss: 500
9,2,3, ss: 500
9,3,2, ss: 500
3,2,9, ss: 500
3,9,2, ss: 500

bet: 300
3,6,8, ss: 300
3,6,4, ss: 300
3,8,6, ss: 300
3,8,4, ss: 300
3,4,6, ss: 300
3,4,8, ss: 300
6,8,4, ss: 300
6,4,8, ss: 300
8,6,4, ss: 300
8,4,6, ss: 300


=== rcno: 13, nData: 300, year: 6, train_course: 0, model: 6 ===
7,2,10,3,6,4


bet: 3000
8,3,11, ss: 3000

bet: 500
2,10,3, ss: 500
2,3,10, ss: 500
10,2,3, ss: 500
10,3,2, ss: 500
3,2,10, ss: 500
3,10,2, ss: 500

bet: 300
3,6,4, ss: 300
3,6,9, ss: 300
3,4,6, ss: 300
3,4,9, ss: 300
3,9,6, ss: 300
3,9,4, ss: 300
6,4,9, ss: 300
6,9,4, ss: 300
4,6,9, ss: 300
4,9,6, ss: 300


=== rcno: 14, nData: 300, year: 6, train_course: 0, model: 6 ===
8,3,7,1,0,6


bet: 3000
9,4,8, ss: 3000

bet: 500
3,7,1, ss: 500
3,1,7, ss: 500
7,3,1, ss: 500
7,1,3, ss: 500
1,3,7, ss: 500
1,7,3, ss: 500

bet: 300
1,0,6, ss: 300
1,0,4, ss: 300
1,6,0, ss: 300
1,6,4, ss: 300
1,4,0, ss: 300
1,4,6, ss: 300
0,6,4, ss: 300
0,4,6, ss: 300
6,0,4, ss: 300
6,4,0, ss: 300


=== rcno: 15, nData: 300, year: 6, train_course: 0, model: 6 ===
5,7,1,6,9,10


bet: 3000
6,8,2, ss: 3000

bet: 500
7,1,6, ss: 500
7,6,1, ss: 500
1,7,6, ss: 500
1,6,7, ss: 500
6,7,1, ss: 500
6,1,7, ss: 500

bet: 300
6,9,10, ss: 300
6,9,0, ss: 300
6,10,9, ss: 300
6,10,0, ss: 300
6,0,9, ss: 300
6,0,10, ss: 300
9,10,0, ss: 300
9,0,10, ss: 300
10,9,0, ss: 300
10,0,9, ss: 300


=== rcno: 1, nData: 300, year: 6, train_course: 0, model: 6 ===
9,3,11,6,8,2


bet: 3000
10,4,12, ss: 3000

bet: 500
3,11,6, ss: 500
3,6,11, ss: 500
11,3,6, ss: 500
11,6,3, ss: 500
6,3,11, ss: 500
6,11,3, ss: 500

bet: 300
6,8,2, ss: 300
6,8,5, ss: 300
6,2,8, ss: 300
6,2,5, ss: 300
6,5,8, ss: 300
6,5,2, ss: 300
8,2,5, ss: 300
8,5,2, ss: 300
2,8,5, ss: 300
2,5,8, ss: 300


=== rcno: 2, nData: 300, year: 6, train_course: 0, model: 6 ===
2,9,10,11,0,3


bet: 3000
3,10,11, ss: 3000

bet: 500
9,10,11, ss: 500
9,11,10, ss: 500
10,9,11, ss: 500
10,11,9, ss: 500
11,9,10, ss: 500
11,10,9, ss: 500

bet: 300
11,0,3, ss: 300
11,0,1, ss: 300
11,3,0, ss: 300
11,3,1, ss: 300
11,1,0, ss: 300
11,1,3, ss: 300
0,3,1, ss: 300
0,1,3, ss: 300
3,0,1, ss: 300
3,1,0, ss: 300


=== rcno: 3, nData: 300, year: 6, train_course: 0, model: 6 ===
3,9,1,7,0,6


bet: 3000
4,10,2, ss: 3000

bet: 500
9,1,7, ss: 500
9,7,1, ss: 500
1,9,7, ss: 500
1,7,9, ss: 500
7,9,1, ss: 500
7,1,9, ss: 500

bet: 300
7,0,6, ss: 300
7,0,5, ss: 300
7,6,0, ss: 300
7,6,5, ss: 300
7,5,0, ss: 300
7,5,6, ss: 300
0,6,5, ss: 300
0,5,6, ss: 300
6,0,5, ss: 300
6,5,0, ss: 300


=== rcno: 4, nData: 300, year: 6, train_course: 0, model: 6 ===
5,8,9,7,1,0


bet: 3000
6,9,10, ss: 3000

bet: 500
8,9,7, ss: 500
8,7,9, ss: 500
9,8,7, ss: 500
9,7,8, ss: 500
7,8,9, ss: 500
7,9,8, ss: 500

bet: 300
7,1,0, ss: 300
7,1,3, ss: 300
7,0,1, ss: 300
7,0,3, ss: 300
7,3,1, ss: 300
7,3,0, ss: 300
1,0,3, ss: 300
1,3,0, ss: 300
0,1,3, ss: 300
0,3,1, ss: 300


=== rcno: 5, nData: 300, year: 6, train_course: 0, model: 6 ===
5,7,6,2,3,1


bet: 3000
6,8,7, ss: 3000

bet: 500
7,6,2, ss: 500
7,2,6, ss: 500
6,7,2, ss: 500
6,2,7, ss: 500
2,7,6, ss: 500
2,6,7, ss: 500

bet: 300
2,3,1, ss: 300
2,3,0, ss: 300
2,1,3, ss: 300
2,1,0, ss: 300
2,0,3, ss: 300
2,0,1, ss: 300
3,1,0, ss: 300
3,0,1, ss: 300
1,3,0, ss: 300
1,0,3, ss: 300


=== rcno: 6, nData: 300, year: 6, train_course: 0, model: 6 ===
1,4,2,6,5,7


bet: 3000
2,5,3, ss: 3000

bet: 500
4,2,6, ss: 500
4,6,2, ss: 500
2,4,6, ss: 500
2,6,4, ss: 500
6,4,2, ss: 500
6,2,4, ss: 500

bet: 300
6,5,7, ss: 300
6,5,3, ss: 300
6,7,5, ss: 300
6,7,3, ss: 300
6,3,5, ss: 300
6,3,7, ss: 300
5,7,3, ss: 300
5,3,7, ss: 300
7,5,3, ss: 300
7,3,5, ss: 300


=== rcno: 7, nData: 300, year: 6, train_course: 0, model: 6 ===
7,4,8,3,0,2


bet: 3000
8,5,9, ss: 3000

bet: 500
4,8,3, ss: 500
4,3,8, ss: 500
8,4,3, ss: 500
8,3,4, ss: 500
3,4,8, ss: 500
3,8,4, ss: 500

bet: 300
3,0,2, ss: 300
3,0,1, ss: 300
3,2,0, ss: 300
3,2,1, ss: 300
3,1,0, ss: 300
3,1,2, ss: 300
0,2,1, ss: 300
0,1,2, ss: 300
2,0,1, ss: 300
2,1,0, ss: 300


=== rcno: 8, nData: 300, year: 6, train_course: 0, model: 6 ===
5,1,2,8,7,3


bet: 3000
6,2,3, ss: 3000

bet: 500
1,2,8, ss: 500
1,8,2, ss: 500
2,1,8, ss: 500
2,8,1, ss: 500
8,1,2, ss: 500
8,2,1, ss: 500

bet: 300
8,7,3, ss: 300
8,7,6, ss: 300
8,3,7, ss: 300
8,3,6, ss: 300
8,6,7, ss: 300
8,6,3, ss: 300
7,3,6, ss: 300
7,6,3, ss: 300
3,7,6, ss: 300
3,6,7, ss: 300


=== rcno: 9, nData: 300, year: 6, train_course: 0, model: 6 ===
5,2,3,1,7,8


bet: 3000
6,3,4, ss: 3000

bet: 500
2,3,1, ss: 500
2,1,3, ss: 500
3,2,1, ss: 500
3,1,2, ss: 500
1,2,3, ss: 500
1,3,2, ss: 500

bet: 300
1,7,8, ss: 300
1,7,4, ss: 300
1,8,7, ss: 300
1,8,4, ss: 300
1,4,7, ss: 300
1,4,8, ss: 300
7,8,4, ss: 300
7,4,8, ss: 300
8,7,4, ss: 300
8,4,7, ss: 300


=== rcno: 10, nData: 300, year: 6, train_course: 0, model: 6 ===
10,0,1,2,8,6


bet: 3000
11,1,2, ss: 3000

bet: 500
0,1,2, ss: 500
0,2,1, ss: 500
1,0,2, ss: 500
1,2,0, ss: 500
2,0,1, ss: 500
2,1,0, ss: 500

bet: 300
2,8,6, ss: 300
2,8,3, ss: 300
2,6,8, ss: 300
2,6,3, ss: 300
2,3,8, ss: 300
2,3,6, ss: 300
8,6,3, ss: 300
8,3,6, ss: 300
6,8,3, ss: 300
6,3,8, ss: 300


=== rcno: 11, nData: 300, year: 6, train_course: 0, model: 6 ===
1,4,5,3,6,0


bet: 3000
2,5,6, ss: 3000

bet: 500
4,5,3, ss: 500
4,3,5, ss: 500
5,4,3, ss: 500
5,3,4, ss: 500
3,4,5, ss: 500
3,5,4, ss: 500

bet: 300
3,6,0, ss: 300
3,6,7, ss: 300
3,0,6, ss: 300
3,0,7, ss: 300
3,7,6, ss: 300
3,7,0, ss: 300
6,0,7, ss: 300
6,7,0, ss: 300
0,6,7, ss: 300
0,7,6, ss: 300


=== rcno: 12, nData: 300, year: 6, train_course: 0, model: 6 ===
1,2,9,3,6,8


bet: 3000
2,3,10, ss: 3000

bet: 500
2,9,3, ss: 500
2,3,9, ss: 500
9,2,3, ss: 500
9,3,2, ss: 500
3,2,9, ss: 500
3,9,2, ss: 500

bet: 300
3,6,8, ss: 300
3,6,4, ss: 300
3,8,6, ss: 300
3,8,4, ss: 300
3,4,6, ss: 300
3,4,8, ss: 300
6,8,4, ss: 300
6,4,8, ss: 300
8,6,4, ss: 300
8,4,6, ss: 300


=== rcno: 13, nData: 300, year: 6, train_course: 0, model: 6 ===
7,2,10,3,6,4


bet: 3000
8,3,11, ss: 3000

bet: 500
2,10,3, ss: 500
2,3,10, ss: 500
10,2,3, ss: 500
10,3,2, ss: 500
3,2,10, ss: 500
3,10,2, ss: 500

bet: 300
3,6,4, ss: 300
3,6,9, ss: 300
3,4,6, ss: 300
3,4,9, ss: 300
3,9,6, ss: 300
3,9,4, ss: 300
6,4,9, ss: 300
6,9,4, ss: 300
4,6,9, ss: 300
4,9,6, ss: 300


=== rcno: 14, nData: 300, year: 6, train_course: 0, model: 6 ===
8,3,1,7,0,6


bet: 3000
9,4,2, ss: 3000

bet: 500
3,1,7, ss: 500
3,7,1, ss: 500
1,3,7, ss: 500
1,7,3, ss: 500
7,3,1, ss: 500
7,1,3, ss: 500

bet: 300
7,0,6, ss: 300
7,0,5, ss: 300
7,6,0, ss: 300
7,6,5, ss: 300
7,5,0, ss: 300
7,5,6, ss: 300
0,6,5, ss: 300
0,5,6, ss: 300
6,0,5, ss: 300
6,5,0, ss: 300


=== rcno: 15, nData: 300, year: 6, train_course: 0, model: 6 ===
5,7,1,9,6,10


bet: 3000
6,8,2, ss: 3000

bet: 500
7,1,9, ss: 500
7,9,1, ss: 500
1,7,9, ss: 500
1,9,7, ss: 500
9,7,1, ss: 500
9,1,7, ss: 500

bet: 300
9,6,10, ss: 300
9,6,0, ss: 300
9,10,6, ss: 300
9,10,0, ss: 300
9,0,6, ss: 300
9,0,10, ss: 300
6,10,0, ss: 300
6,0,10, ss: 300
10,6,0, ss: 300
10,0,6, ss: 300


=== rcno: 1, nData: 300, year: 6, train_course: 0, model: 6 ===
9,11,3,2,8,6


bet: 3000
10,12,4, ss: 3000

bet: 500
11,3,2, ss: 500
11,2,3, ss: 500
3,11,2, ss: 500
3,2,11, ss: 500
2,11,3, ss: 500
2,3,11, ss: 500

bet: 300
2,8,6, ss: 300
2,8,5, ss: 300
2,6,8, ss: 300
2,6,5, ss: 300
2,5,8, ss: 300
2,5,6, ss: 300
8,6,5, ss: 300
8,5,6, ss: 300
6,8,5, ss: 300
6,5,8, ss: 300


=== rcno: 2, nData: 300, year: 6, train_course: 0, model: 6 ===
2,9,10,3,11,0


bet: 3000
3,10,11, ss: 3000

bet: 500
9,10,3, ss: 500
9,3,10, ss: 500
10,9,3, ss: 500
10,3,9, ss: 500
3,9,10, ss: 500
3,10,9, ss: 500

bet: 300
3,11,0, ss: 300
3,11,1, ss: 300
3,0,11, ss: 300
3,0,1, ss: 300
3,1,11, ss: 300
3,1,0, ss: 300
11,0,1, ss: 300
11,1,0, ss: 300
0,11,1, ss: 300
0,1,11, ss: 300


=== rcno: 3, nData: 300, year: 6, train_course: 0, model: 6 ===
3,9,0,1,7,6


bet: 3000
4,10,1, ss: 3000

bet: 500
9,0,1, ss: 500
9,1,0, ss: 500
0,9,1, ss: 500
0,1,9, ss: 500
1,9,0, ss: 500
1,0,9, ss: 500

bet: 300
1,7,6, ss: 300
1,7,5, ss: 300
1,6,7, ss: 300
1,6,5, ss: 300
1,5,7, ss: 300
1,5,6, ss: 300
7,6,5, ss: 300
7,5,6, ss: 300
6,7,5, ss: 300
6,5,7, ss: 300


=== rcno: 4, nData: 300, year: 6, train_course: 0, model: 6 ===
5,8,9,7,0,1


bet: 3000
6,9,10, ss: 3000

bet: 500
8,9,7, ss: 500
8,7,9, ss: 500
9,8,7, ss: 500
9,7,8, ss: 500
7,8,9, ss: 500
7,9,8, ss: 500

bet: 300
7,0,1, ss: 300
7,0,4, ss: 300
7,1,0, ss: 300
7,1,4, ss: 300
7,4,0, ss: 300
7,4,1, ss: 300
0,1,4, ss: 300
0,4,1, ss: 300
1,0,4, ss: 300
1,4,0, ss: 300


=== rcno: 5, nData: 300, year: 6, train_course: 0, model: 6 ===
5,7,6,2,3,0


bet: 3000
6,8,7, ss: 3000

bet: 500
7,6,2, ss: 500
7,2,6, ss: 500
6,7,2, ss: 500
6,2,7, ss: 500
2,7,6, ss: 500
2,6,7, ss: 500

bet: 300
2,3,0, ss: 300
2,3,1, ss: 300
2,0,3, ss: 300
2,0,1, ss: 300
2,1,3, ss: 300
2,1,0, ss: 300
3,0,1, ss: 300
3,1,0, ss: 300
0,3,1, ss: 300
0,1,3, ss: 300


=== rcno: 6, nData: 300, year: 6, train_course: 0, model: 6 ===
4,1,2,6,5,7


bet: 3000
5,2,3, ss: 3000

bet: 500
1,2,6, ss: 500
1,6,2, ss: 500
2,1,6, ss: 500
2,6,1, ss: 500
6,1,2, ss: 500
6,2,1, ss: 500

bet: 300
6,5,7, ss: 300
6,5,3, ss: 300
6,7,5, ss: 300
6,7,3, ss: 300
6,3,5, ss: 300
6,3,7, ss: 300
5,7,3, ss: 300
5,3,7, ss: 300
7,5,3, ss: 300
7,3,5, ss: 300


=== rcno: 7, nData: 300, year: 6, train_course: 0, model: 6 ===
4,7,8,3,0,2


bet: 3000
5,8,9, ss: 3000

bet: 500
7,8,3, ss: 500
7,3,8, ss: 500
8,7,3, ss: 500
8,3,7, ss: 500
3,7,8, ss: 500
3,8,7, ss: 500

bet: 300
3,0,2, ss: 300
3,0,1, ss: 300
3,2,0, ss: 300
3,2,1, ss: 300
3,1,0, ss: 300
3,1,2, ss: 300
0,2,1, ss: 300
0,1,2, ss: 300
2,0,1, ss: 300
2,1,0, ss: 300


=== rcno: 8, nData: 300, year: 6, train_course: 0, model: 6 ===
5,1,2,8,7,6


bet: 3000
6,2,3, ss: 3000

bet: 500
1,2,8, ss: 500
1,8,2, ss: 500
2,1,8, ss: 500
2,8,1, ss: 500
8,1,2, ss: 500
8,2,1, ss: 500

bet: 300
8,7,6, ss: 300
8,7,3, ss: 300
8,6,7, ss: 300
8,6,3, ss: 300
8,3,7, ss: 300
8,3,6, ss: 300
7,6,3, ss: 300
7,3,6, ss: 300
6,7,3, ss: 300
6,3,7, ss: 300


=== rcno: 9, nData: 300, year: 6, train_course: 0, model: 6 ===
5,2,1,3,7,8


bet: 3000
6,3,2, ss: 3000

bet: 500
2,1,3, ss: 500
2,3,1, ss: 500
1,2,3, ss: 500
1,3,2, ss: 500
3,2,1, ss: 500
3,1,2, ss: 500

bet: 300
3,7,8, ss: 300
3,7,4, ss: 300
3,8,7, ss: 300
3,8,4, ss: 300
3,4,7, ss: 300
3,4,8, ss: 300
7,8,4, ss: 300
7,4,8, ss: 300
8,7,4, ss: 300
8,4,7, ss: 300


=== rcno: 10, nData: 300, year: 6, train_course: 0, model: 6 ===
10,0,2,1,8,6


bet: 3000
11,1,3, ss: 3000

bet: 500
0,2,1, ss: 500
0,1,2, ss: 500
2,0,1, ss: 500
2,1,0, ss: 500
1,0,2, ss: 500
1,2,0, ss: 500

bet: 300
1,8,6, ss: 300
1,8,3, ss: 300
1,6,8, ss: 300
1,6,3, ss: 300
1,3,8, ss: 300
1,3,6, ss: 300
8,6,3, ss: 300
8,3,6, ss: 300
6,8,3, ss: 300
6,3,8, ss: 300


=== rcno: 11, nData: 300, year: 6, train_course: 0, model: 6 ===
1,4,5,6,3,0


bet: 3000
2,5,6, ss: 3000

bet: 500
4,5,6, ss: 500
4,6,5, ss: 500
5,4,6, ss: 500
5,6,4, ss: 500
6,4,5, ss: 500
6,5,4, ss: 500

bet: 300
6,3,0, ss: 300
6,3,7, ss: 300
6,0,3, ss: 300
6,0,7, ss: 300
6,7,3, ss: 300
6,7,0, ss: 300
3,0,7, ss: 300
3,7,0, ss: 300
0,3,7, ss: 300
0,7,3, ss: 300


=== rcno: 12, nData: 300, year: 6, train_course: 0, model: 6 ===
1,2,9,3,6,8


bet: 3000
2,3,10, ss: 3000

bet: 500
2,9,3, ss: 500
2,3,9, ss: 500
9,2,3, ss: 500
9,3,2, ss: 500
3,2,9, ss: 500
3,9,2, ss: 500

bet: 300
3,6,8, ss: 300
3,6,4, ss: 300
3,8,6, ss: 300
3,8,4, ss: 300
3,4,6, ss: 300
3,4,8, ss: 300
6,8,4, ss: 300
6,4,8, ss: 300
8,6,4, ss: 300
8,4,6, ss: 300


=== rcno: 13, nData: 300, year: 6, train_course: 0, model: 6 ===
7,2,10,3,4,6


bet: 3000
8,3,11, ss: 3000

bet: 500
2,10,3, ss: 500
2,3,10, ss: 500
10,2,3, ss: 500
10,3,2, ss: 500
3,2,10, ss: 500
3,10,2, ss: 500

bet: 300
3,4,6, ss: 300
3,4,9, ss: 300
3,6,4, ss: 300
3,6,9, ss: 300
3,9,4, ss: 300
3,9,6, ss: 300
4,6,9, ss: 300
4,9,6, ss: 300
6,4,9, ss: 300
6,9,4, ss: 300


=== rcno: 14, nData: 300, year: 6, train_course: 0, model: 6 ===
8,3,7,1,0,6


bet: 3000
9,4,8, ss: 3000

bet: 500
3,7,1, ss: 500
3,1,7, ss: 500
7,3,1, ss: 500
7,1,3, ss: 500
1,3,7, ss: 500
1,7,3, ss: 500

bet: 300
1,0,6, ss: 300
1,0,5, ss: 300
1,6,0, ss: 300
1,6,5, ss: 300
1,5,0, ss: 300
1,5,6, ss: 300
0,6,5, ss: 300
0,5,6, ss: 300
6,0,5, ss: 300
6,5,0, ss: 300


=== rcno: 15, nData: 300, year: 6, train_course: 0, model: 6 ===
5,7,1,0,9,6


bet: 3000
6,8,2, ss: 3000

bet: 500
7,1,0, ss: 500
7,0,1, ss: 500
1,7,0, ss: 500
1,0,7, ss: 500
0,7,1, ss: 500
0,1,7, ss: 500

bet: 300
0,9,6, ss: 300
0,9,10, ss: 300
0,6,9, ss: 300
0,6,10, ss: 300
0,10,9, ss: 300
0,10,6, ss: 300
9,6,10, ss: 300
9,10,6, ss: 300
6,9,10, ss: 300
6,10,9, ss: 300