


=== rcno: 1, nData: 160, year: 8, train_course: 0, model: 10 ===
9,7,3,2,6,8

9,7,3, ss: 18000
9,3,7, ss: 3000
7,9,3, ss: 3000
7,3,9, ss: 3000
3,9,7, ss: 3000
3,7,9, ss: 3000


=== rcno: 2, nData: 160, year: 8, train_course: 0, model: 10 ===
8,2,7,6,3,9

8,2,7, ss: 18000
8,7,2, ss: 3000
2,8,7, ss: 3000
2,7,8, ss: 3000
7,8,2, ss: 3000
7,2,8, ss: 3000


=== rcno: 3, nData: 160, year: 8, train_course: 0, model: 10 ===
1,6,7,5,8,4

1,6,7, ss: 18000
1,7,6, ss: 3000
6,1,7, ss: 3000
6,7,1, ss: 3000
7,1,6, ss: 3000
7,6,1, ss: 3000


=== rcno: 4, nData: 160, year: 8, train_course: 0, model: 10 ===
4,1,2,3,6,5

4,1,2, ss: 18000
4,2,1, ss: 3000
1,4,2, ss: 3000
1,2,4, ss: 3000
2,4,1, ss: 3000
2,1,4, ss: 3000


=== rcno: 5, nData: 160, year: 8, train_course: 0, model: 10 ===
2,1,4,3,6,8

2,1,4, ss: 18000
2,4,1, ss: 3000
1,2,4, ss: 3000
1,4,2, ss: 3000
4,2,1, ss: 3000
4,1,2, ss: 3000


=== rcno: 6, nData: 160, year: 8, train_course: 0, model: 10 ===
4,3,6,11,2,10

4,3,6, ss: 18000
4,6,3, ss: 3000
3,4,6, ss: 3000
3,6,4, ss: 3000
6,4,3, ss: 3000
6,3,4, ss: 3000


=== rcno: 7, nData: 160, year: 8, train_course: 0, model: 10 ===
3,5,9,8,6,4

3,5,9, ss: 18000
3,9,5, ss: 3000
5,3,9, ss: 3000
5,9,3, ss: 3000
9,3,5, ss: 3000
9,5,3, ss: 3000


=== rcno: 8, nData: 160, year: 8, train_course: 0, model: 10 ===
7,2,10,9,8,3

7,2,10, ss: 18000
7,10,2, ss: 3000
2,7,10, ss: 3000
2,10,7, ss: 3000
10,7,2, ss: 3000
10,2,7, ss: 3000


=== rcno: 9, nData: 160, year: 8, train_course: 0, model: 10 ===
4,8,9,6,10,1

4,8,9, ss: 18000
4,9,8, ss: 3000
8,4,9, ss: 3000
8,9,4, ss: 3000
9,4,8, ss: 3000
9,8,4, ss: 3000


=== rcno: 1, nData: 160, year: 8, train_course: 0, model: 10 ===
7,9,3,8,4,2

7,9,3, ss: 18000
7,3,9, ss: 3000
9,7,3, ss: 3000
9,3,7, ss: 3000
3,7,9, ss: 3000
3,9,7, ss: 3000


=== rcno: 2, nData: 160, year: 8, train_course: 0, model: 10 ===
8,6,2,7,4,3

8,6,2, ss: 18000
8,2,6, ss: 3000
6,8,2, ss: 3000
6,2,8, ss: 3000
2,8,6, ss: 3000
2,6,8, ss: 3000


=== rcno: 3, nData: 160, year: 8, train_course: 0, model: 10 ===
9,1,7,5,6,8

9,1,7, ss: 18000
9,7,1, ss: 3000
1,9,7, ss: 3000
1,7,9, ss: 3000
7,9,1, ss: 3000
7,1,9, ss: 3000


=== rcno: 4, nData: 160, year: 8, train_course: 0, model: 10 ===
4,6,2,1,3,5

4,6,2, ss: 18000
4,2,6, ss: 3000
6,4,2, ss: 3000
6,2,4, ss: 3000
2,4,6, ss: 3000
2,6,4, ss: 3000


=== rcno: 5, nData: 160, year: 8, train_course: 0, model: 10 ===
3,2,1,4,8,6

3,2,1, ss: 18000
3,1,2, ss: 3000
2,3,1, ss: 3000
2,1,3, ss: 3000
1,3,2, ss: 3000
1,2,3, ss: 3000


=== rcno: 6, nData: 160, year: 8, train_course: 0, model: 10 ===
4,11,6,3,2,10

4,11,6, ss: 18000
4,6,11, ss: 3000
11,4,6, ss: 3000
11,6,4, ss: 3000
6,4,11, ss: 3000
6,11,4, ss: 3000


=== rcno: 7, nData: 160, year: 8, train_course: 0, model: 10 ===
8,3,5,9,2,6

8,3,5, ss: 18000
8,5,3, ss: 3000
3,8,5, ss: 3000
3,5,8, ss: 3000
5,8,3, ss: 3000
5,3,8, ss: 3000


=== rcno: 8, nData: 160, year: 8, train_course: 0, model: 10 ===
2,7,10,9,3,5

2,7,10, ss: 18000
2,10,7, ss: 3000
7,2,10, ss: 3000
7,10,2, ss: 3000
10,2,7, ss: 3000
10,7,2, ss: 3000


=== rcno: 9, nData: 160, year: 8, train_course: 0, model: 10 ===
4,9,8,10,1,6

4,9,8, ss: 18000
4,8,9, ss: 3000
9,4,8, ss: 3000
9,8,4, ss: 3000
8,4,9, ss: 3000
8,9,4, ss: 3000


=== rcno: 1, nData: 160, year: 8, train_course: 0, model: 10 ===
9,7,3,4,2,6

9,7,3, ss: 18000
9,3,7, ss: 3000
7,9,3, ss: 3000
7,3,9, ss: 3000
3,9,7, ss: 3000
3,7,9, ss: 3000


=== rcno: 2, nData: 160, year: 8, train_course: 0, model: 10 ===
8,2,6,7,3,9

8,2,6, ss: 18000
8,6,2, ss: 3000
2,8,6, ss: 3000
2,6,8, ss: 3000
6,8,2, ss: 3000
6,2,8, ss: 3000


=== rcno: 3, nData: 160, year: 8, train_course: 0, model: 10 ===
1,6,9,5,7,8

1,6,9, ss: 18000
1,9,6, ss: 3000
6,1,9, ss: 3000
6,9,1, ss: 3000
9,1,6, ss: 3000
9,6,1, ss: 3000


=== rcno: 4, nData: 160, year: 8, train_course: 0, model: 10 ===
4,2,3,6,1,7

4,2,3, ss: 18000
4,3,2, ss: 3000
2,4,3, ss: 3000
2,3,4, ss: 3000
3,4,2, ss: 3000
3,2,4, ss: 3000


=== rcno: 5, nData: 160, year: 8, train_course: 0, model: 10 ===
2,3,4,1,6,8

2,3,4, ss: 18000
2,4,3, ss: 3000
3,2,4, ss: 3000
3,4,2, ss: 3000
4,2,3, ss: 3000
4,3,2, ss: 3000


=== rcno: 6, nData: 160, year: 8, train_course: 0, model: 10 ===
4,11,6,2,5,3

4,11,6, ss: 18000
4,6,11, ss: 3000
11,4,6, ss: 3000
11,6,4, ss: 3000
6,4,11, ss: 3000
6,11,4, ss: 3000


=== rcno: 7, nData: 160, year: 8, train_course: 0, model: 10 ===
8,3,5,9,6,4

8,3,5, ss: 18000
8,5,3, ss: 3000
3,8,5, ss: 3000
3,5,8, ss: 3000
5,8,3, ss: 3000
5,3,8, ss: 3000


=== rcno: 8, nData: 160, year: 8, train_course: 0, model: 10 ===
7,10,2,9,8,3

7,10,2, ss: 18000
7,2,10, ss: 3000
10,7,2, ss: 3000
10,2,7, ss: 3000
2,7,10, ss: 3000
2,10,7, ss: 3000


=== rcno: 9, nData: 160, year: 8, train_course: 0, model: 10 ===
9,8,4,6,2,10

9,8,4, ss: 18000
9,4,8, ss: 3000
8,9,4, ss: 3000
8,4,9, ss: 3000
4,9,8, ss: 3000
4,8,9, ss: 3000