


=== rcno: 1, nData: 212, year: 8, train_course: 0, model: 10 ===
10,5,8,6,2,11


bet: 1300
2,11,7, ss: 1300
2,11,3, ss: 1300
2,7,11, ss: 1300
2,7,3, ss: 1300
2,3,11, ss: 1300
2,3,7, ss: 1300
11,2,7, ss: 1300
11,2,3, ss: 1300
11,7,2, ss: 1300
11,7,3, ss: 1300
11,3,2, ss: 1300
11,3,7, ss: 1300
7,2,11, ss: 1300
7,2,3, ss: 1300
7,11,2, ss: 1300
7,11,3, ss: 1300
7,3,2, ss: 1300
7,3,11, ss: 1300
3,2,11, ss: 1300
3,2,7, ss: 1300
3,11,2, ss: 1300
3,11,7, ss: 1300
3,7,2, ss: 1300
3,7,11, ss: 1300


=== rcno: 2, nData: 212, year: 8, train_course: 0, model: 10 ===
11,12,8,5,2,10


bet: 1300
2,10,3, ss: 1300
2,10,6, ss: 1300
2,3,10, ss: 1300
2,3,6, ss: 1300
2,6,10, ss: 1300
2,6,3, ss: 1300
10,2,3, ss: 1300
10,2,6, ss: 1300
10,3,2, ss: 1300
10,3,6, ss: 1300
10,6,2, ss: 1300
10,6,3, ss: 1300
3,2,10, ss: 1300
3,2,6, ss: 1300
3,10,2, ss: 1300
3,10,6, ss: 1300
3,6,2, ss: 1300
3,6,10, ss: 1300
6,2,10, ss: 1300
6,2,3, ss: 1300
6,10,2, ss: 1300
6,10,3, ss: 1300
6,3,2, ss: 1300
6,3,10, ss: 1300


=== rcno: 3, nData: 212, year: 8, train_course: 0, model: 10 ===
8,1,11,6,5,3


bet: 1300
5,3,7, ss: 1300
5,3,4, ss: 1300
5,7,3, ss: 1300
5,7,4, ss: 1300
5,4,3, ss: 1300
5,4,7, ss: 1300
3,5,7, ss: 1300
3,5,4, ss: 1300
3,7,5, ss: 1300
3,7,4, ss: 1300
3,4,5, ss: 1300
3,4,7, ss: 1300
7,5,3, ss: 1300
7,5,4, ss: 1300
7,3,5, ss: 1300
7,3,4, ss: 1300
7,4,5, ss: 1300
7,4,3, ss: 1300
4,5,3, ss: 1300
4,5,7, ss: 1300
4,3,5, ss: 1300
4,3,7, ss: 1300
4,7,5, ss: 1300
4,7,3, ss: 1300


=== rcno: 4, nData: 212, year: 8, train_course: 0, model: 10 ===
4,12,8,10,6,1


bet: 1300
6,1,5, ss: 1300
6,1,7, ss: 1300
6,5,1, ss: 1300
6,5,7, ss: 1300
6,7,1, ss: 1300
6,7,5, ss: 1300
1,6,5, ss: 1300
1,6,7, ss: 1300
1,5,6, ss: 1300
1,5,7, ss: 1300
1,7,6, ss: 1300
1,7,5, ss: 1300
5,6,1, ss: 1300
5,6,7, ss: 1300
5,1,6, ss: 1300
5,1,7, ss: 1300
5,7,6, ss: 1300
5,7,1, ss: 1300
7,6,1, ss: 1300
7,6,5, ss: 1300
7,1,6, ss: 1300
7,1,5, ss: 1300
7,5,6, ss: 1300
7,5,1, ss: 1300


=== rcno: 5, nData: 212, year: 8, train_course: 0, model: 10 ===
11,9,5,1,2,6


bet: 1300
2,6,10, ss: 1300
2,6,4, ss: 1300
2,10,6, ss: 1300
2,10,4, ss: 1300
2,4,6, ss: 1300
2,4,10, ss: 1300
6,2,10, ss: 1300
6,2,4, ss: 1300
6,10,2, ss: 1300
6,10,4, ss: 1300
6,4,2, ss: 1300
6,4,10, ss: 1300
10,2,6, ss: 1300
10,2,4, ss: 1300
10,6,2, ss: 1300
10,6,4, ss: 1300
10,4,2, ss: 1300
10,4,6, ss: 1300
4,2,6, ss: 1300
4,2,10, ss: 1300
4,6,2, ss: 1300
4,6,10, ss: 1300
4,10,2, ss: 1300
4,10,6, ss: 1300


=== rcno: 6, nData: 212, year: 8, train_course: 0, model: 10 ===
4,3,10,2,6,7


bet: 1300
6,7,1, ss: 1300
6,7,12, ss: 1300
6,1,7, ss: 1300
6,1,12, ss: 1300
6,12,7, ss: 1300
6,12,1, ss: 1300
7,6,1, ss: 1300
7,6,12, ss: 1300
7,1,6, ss: 1300
7,1,12, ss: 1300
7,12,6, ss: 1300
7,12,1, ss: 1300
1,6,7, ss: 1300
1,6,12, ss: 1300
1,7,6, ss: 1300
1,7,12, ss: 1300
1,12,6, ss: 1300
1,12,7, ss: 1300
12,6,7, ss: 1300
12,6,1, ss: 1300
12,7,6, ss: 1300
12,7,1, ss: 1300
12,1,6, ss: 1300
12,1,7, ss: 1300


=== rcno: 1, nData: 212, year: 8, train_course: 0, model: 10 ===
10,8,5,6,7,2


bet: 1300
7,2,11, ss: 1300
7,2,3, ss: 1300
7,11,2, ss: 1300
7,11,3, ss: 1300
7,3,2, ss: 1300
7,3,11, ss: 1300
2,7,11, ss: 1300
2,7,3, ss: 1300
2,11,7, ss: 1300
2,11,3, ss: 1300
2,3,7, ss: 1300
2,3,11, ss: 1300
11,7,2, ss: 1300
11,7,3, ss: 1300
11,2,7, ss: 1300
11,2,3, ss: 1300
11,3,7, ss: 1300
11,3,2, ss: 1300
3,7,2, ss: 1300
3,7,11, ss: 1300
3,2,7, ss: 1300
3,2,11, ss: 1300
3,11,7, ss: 1300
3,11,2, ss: 1300


=== rcno: 2, nData: 212, year: 8, train_course: 0, model: 10 ===
11,12,5,10,8,7


bet: 1300
8,7,6, ss: 1300
8,7,3, ss: 1300
8,6,7, ss: 1300
8,6,3, ss: 1300
8,3,7, ss: 1300
8,3,6, ss: 1300
7,8,6, ss: 1300
7,8,3, ss: 1300
7,6,8, ss: 1300
7,6,3, ss: 1300
7,3,8, ss: 1300
7,3,6, ss: 1300
6,8,7, ss: 1300
6,8,3, ss: 1300
6,7,8, ss: 1300
6,7,3, ss: 1300
6,3,8, ss: 1300
6,3,7, ss: 1300
3,8,7, ss: 1300
3,8,6, ss: 1300
3,7,8, ss: 1300
3,7,6, ss: 1300
3,6,8, ss: 1300
3,6,7, ss: 1300


=== rcno: 3, nData: 212, year: 8, train_course: 0, model: 10 ===
11,1,8,5,3,4


bet: 1300
3,4,7, ss: 1300
3,4,6, ss: 1300
3,7,4, ss: 1300
3,7,6, ss: 1300
3,6,4, ss: 1300
3,6,7, ss: 1300
4,3,7, ss: 1300
4,3,6, ss: 1300
4,7,3, ss: 1300
4,7,6, ss: 1300
4,6,3, ss: 1300
4,6,7, ss: 1300
7,3,4, ss: 1300
7,3,6, ss: 1300
7,4,3, ss: 1300
7,4,6, ss: 1300
7,6,3, ss: 1300
7,6,4, ss: 1300
6,3,4, ss: 1300
6,3,7, ss: 1300
6,4,3, ss: 1300
6,4,7, ss: 1300
6,7,3, ss: 1300
6,7,4, ss: 1300


=== rcno: 4, nData: 212, year: 8, train_course: 0, model: 10 ===
4,10,12,8,1,2


bet: 1300
1,2,5, ss: 1300
1,2,7, ss: 1300
1,5,2, ss: 1300
1,5,7, ss: 1300
1,7,2, ss: 1300
1,7,5, ss: 1300
2,1,5, ss: 1300
2,1,7, ss: 1300
2,5,1, ss: 1300
2,5,7, ss: 1300
2,7,1, ss: 1300
2,7,5, ss: 1300
5,1,2, ss: 1300
5,1,7, ss: 1300
5,2,1, ss: 1300
5,2,7, ss: 1300
5,7,1, ss: 1300
5,7,2, ss: 1300
7,1,2, ss: 1300
7,1,5, ss: 1300
7,2,1, ss: 1300
7,2,5, ss: 1300
7,5,1, ss: 1300
7,5,2, ss: 1300


=== rcno: 5, nData: 212, year: 8, train_course: 0, model: 10 ===
11,9,5,1,10,6


bet: 1300
10,6,4, ss: 1300
10,6,2, ss: 1300
10,4,6, ss: 1300
10,4,2, ss: 1300
10,2,6, ss: 1300
10,2,4, ss: 1300
6,10,4, ss: 1300
6,10,2, ss: 1300
6,4,10, ss: 1300
6,4,2, ss: 1300
6,2,10, ss: 1300
6,2,4, ss: 1300
4,10,6, ss: 1300
4,10,2, ss: 1300
4,6,10, ss: 1300
4,6,2, ss: 1300
4,2,10, ss: 1300
4,2,6, ss: 1300
2,10,6, ss: 1300
2,10,4, ss: 1300
2,6,10, ss: 1300
2,6,4, ss: 1300
2,4,10, ss: 1300
2,4,6, ss: 1300


=== rcno: 6, nData: 212, year: 8, train_course: 0, model: 10 ===
4,3,10,11,1,2


bet: 1300
1,2,7, ss: 1300
1,2,6, ss: 1300
1,7,2, ss: 1300
1,7,6, ss: 1300
1,6,2, ss: 1300
1,6,7, ss: 1300
2,1,7, ss: 1300
2,1,6, ss: 1300
2,7,1, ss: 1300
2,7,6, ss: 1300
2,6,1, ss: 1300
2,6,7, ss: 1300
7,1,2, ss: 1300
7,1,6, ss: 1300
7,2,1, ss: 1300
7,2,6, ss: 1300
7,6,1, ss: 1300
7,6,2, ss: 1300
6,1,2, ss: 1300
6,1,7, ss: 1300
6,2,1, ss: 1300
6,2,7, ss: 1300
6,7,1, ss: 1300
6,7,2, ss: 1300


=== rcno: 1, nData: 212, year: 8, train_course: 0, model: 10 ===
10,6,8,5,2,11


bet: 1300
2,11,4, ss: 1300
2,11,7, ss: 1300
2,4,11, ss: 1300
2,4,7, ss: 1300
2,7,11, ss: 1300
2,7,4, ss: 1300
11,2,4, ss: 1300
11,2,7, ss: 1300
11,4,2, ss: 1300
11,4,7, ss: 1300
11,7,2, ss: 1300
11,7,4, ss: 1300
4,2,11, ss: 1300
4,2,7, ss: 1300
4,11,2, ss: 1300
4,11,7, ss: 1300
4,7,2, ss: 1300
4,7,11, ss: 1300
7,2,11, ss: 1300
7,2,4, ss: 1300
7,11,2, ss: 1300
7,11,4, ss: 1300
7,4,2, ss: 1300
7,4,11, ss: 1300


=== rcno: 2, nData: 212, year: 8, train_course: 0, model: 10 ===
11,8,5,12,10,2


bet: 1300
10,2,7, ss: 1300
10,2,3, ss: 1300
10,7,2, ss: 1300
10,7,3, ss: 1300
10,3,2, ss: 1300
10,3,7, ss: 1300
2,10,7, ss: 1300
2,10,3, ss: 1300
2,7,10, ss: 1300
2,7,3, ss: 1300
2,3,10, ss: 1300
2,3,7, ss: 1300
7,10,2, ss: 1300
7,10,3, ss: 1300
7,2,10, ss: 1300
7,2,3, ss: 1300
7,3,10, ss: 1300
7,3,2, ss: 1300
3,10,2, ss: 1300
3,10,7, ss: 1300
3,2,10, ss: 1300
3,2,7, ss: 1300
3,7,10, ss: 1300
3,7,2, ss: 1300


=== rcno: 3, nData: 212, year: 8, train_course: 0, model: 10 ===
1,8,11,5,3,6


bet: 1300
3,6,7, ss: 1300
3,6,4, ss: 1300
3,7,6, ss: 1300
3,7,4, ss: 1300
3,4,6, ss: 1300
3,4,7, ss: 1300
6,3,7, ss: 1300
6,3,4, ss: 1300
6,7,3, ss: 1300
6,7,4, ss: 1300
6,4,3, ss: 1300
6,4,7, ss: 1300
7,3,6, ss: 1300
7,3,4, ss: 1300
7,6,3, ss: 1300
7,6,4, ss: 1300
7,4,3, ss: 1300
7,4,6, ss: 1300
4,3,6, ss: 1300
4,3,7, ss: 1300
4,6,3, ss: 1300
4,6,7, ss: 1300
4,7,3, ss: 1300
4,7,6, ss: 1300


=== rcno: 4, nData: 212, year: 8, train_course: 0, model: 10 ===
4,12,6,8,5,10


bet: 1300
5,10,7, ss: 1300
5,10,1, ss: 1300
5,7,10, ss: 1300
5,7,1, ss: 1300
5,1,10, ss: 1300
5,1,7, ss: 1300
10,5,7, ss: 1300
10,5,1, ss: 1300
10,7,5, ss: 1300
10,7,1, ss: 1300
10,1,5, ss: 1300
10,1,7, ss: 1300
7,5,10, ss: 1300
7,5,1, ss: 1300
7,10,5, ss: 1300
7,10,1, ss: 1300
7,1,5, ss: 1300
7,1,10, ss: 1300
1,5,10, ss: 1300
1,5,7, ss: 1300
1,10,5, ss: 1300
1,10,7, ss: 1300
1,7,5, ss: 1300
1,7,10, ss: 1300


=== rcno: 5, nData: 212, year: 8, train_course: 0, model: 10 ===
11,9,5,1,10,6


bet: 1300
10,6,4, ss: 1300
10,6,2, ss: 1300
10,4,6, ss: 1300
10,4,2, ss: 1300
10,2,6, ss: 1300
10,2,4, ss: 1300
6,10,4, ss: 1300
6,10,2, ss: 1300
6,4,10, ss: 1300
6,4,2, ss: 1300
6,2,10, ss: 1300
6,2,4, ss: 1300
4,10,6, ss: 1300
4,10,2, ss: 1300
4,6,10, ss: 1300
4,6,2, ss: 1300
4,2,10, ss: 1300
4,2,6, ss: 1300
2,10,6, ss: 1300
2,10,4, ss: 1300
2,6,10, ss: 1300
2,6,4, ss: 1300
2,4,10, ss: 1300
2,4,6, ss: 1300


=== rcno: 6, nData: 212, year: 8, train_course: 0, model: 10 ===
4,3,10,11,7,1


bet: 1300
7,1,2, ss: 1300
7,1,6, ss: 1300
7,2,1, ss: 1300
7,2,6, ss: 1300
7,6,1, ss: 1300
7,6,2, ss: 1300
1,7,2, ss: 1300
1,7,6, ss: 1300
1,2,7, ss: 1300
1,2,6, ss: 1300
1,6,7, ss: 1300
1,6,2, ss: 1300
2,7,1, ss: 1300
2,7,6, ss: 1300
2,1,7, ss: 1300
2,1,6, ss: 1300
2,6,7, ss: 1300
2,6,1, ss: 1300
6,7,1, ss: 1300
6,7,2, ss: 1300
6,1,7, ss: 1300
6,1,2, ss: 1300
6,2,7, ss: 1300
6,2,1, ss: 1300