


=== rcno: 1, nData: 212, year: 8, train_course: 0, model: 10 ===
10,5,8,6,11,2

10,5,8, ss: 18000
10,8,5, ss: 5000
5,10,8, ss: 5000
5,8,10, ss: 5000


=== rcno: 2, nData: 212, year: 8, train_course: 0, model: 10 ===
11,5,12,8,2,10

11,5,12, ss: 18000
11,12,5, ss: 5000
5,11,12, ss: 5000
5,12,11, ss: 5000


=== rcno: 3, nData: 212, year: 8, train_course: 0, model: 10 ===
8,1,11,6,5,3

8,1,11, ss: 18000
8,11,1, ss: 5000
1,8,11, ss: 5000
1,11,8, ss: 5000


=== rcno: 4, nData: 212, year: 8, train_course: 0, model: 10 ===
4,12,10,8,6,1

4,12,10, ss: 18000
4,10,12, ss: 5000
12,4,10, ss: 5000
12,10,4, ss: 5000


=== rcno: 5, nData: 212, year: 8, train_course: 0, model: 10 ===
11,9,5,1,2,6

11,9,5, ss: 18000
11,5,9, ss: 5000
9,11,5, ss: 5000
9,5,11, ss: 5000


=== rcno: 6, nData: 212, year: 8, train_course: 0, model: 10 ===
4,3,10,2,6,7

4,3,10, ss: 18000
4,10,3, ss: 5000
3,4,10, ss: 5000
3,10,4, ss: 5000


=== rcno: 1, nData: 212, year: 8, train_course: 0, model: 10 ===
10,8,5,6,7,11

10,8,5, ss: 18000
10,5,8, ss: 5000
8,10,5, ss: 5000
8,5,10, ss: 5000


=== rcno: 2, nData: 212, year: 8, train_course: 0, model: 10 ===
11,12,5,10,7,8

11,12,5, ss: 18000
11,5,12, ss: 5000
12,11,5, ss: 5000
12,5,11, ss: 5000


=== rcno: 3, nData: 212, year: 8, train_course: 0, model: 10 ===
11,1,8,5,3,4

11,1,8, ss: 18000
11,8,1, ss: 5000
1,11,8, ss: 5000
1,8,11, ss: 5000


=== rcno: 4, nData: 212, year: 8, train_course: 0, model: 10 ===
4,10,12,8,1,5

4,10,12, ss: 18000
4,12,10, ss: 5000
10,4,12, ss: 5000
10,12,4, ss: 5000


=== rcno: 5, nData: 212, year: 8, train_course: 0, model: 10 ===
11,9,5,1,10,6

11,9,5, ss: 18000
11,5,9, ss: 5000
9,11,5, ss: 5000
9,5,11, ss: 5000


=== rcno: 6, nData: 212, year: 8, train_course: 0, model: 10 ===
4,3,10,11,1,2

4,3,10, ss: 18000
4,10,3, ss: 5000
3,4,10, ss: 5000
3,10,4, ss: 5000


=== rcno: 1, nData: 212, year: 8, train_course: 0, model: 10 ===
10,5,6,8,11,2

10,5,6, ss: 18000
10,6,5, ss: 5000
5,10,6, ss: 5000
5,6,10, ss: 5000


=== rcno: 2, nData: 212, year: 8, train_course: 0, model: 10 ===
11,5,8,12,2,10

11,5,8, ss: 18000
11,8,5, ss: 5000
5,11,8, ss: 5000
5,8,11, ss: 5000


=== rcno: 3, nData: 212, year: 8, train_course: 0, model: 10 ===
1,8,11,5,3,6

1,8,11, ss: 18000
1,11,8, ss: 5000
8,1,11, ss: 5000
8,11,1, ss: 5000


=== rcno: 4, nData: 212, year: 8, train_course: 0, model: 10 ===
4,12,10,6,5,8

4,12,10, ss: 18000
4,10,12, ss: 5000
12,4,10, ss: 5000
12,10,4, ss: 5000


=== rcno: 5, nData: 212, year: 8, train_course: 0, model: 10 ===
11,9,5,1,10,6

11,9,5, ss: 18000
11,5,9, ss: 5000
9,11,5, ss: 5000
9,5,11, ss: 5000


=== rcno: 6, nData: 212, year: 8, train_course: 0, model: 10 ===
4,3,10,11,7,1

4,3,10, ss: 18000
4,10,3, ss: 5000
3,4,10, ss: 5000
3,10,4, ss: 5000