


=== rcno: 1, nData: 212, year: 8, train_course: 0, model: 10 ===
10,5,8,6,11,2


bet: 1300
4,5,6, ss: 1300
4,5,7, ss: 1300
4,6,5, ss: 1300
4,6,7, ss: 1300
4,7,5, ss: 1300
4,7,6, ss: 1300
5,4,6, ss: 1300
5,4,7, ss: 1300
5,6,4, ss: 1300
5,6,7, ss: 1300
5,7,4, ss: 1300
5,7,6, ss: 1300
6,4,5, ss: 1300
6,4,7, ss: 1300
6,5,4, ss: 1300
6,5,7, ss: 1300
6,7,4, ss: 1300
6,7,5, ss: 1300
7,4,5, ss: 1300
7,4,6, ss: 1300
7,5,4, ss: 1300
7,5,6, ss: 1300
7,6,4, ss: 1300
7,6,5, ss: 1300


=== rcno: 2, nData: 212, year: 8, train_course: 0, model: 10 ===
11,5,12,8,2,10


bet: 1300
4,5,6, ss: 1300
4,5,7, ss: 1300
4,6,5, ss: 1300
4,6,7, ss: 1300
4,7,5, ss: 1300
4,7,6, ss: 1300
5,4,6, ss: 1300
5,4,7, ss: 1300
5,6,4, ss: 1300
5,6,7, ss: 1300
5,7,4, ss: 1300
5,7,6, ss: 1300
6,4,5, ss: 1300
6,4,7, ss: 1300
6,5,4, ss: 1300
6,5,7, ss: 1300
6,7,4, ss: 1300
6,7,5, ss: 1300
7,4,5, ss: 1300
7,4,6, ss: 1300
7,5,4, ss: 1300
7,5,6, ss: 1300
7,6,4, ss: 1300
7,6,5, ss: 1300


=== rcno: 3, nData: 212, year: 8, train_course: 0, model: 10 ===
8,1,11,6,5,3


bet: 1300
4,5,6, ss: 1300
4,5,7, ss: 1300
4,6,5, ss: 1300
4,6,7, ss: 1300
4,7,5, ss: 1300
4,7,6, ss: 1300
5,4,6, ss: 1300
5,4,7, ss: 1300
5,6,4, ss: 1300
5,6,7, ss: 1300
5,7,4, ss: 1300
5,7,6, ss: 1300
6,4,5, ss: 1300
6,4,7, ss: 1300
6,5,4, ss: 1300
6,5,7, ss: 1300
6,7,4, ss: 1300
6,7,5, ss: 1300
7,4,5, ss: 1300
7,4,6, ss: 1300
7,5,4, ss: 1300
7,5,6, ss: 1300
7,6,4, ss: 1300
7,6,5, ss: 1300


=== rcno: 4, nData: 212, year: 8, train_course: 0, model: 10 ===
4,12,10,8,6,1


bet: 1300
4,5,6, ss: 1300
4,5,7, ss: 1300
4,6,5, ss: 1300
4,6,7, ss: 1300
4,7,5, ss: 1300
4,7,6, ss: 1300
5,4,6, ss: 1300
5,4,7, ss: 1300
5,6,4, ss: 1300
5,6,7, ss: 1300
5,7,4, ss: 1300
5,7,6, ss: 1300
6,4,5, ss: 1300
6,4,7, ss: 1300
6,5,4, ss: 1300
6,5,7, ss: 1300
6,7,4, ss: 1300
6,7,5, ss: 1300
7,4,5, ss: 1300
7,4,6, ss: 1300
7,5,4, ss: 1300
7,5,6, ss: 1300
7,6,4, ss: 1300
7,6,5, ss: 1300


=== rcno: 5, nData: 212, year: 8, train_course: 0, model: 10 ===
11,9,5,1,2,6


bet: 1300
4,5,6, ss: 1300
4,5,7, ss: 1300
4,6,5, ss: 1300
4,6,7, ss: 1300
4,7,5, ss: 1300
4,7,6, ss: 1300
5,4,6, ss: 1300
5,4,7, ss: 1300
5,6,4, ss: 1300
5,6,7, ss: 1300
5,7,4, ss: 1300
5,7,6, ss: 1300
6,4,5, ss: 1300
6,4,7, ss: 1300
6,5,4, ss: 1300
6,5,7, ss: 1300
6,7,4, ss: 1300
6,7,5, ss: 1300
7,4,5, ss: 1300
7,4,6, ss: 1300
7,5,4, ss: 1300
7,5,6, ss: 1300
7,6,4, ss: 1300
7,6,5, ss: 1300


=== rcno: 6, nData: 212, year: 8, train_course: 0, model: 10 ===
4,3,10,2,6,7


bet: 1300
4,5,6, ss: 1300
4,5,7, ss: 1300
4,6,5, ss: 1300
4,6,7, ss: 1300
4,7,5, ss: 1300
4,7,6, ss: 1300
5,4,6, ss: 1300
5,4,7, ss: 1300
5,6,4, ss: 1300
5,6,7, ss: 1300
5,7,4, ss: 1300
5,7,6, ss: 1300
6,4,5, ss: 1300
6,4,7, ss: 1300
6,5,4, ss: 1300
6,5,7, ss: 1300
6,7,4, ss: 1300
6,7,5, ss: 1300
7,4,5, ss: 1300
7,4,6, ss: 1300
7,5,4, ss: 1300
7,5,6, ss: 1300
7,6,4, ss: 1300
7,6,5, ss: 1300


=== rcno: 1, nData: 212, year: 8, train_course: 0, model: 10 ===
10,8,5,6,7,11


bet: 1300
4,5,6, ss: 1300
4,5,7, ss: 1300
4,6,5, ss: 1300
4,6,7, ss: 1300
4,7,5, ss: 1300
4,7,6, ss: 1300
5,4,6, ss: 1300
5,4,7, ss: 1300
5,6,4, ss: 1300
5,6,7, ss: 1300
5,7,4, ss: 1300
5,7,6, ss: 1300
6,4,5, ss: 1300
6,4,7, ss: 1300
6,5,4, ss: 1300
6,5,7, ss: 1300
6,7,4, ss: 1300
6,7,5, ss: 1300
7,4,5, ss: 1300
7,4,6, ss: 1300
7,5,4, ss: 1300
7,5,6, ss: 1300
7,6,4, ss: 1300
7,6,5, ss: 1300


=== rcno: 2, nData: 212, year: 8, train_course: 0, model: 10 ===
11,12,5,10,7,8


bet: 1300
4,5,6, ss: 1300
4,5,7, ss: 1300
4,6,5, ss: 1300
4,6,7, ss: 1300
4,7,5, ss: 1300
4,7,6, ss: 1300
5,4,6, ss: 1300
5,4,7, ss: 1300
5,6,4, ss: 1300
5,6,7, ss: 1300
5,7,4, ss: 1300
5,7,6, ss: 1300
6,4,5, ss: 1300
6,4,7, ss: 1300
6,5,4, ss: 1300
6,5,7, ss: 1300
6,7,4, ss: 1300
6,7,5, ss: 1300
7,4,5, ss: 1300
7,4,6, ss: 1300
7,5,4, ss: 1300
7,5,6, ss: 1300
7,6,4, ss: 1300
7,6,5, ss: 1300


=== rcno: 3, nData: 212, year: 8, train_course: 0, model: 10 ===
11,1,8,5,3,4


bet: 1300
4,5,6, ss: 1300
4,5,7, ss: 1300
4,6,5, ss: 1300
4,6,7, ss: 1300
4,7,5, ss: 1300
4,7,6, ss: 1300
5,4,6, ss: 1300
5,4,7, ss: 1300
5,6,4, ss: 1300
5,6,7, ss: 1300
5,7,4, ss: 1300
5,7,6, ss: 1300
6,4,5, ss: 1300
6,4,7, ss: 1300
6,5,4, ss: 1300
6,5,7, ss: 1300
6,7,4, ss: 1300
6,7,5, ss: 1300
7,4,5, ss: 1300
7,4,6, ss: 1300
7,5,4, ss: 1300
7,5,6, ss: 1300
7,6,4, ss: 1300
7,6,5, ss: 1300


=== rcno: 4, nData: 212, year: 8, train_course: 0, model: 10 ===
4,10,12,8,1,5


bet: 1300
4,5,6, ss: 1300
4,5,7, ss: 1300
4,6,5, ss: 1300
4,6,7, ss: 1300
4,7,5, ss: 1300
4,7,6, ss: 1300
5,4,6, ss: 1300
5,4,7, ss: 1300
5,6,4, ss: 1300
5,6,7, ss: 1300
5,7,4, ss: 1300
5,7,6, ss: 1300
6,4,5, ss: 1300
6,4,7, ss: 1300
6,5,4, ss: 1300
6,5,7, ss: 1300
6,7,4, ss: 1300
6,7,5, ss: 1300
7,4,5, ss: 1300
7,4,6, ss: 1300
7,5,4, ss: 1300
7,5,6, ss: 1300
7,6,4, ss: 1300
7,6,5, ss: 1300


=== rcno: 5, nData: 212, year: 8, train_course: 0, model: 10 ===
11,9,5,1,10,6


bet: 1300
4,5,6, ss: 1300
4,5,7, ss: 1300
4,6,5, ss: 1300
4,6,7, ss: 1300
4,7,5, ss: 1300
4,7,6, ss: 1300
5,4,6, ss: 1300
5,4,7, ss: 1300
5,6,4, ss: 1300
5,6,7, ss: 1300
5,7,4, ss: 1300
5,7,6, ss: 1300
6,4,5, ss: 1300
6,4,7, ss: 1300
6,5,4, ss: 1300
6,5,7, ss: 1300
6,7,4, ss: 1300
6,7,5, ss: 1300
7,4,5, ss: 1300
7,4,6, ss: 1300
7,5,4, ss: 1300
7,5,6, ss: 1300
7,6,4, ss: 1300
7,6,5, ss: 1300


=== rcno: 6, nData: 212, year: 8, train_course: 0, model: 10 ===
4,3,10,11,1,2


bet: 1300
4,5,6, ss: 1300
4,5,7, ss: 1300
4,6,5, ss: 1300
4,6,7, ss: 1300
4,7,5, ss: 1300
4,7,6, ss: 1300
5,4,6, ss: 1300
5,4,7, ss: 1300
5,6,4, ss: 1300
5,6,7, ss: 1300
5,7,4, ss: 1300
5,7,6, ss: 1300
6,4,5, ss: 1300
6,4,7, ss: 1300
6,5,4, ss: 1300
6,5,7, ss: 1300
6,7,4, ss: 1300
6,7,5, ss: 1300
7,4,5, ss: 1300
7,4,6, ss: 1300
7,5,4, ss: 1300
7,5,6, ss: 1300
7,6,4, ss: 1300
7,6,5, ss: 1300


=== rcno: 1, nData: 212, year: 8, train_course: 0, model: 10 ===
10,5,6,8,11,2


bet: 1300
4,5,6, ss: 1300
4,5,7, ss: 1300
4,6,5, ss: 1300
4,6,7, ss: 1300
4,7,5, ss: 1300
4,7,6, ss: 1300
5,4,6, ss: 1300
5,4,7, ss: 1300
5,6,4, ss: 1300
5,6,7, ss: 1300
5,7,4, ss: 1300
5,7,6, ss: 1300
6,4,5, ss: 1300
6,4,7, ss: 1300
6,5,4, ss: 1300
6,5,7, ss: 1300
6,7,4, ss: 1300
6,7,5, ss: 1300
7,4,5, ss: 1300
7,4,6, ss: 1300
7,5,4, ss: 1300
7,5,6, ss: 1300
7,6,4, ss: 1300
7,6,5, ss: 1300


=== rcno: 2, nData: 212, year: 8, train_course: 0, model: 10 ===
11,5,8,12,2,10


bet: 1300
4,5,6, ss: 1300
4,5,7, ss: 1300
4,6,5, ss: 1300
4,6,7, ss: 1300
4,7,5, ss: 1300
4,7,6, ss: 1300
5,4,6, ss: 1300
5,4,7, ss: 1300
5,6,4, ss: 1300
5,6,7, ss: 1300
5,7,4, ss: 1300
5,7,6, ss: 1300
6,4,5, ss: 1300
6,4,7, ss: 1300
6,5,4, ss: 1300
6,5,7, ss: 1300
6,7,4, ss: 1300
6,7,5, ss: 1300
7,4,5, ss: 1300
7,4,6, ss: 1300
7,5,4, ss: 1300
7,5,6, ss: 1300
7,6,4, ss: 1300
7,6,5, ss: 1300


=== rcno: 3, nData: 212, year: 8, train_course: 0, model: 10 ===
1,8,11,5,3,6


bet: 1300
4,5,6, ss: 1300
4,5,7, ss: 1300
4,6,5, ss: 1300
4,6,7, ss: 1300
4,7,5, ss: 1300
4,7,6, ss: 1300
5,4,6, ss: 1300
5,4,7, ss: 1300
5,6,4, ss: 1300
5,6,7, ss: 1300
5,7,4, ss: 1300
5,7,6, ss: 1300
6,4,5, ss: 1300
6,4,7, ss: 1300
6,5,4, ss: 1300
6,5,7, ss: 1300
6,7,4, ss: 1300
6,7,5, ss: 1300
7,4,5, ss: 1300
7,4,6, ss: 1300
7,5,4, ss: 1300
7,5,6, ss: 1300
7,6,4, ss: 1300
7,6,5, ss: 1300


=== rcno: 4, nData: 212, year: 8, train_course: 0, model: 10 ===
4,12,10,6,5,8


bet: 1300
4,5,6, ss: 1300
4,5,7, ss: 1300
4,6,5, ss: 1300
4,6,7, ss: 1300
4,7,5, ss: 1300
4,7,6, ss: 1300
5,4,6, ss: 1300
5,4,7, ss: 1300
5,6,4, ss: 1300
5,6,7, ss: 1300
5,7,4, ss: 1300
5,7,6, ss: 1300
6,4,5, ss: 1300
6,4,7, ss: 1300
6,5,4, ss: 1300
6,5,7, ss: 1300
6,7,4, ss: 1300
6,7,5, ss: 1300
7,4,5, ss: 1300
7,4,6, ss: 1300
7,5,4, ss: 1300
7,5,6, ss: 1300
7,6,4, ss: 1300
7,6,5, ss: 1300


=== rcno: 5, nData: 212, year: 8, train_course: 0, model: 10 ===
11,9,5,1,10,6


bet: 1300
4,5,6, ss: 1300
4,5,7, ss: 1300
4,6,5, ss: 1300
4,6,7, ss: 1300
4,7,5, ss: 1300
4,7,6, ss: 1300
5,4,6, ss: 1300
5,4,7, ss: 1300
5,6,4, ss: 1300
5,6,7, ss: 1300
5,7,4, ss: 1300
5,7,6, ss: 1300
6,4,5, ss: 1300
6,4,7, ss: 1300
6,5,4, ss: 1300
6,5,7, ss: 1300
6,7,4, ss: 1300
6,7,5, ss: 1300
7,4,5, ss: 1300
7,4,6, ss: 1300
7,5,4, ss: 1300
7,5,6, ss: 1300
7,6,4, ss: 1300
7,6,5, ss: 1300


=== rcno: 6, nData: 212, year: 8, train_course: 0, model: 10 ===
4,3,10,11,7,1


bet: 1300
4,5,6, ss: 1300
4,5,7, ss: 1300
4,6,5, ss: 1300
4,6,7, ss: 1300
4,7,5, ss: 1300
4,7,6, ss: 1300
5,4,6, ss: 1300
5,4,7, ss: 1300
5,6,4, ss: 1300
5,6,7, ss: 1300
5,7,4, ss: 1300
5,7,6, ss: 1300
6,4,5, ss: 1300
6,4,7, ss: 1300
6,5,4, ss: 1300
6,5,7, ss: 1300
6,7,4, ss: 1300
6,7,5, ss: 1300
7,4,5, ss: 1300
7,4,6, ss: 1300
7,5,4, ss: 1300
7,5,6, ss: 1300
7,6,4, ss: 1300
7,6,5, ss: 1300