


=== rcno: 1, nData: 212, year: 8, train_course: 0, model: 10 ===
8,10,2,5,6,11


bet: 1300
4,5,6, ss: 1300
4,5,7, ss: 1300
4,6,5, ss: 1300
4,6,7, ss: 1300
4,7,5, ss: 1300
4,7,6, ss: 1300
5,4,6, ss: 1300
5,4,7, ss: 1300
5,6,4, ss: 1300
5,6,7, ss: 1300
5,7,4, ss: 1300
5,7,6, ss: 1300
6,4,5, ss: 1300
6,4,7, ss: 1300
6,5,4, ss: 1300
6,5,7, ss: 1300
6,7,4, ss: 1300
6,7,5, ss: 1300
7,4,5, ss: 1300
7,4,6, ss: 1300
7,5,4, ss: 1300
7,5,6, ss: 1300
7,6,4, ss: 1300
7,6,5, ss: 1300


=== rcno: 2, nData: 212, year: 8, train_course: 0, model: 10 ===
11,10,5,12,8,6


bet: 1300
4,5,6, ss: 1300
4,5,7, ss: 1300
4,6,5, ss: 1300
4,6,7, ss: 1300
4,7,5, ss: 1300
4,7,6, ss: 1300
5,4,6, ss: 1300
5,4,7, ss: 1300
5,6,4, ss: 1300
5,6,7, ss: 1300
5,7,4, ss: 1300
5,7,6, ss: 1300
6,4,5, ss: 1300
6,4,7, ss: 1300
6,5,4, ss: 1300
6,5,7, ss: 1300
6,7,4, ss: 1300
6,7,5, ss: 1300
7,4,5, ss: 1300
7,4,6, ss: 1300
7,5,4, ss: 1300
7,5,6, ss: 1300
7,6,4, ss: 1300
7,6,5, ss: 1300


=== rcno: 3, nData: 212, year: 8, train_course: 0, model: 10 ===
8,11,1,3,6,7


bet: 1300
4,5,6, ss: 1300
4,5,7, ss: 1300
4,6,5, ss: 1300
4,6,7, ss: 1300
4,7,5, ss: 1300
4,7,6, ss: 1300
5,4,6, ss: 1300
5,4,7, ss: 1300
5,6,4, ss: 1300
5,6,7, ss: 1300
5,7,4, ss: 1300
5,7,6, ss: 1300
6,4,5, ss: 1300
6,4,7, ss: 1300
6,5,4, ss: 1300
6,5,7, ss: 1300
6,7,4, ss: 1300
6,7,5, ss: 1300
7,4,5, ss: 1300
7,4,6, ss: 1300
7,5,4, ss: 1300
7,5,6, ss: 1300
7,6,4, ss: 1300
7,6,5, ss: 1300


=== rcno: 4, nData: 212, year: 8, train_course: 0, model: 10 ===
4,10,12,8,7,1


bet: 1300
4,5,6, ss: 1300
4,5,7, ss: 1300
4,6,5, ss: 1300
4,6,7, ss: 1300
4,7,5, ss: 1300
4,7,6, ss: 1300
5,4,6, ss: 1300
5,4,7, ss: 1300
5,6,4, ss: 1300
5,6,7, ss: 1300
5,7,4, ss: 1300
5,7,6, ss: 1300
6,4,5, ss: 1300
6,4,7, ss: 1300
6,5,4, ss: 1300
6,5,7, ss: 1300
6,7,4, ss: 1300
6,7,5, ss: 1300
7,4,5, ss: 1300
7,4,6, ss: 1300
7,5,4, ss: 1300
7,5,6, ss: 1300
7,6,4, ss: 1300
7,6,5, ss: 1300


=== rcno: 5, nData: 212, year: 8, train_course: 0, model: 10 ===
11,9,5,10,1,6


bet: 1300
4,5,6, ss: 1300
4,5,7, ss: 1300
4,6,5, ss: 1300
4,6,7, ss: 1300
4,7,5, ss: 1300
4,7,6, ss: 1300
5,4,6, ss: 1300
5,4,7, ss: 1300
5,6,4, ss: 1300
5,6,7, ss: 1300
5,7,4, ss: 1300
5,7,6, ss: 1300
6,4,5, ss: 1300
6,4,7, ss: 1300
6,5,4, ss: 1300
6,5,7, ss: 1300
6,7,4, ss: 1300
6,7,5, ss: 1300
7,4,5, ss: 1300
7,4,6, ss: 1300
7,5,4, ss: 1300
7,5,6, ss: 1300
7,6,4, ss: 1300
7,6,5, ss: 1300


=== rcno: 6, nData: 212, year: 8, train_course: 0, model: 10 ===
4,3,10,1,11,6


bet: 1300
4,5,6, ss: 1300
4,5,7, ss: 1300
4,6,5, ss: 1300
4,6,7, ss: 1300
4,7,5, ss: 1300
4,7,6, ss: 1300
5,4,6, ss: 1300
5,4,7, ss: 1300
5,6,4, ss: 1300
5,6,7, ss: 1300
5,7,4, ss: 1300
5,7,6, ss: 1300
6,4,5, ss: 1300
6,4,7, ss: 1300
6,5,4, ss: 1300
6,5,7, ss: 1300
6,7,4, ss: 1300
6,7,5, ss: 1300
7,4,5, ss: 1300
7,4,6, ss: 1300
7,5,4, ss: 1300
7,5,6, ss: 1300
7,6,4, ss: 1300
7,6,5, ss: 1300


=== rcno: 1, nData: 212, year: 8, train_course: 0, model: 10 ===
10,6,2,5,8,11


bet: 1300
4,5,6, ss: 1300
4,5,7, ss: 1300
4,6,5, ss: 1300
4,6,7, ss: 1300
4,7,5, ss: 1300
4,7,6, ss: 1300
5,4,6, ss: 1300
5,4,7, ss: 1300
5,6,4, ss: 1300
5,6,7, ss: 1300
5,7,4, ss: 1300
5,7,6, ss: 1300
6,4,5, ss: 1300
6,4,7, ss: 1300
6,5,4, ss: 1300
6,5,7, ss: 1300
6,7,4, ss: 1300
6,7,5, ss: 1300
7,4,5, ss: 1300
7,4,6, ss: 1300
7,5,4, ss: 1300
7,5,6, ss: 1300
7,6,4, ss: 1300
7,6,5, ss: 1300


=== rcno: 2, nData: 212, year: 8, train_course: 0, model: 10 ===
11,9,12,5,10,8


bet: 1300
4,5,6, ss: 1300
4,5,7, ss: 1300
4,6,5, ss: 1300
4,6,7, ss: 1300
4,7,5, ss: 1300
4,7,6, ss: 1300
5,4,6, ss: 1300
5,4,7, ss: 1300
5,6,4, ss: 1300
5,6,7, ss: 1300
5,7,4, ss: 1300
5,7,6, ss: 1300
6,4,5, ss: 1300
6,4,7, ss: 1300
6,5,4, ss: 1300
6,5,7, ss: 1300
6,7,4, ss: 1300
6,7,5, ss: 1300
7,4,5, ss: 1300
7,4,6, ss: 1300
7,5,4, ss: 1300
7,5,6, ss: 1300
7,6,4, ss: 1300
7,6,5, ss: 1300


=== rcno: 3, nData: 212, year: 8, train_course: 0, model: 10 ===
8,1,11,7,3,10


bet: 1300
4,5,6, ss: 1300
4,5,7, ss: 1300
4,6,5, ss: 1300
4,6,7, ss: 1300
4,7,5, ss: 1300
4,7,6, ss: 1300
5,4,6, ss: 1300
5,4,7, ss: 1300
5,6,4, ss: 1300
5,6,7, ss: 1300
5,7,4, ss: 1300
5,7,6, ss: 1300
6,4,5, ss: 1300
6,4,7, ss: 1300
6,5,4, ss: 1300
6,5,7, ss: 1300
6,7,4, ss: 1300
6,7,5, ss: 1300
7,4,5, ss: 1300
7,4,6, ss: 1300
7,5,4, ss: 1300
7,5,6, ss: 1300
7,6,4, ss: 1300
7,6,5, ss: 1300


=== rcno: 4, nData: 212, year: 8, train_course: 0, model: 10 ===
4,10,12,8,7,1


bet: 1300
4,5,6, ss: 1300
4,5,7, ss: 1300
4,6,5, ss: 1300
4,6,7, ss: 1300
4,7,5, ss: 1300
4,7,6, ss: 1300
5,4,6, ss: 1300
5,4,7, ss: 1300
5,6,4, ss: 1300
5,6,7, ss: 1300
5,7,4, ss: 1300
5,7,6, ss: 1300
6,4,5, ss: 1300
6,4,7, ss: 1300
6,5,4, ss: 1300
6,5,7, ss: 1300
6,7,4, ss: 1300
6,7,5, ss: 1300
7,4,5, ss: 1300
7,4,6, ss: 1300
7,5,4, ss: 1300
7,5,6, ss: 1300
7,6,4, ss: 1300
7,6,5, ss: 1300


=== rcno: 5, nData: 212, year: 8, train_course: 0, model: 10 ===
11,9,5,4,1,10


bet: 1300
4,5,6, ss: 1300
4,5,7, ss: 1300
4,6,5, ss: 1300
4,6,7, ss: 1300
4,7,5, ss: 1300
4,7,6, ss: 1300
5,4,6, ss: 1300
5,4,7, ss: 1300
5,6,4, ss: 1300
5,6,7, ss: 1300
5,7,4, ss: 1300
5,7,6, ss: 1300
6,4,5, ss: 1300
6,4,7, ss: 1300
6,5,4, ss: 1300
6,5,7, ss: 1300
6,7,4, ss: 1300
6,7,5, ss: 1300
7,4,5, ss: 1300
7,4,6, ss: 1300
7,5,4, ss: 1300
7,5,6, ss: 1300
7,6,4, ss: 1300
7,6,5, ss: 1300


=== rcno: 6, nData: 212, year: 8, train_course: 0, model: 10 ===
4,3,10,11,1,2


bet: 1300
4,5,6, ss: 1300
4,5,7, ss: 1300
4,6,5, ss: 1300
4,6,7, ss: 1300
4,7,5, ss: 1300
4,7,6, ss: 1300
5,4,6, ss: 1300
5,4,7, ss: 1300
5,6,4, ss: 1300
5,6,7, ss: 1300
5,7,4, ss: 1300
5,7,6, ss: 1300
6,4,5, ss: 1300
6,4,7, ss: 1300
6,5,4, ss: 1300
6,5,7, ss: 1300
6,7,4, ss: 1300
6,7,5, ss: 1300
7,4,5, ss: 1300
7,4,6, ss: 1300
7,5,4, ss: 1300
7,5,6, ss: 1300
7,6,4, ss: 1300
7,6,5, ss: 1300


=== rcno: 1, nData: 212, year: 8, train_course: 0, model: 10 ===
10,8,5,6,2,11


bet: 1300
4,5,6, ss: 1300
4,5,7, ss: 1300
4,6,5, ss: 1300
4,6,7, ss: 1300
4,7,5, ss: 1300
4,7,6, ss: 1300
5,4,6, ss: 1300
5,4,7, ss: 1300
5,6,4, ss: 1300
5,6,7, ss: 1300
5,7,4, ss: 1300
5,7,6, ss: 1300
6,4,5, ss: 1300
6,4,7, ss: 1300
6,5,4, ss: 1300
6,5,7, ss: 1300
6,7,4, ss: 1300
6,7,5, ss: 1300
7,4,5, ss: 1300
7,4,6, ss: 1300
7,5,4, ss: 1300
7,5,6, ss: 1300
7,6,4, ss: 1300
7,6,5, ss: 1300


=== rcno: 2, nData: 212, year: 8, train_course: 0, model: 10 ===
11,5,12,8,10,2


bet: 1300
4,5,6, ss: 1300
4,5,7, ss: 1300
4,6,5, ss: 1300
4,6,7, ss: 1300
4,7,5, ss: 1300
4,7,6, ss: 1300
5,4,6, ss: 1300
5,4,7, ss: 1300
5,6,4, ss: 1300
5,6,7, ss: 1300
5,7,4, ss: 1300
5,7,6, ss: 1300
6,4,5, ss: 1300
6,4,7, ss: 1300
6,5,4, ss: 1300
6,5,7, ss: 1300
6,7,4, ss: 1300
6,7,5, ss: 1300
7,4,5, ss: 1300
7,4,6, ss: 1300
7,5,4, ss: 1300
7,5,6, ss: 1300
7,6,4, ss: 1300
7,6,5, ss: 1300


=== rcno: 3, nData: 212, year: 8, train_course: 0, model: 10 ===
1,8,11,5,3,6


bet: 1300
4,5,6, ss: 1300
4,5,7, ss: 1300
4,6,5, ss: 1300
4,6,7, ss: 1300
4,7,5, ss: 1300
4,7,6, ss: 1300
5,4,6, ss: 1300
5,4,7, ss: 1300
5,6,4, ss: 1300
5,6,7, ss: 1300
5,7,4, ss: 1300
5,7,6, ss: 1300
6,4,5, ss: 1300
6,4,7, ss: 1300
6,5,4, ss: 1300
6,5,7, ss: 1300
6,7,4, ss: 1300
6,7,5, ss: 1300
7,4,5, ss: 1300
7,4,6, ss: 1300
7,5,4, ss: 1300
7,5,6, ss: 1300
7,6,4, ss: 1300
7,6,5, ss: 1300


=== rcno: 4, nData: 212, year: 8, train_course: 0, model: 10 ===
4,12,10,5,1,6


bet: 1300
4,5,6, ss: 1300
4,5,7, ss: 1300
4,6,5, ss: 1300
4,6,7, ss: 1300
4,7,5, ss: 1300
4,7,6, ss: 1300
5,4,6, ss: 1300
5,4,7, ss: 1300
5,6,4, ss: 1300
5,6,7, ss: 1300
5,7,4, ss: 1300
5,7,6, ss: 1300
6,4,5, ss: 1300
6,4,7, ss: 1300
6,5,4, ss: 1300
6,5,7, ss: 1300
6,7,4, ss: 1300
6,7,5, ss: 1300
7,4,5, ss: 1300
7,4,6, ss: 1300
7,5,4, ss: 1300
7,5,6, ss: 1300
7,6,4, ss: 1300
7,6,5, ss: 1300


=== rcno: 5, nData: 212, year: 8, train_course: 0, model: 10 ===
5,11,9,1,10,6


bet: 1300
4,5,6, ss: 1300
4,5,7, ss: 1300
4,6,5, ss: 1300
4,6,7, ss: 1300
4,7,5, ss: 1300
4,7,6, ss: 1300
5,4,6, ss: 1300
5,4,7, ss: 1300
5,6,4, ss: 1300
5,6,7, ss: 1300
5,7,4, ss: 1300
5,7,6, ss: 1300
6,4,5, ss: 1300
6,4,7, ss: 1300
6,5,4, ss: 1300
6,5,7, ss: 1300
6,7,4, ss: 1300
6,7,5, ss: 1300
7,4,5, ss: 1300
7,4,6, ss: 1300
7,5,4, ss: 1300
7,5,6, ss: 1300
7,6,4, ss: 1300
7,6,5, ss: 1300


=== rcno: 6, nData: 212, year: 8, train_course: 0, model: 10 ===
4,3,10,11,1,2


bet: 1300
4,5,6, ss: 1300
4,5,7, ss: 1300
4,6,5, ss: 1300
4,6,7, ss: 1300
4,7,5, ss: 1300
4,7,6, ss: 1300
5,4,6, ss: 1300
5,4,7, ss: 1300
5,6,4, ss: 1300
5,6,7, ss: 1300
5,7,4, ss: 1300
5,7,6, ss: 1300
6,4,5, ss: 1300
6,4,7, ss: 1300
6,5,4, ss: 1300
6,5,7, ss: 1300
6,7,4, ss: 1300
6,7,5, ss: 1300
7,4,5, ss: 1300
7,4,6, ss: 1300
7,5,4, ss: 1300
7,5,6, ss: 1300
7,6,4, ss: 1300
7,6,5, ss: 1300