


=== rcno: 1, nData: 212, year: 8, train_course: 0, model: 6 ===
7,1,8,6,4,11


bet: 1300
4,11,5, ss: 800
4,11,10, ss: 800
4,5,11, ss: 800
4,5,10, ss: 800
4,10,11, ss: 800
4,10,5, ss: 800
11,4,5, ss: 800
11,4,10, ss: 800
11,5,4, ss: 800
11,5,10, ss: 800
11,10,4, ss: 800
11,10,5, ss: 800
5,4,11, ss: 800
5,4,10, ss: 800
5,11,4, ss: 800
5,11,10, ss: 800
5,10,4, ss: 800
5,10,11, ss: 800
10,4,11, ss: 800
10,4,5, ss: 800
10,11,4, ss: 800
10,11,5, ss: 800
10,5,4, ss: 800
10,5,11, ss: 800


=== rcno: 2, nData: 212, year: 8, train_course: 0, model: 6 ===
10,4,7,5,3,6


bet: 1300
3,6,9, ss: 800
3,6,11, ss: 800
3,9,6, ss: 800
3,9,11, ss: 800
3,11,6, ss: 800
3,11,9, ss: 800
6,3,9, ss: 800
6,3,11, ss: 800
6,9,3, ss: 800
6,9,11, ss: 800
6,11,3, ss: 800
6,11,9, ss: 800
9,3,6, ss: 800
9,3,11, ss: 800
9,6,3, ss: 800
9,6,11, ss: 800
9,11,3, ss: 800
9,11,6, ss: 800
11,3,6, ss: 800
11,3,9, ss: 800
11,6,3, ss: 800
11,6,9, ss: 800
11,9,3, ss: 800
11,9,6, ss: 800


=== rcno: 3, nData: 212, year: 8, train_course: 0, model: 6 ===
1,4,5,8,10,11


bet: 1300
10,11,3, ss: 800
10,11,9, ss: 800
10,3,11, ss: 800
10,3,9, ss: 800
10,9,11, ss: 800
10,9,3, ss: 800
11,10,3, ss: 800
11,10,9, ss: 800
11,3,10, ss: 800
11,3,9, ss: 800
11,9,10, ss: 800
11,9,3, ss: 800
3,10,11, ss: 800
3,10,9, ss: 800
3,11,10, ss: 800
3,11,9, ss: 800
3,9,10, ss: 800
3,9,11, ss: 800
9,10,11, ss: 800
9,10,3, ss: 800
9,11,10, ss: 800
9,11,3, ss: 800
9,3,10, ss: 800
9,3,11, ss: 800


=== rcno: 4, nData: 212, year: 8, train_course: 0, model: 6 ===
10,4,11,9,5,8


bet: 1300
5,8,1, ss: 800
5,8,2, ss: 800
5,1,8, ss: 800
5,1,2, ss: 800
5,2,8, ss: 800
5,2,1, ss: 800
8,5,1, ss: 800
8,5,2, ss: 800
8,1,5, ss: 800
8,1,2, ss: 800
8,2,5, ss: 800
8,2,1, ss: 800
1,5,8, ss: 800
1,5,2, ss: 800
1,8,5, ss: 800
1,8,2, ss: 800
1,2,5, ss: 800
1,2,8, ss: 800
2,5,8, ss: 800
2,5,1, ss: 800
2,8,5, ss: 800
2,8,1, ss: 800
2,1,5, ss: 800
2,1,8, ss: 800


=== rcno: 5, nData: 212, year: 8, train_course: 0, model: 6 ===
9,1,5,11,8,10


bet: 1300
8,10,3, ss: 800
8,10,4, ss: 800
8,3,10, ss: 800
8,3,4, ss: 800
8,4,10, ss: 800
8,4,3, ss: 800
10,8,3, ss: 800
10,8,4, ss: 800
10,3,8, ss: 800
10,3,4, ss: 800
10,4,8, ss: 800
10,4,3, ss: 800
3,8,10, ss: 800
3,8,4, ss: 800
3,10,8, ss: 800
3,10,4, ss: 800
3,4,8, ss: 800
3,4,10, ss: 800
4,8,10, ss: 800
4,8,3, ss: 800
4,10,8, ss: 800
4,10,3, ss: 800
4,3,8, ss: 800
4,3,10, ss: 800


=== rcno: 6, nData: 212, year: 8, train_course: 0, model: 6 ===
6,4,10,9,1,3


bet: 1300
1,3,2, ss: 800
1,3,5, ss: 800
1,2,3, ss: 800
1,2,5, ss: 800
1,5,3, ss: 800
1,5,2, ss: 800
3,1,2, ss: 800
3,1,5, ss: 800
3,2,1, ss: 800
3,2,5, ss: 800
3,5,1, ss: 800
3,5,2, ss: 800
2,1,3, ss: 800
2,1,5, ss: 800
2,3,1, ss: 800
2,3,5, ss: 800
2,5,1, ss: 800
2,5,3, ss: 800
5,1,3, ss: 800
5,1,2, ss: 800
5,3,1, ss: 800
5,3,2, ss: 800
5,2,1, ss: 800
5,2,3, ss: 800


=== rcno: 7, nData: 212, year: 8, train_course: 0, model: 6 ===
8,5,9,2,7,1


bet: 1300
7,1,10, ss: 800
7,1,6, ss: 800
7,10,1, ss: 800
7,10,6, ss: 800
7,6,1, ss: 800
7,6,10, ss: 800
1,7,10, ss: 800
1,7,6, ss: 800
1,10,7, ss: 800
1,10,6, ss: 800
1,6,7, ss: 800
1,6,10, ss: 800
10,7,1, ss: 800
10,7,6, ss: 800
10,1,7, ss: 800
10,1,6, ss: 800
10,6,7, ss: 800
10,6,1, ss: 800
6,7,1, ss: 800
6,7,10, ss: 800
6,1,7, ss: 800
6,1,10, ss: 800
6,10,7, ss: 800
6,10,1, ss: 800


=== rcno: 8, nData: 212, year: 8, train_course: 0, model: 6 ===
9,4,11,8,7,2


bet: 1300
7,2,1, ss: 800
7,2,12, ss: 800
7,1,2, ss: 800
7,1,12, ss: 800
7,12,2, ss: 800
7,12,1, ss: 800
2,7,1, ss: 800
2,7,12, ss: 800
2,1,7, ss: 800
2,1,12, ss: 800
2,12,7, ss: 800
2,12,1, ss: 800
1,7,2, ss: 800
1,7,12, ss: 800
1,2,7, ss: 800
1,2,12, ss: 800
1,12,7, ss: 800
1,12,2, ss: 800
12,7,2, ss: 800
12,7,1, ss: 800
12,2,7, ss: 800
12,2,1, ss: 800
12,1,7, ss: 800
12,1,2, ss: 800


=== rcno: 9, nData: 212, year: 8, train_course: 0, model: 6 ===
3,6,4,10,8,2


bet: 1300
8,2,5, ss: 800
8,2,9, ss: 800
8,5,2, ss: 800
8,5,9, ss: 800
8,9,2, ss: 800
8,9,5, ss: 800
2,8,5, ss: 800
2,8,9, ss: 800
2,5,8, ss: 800
2,5,9, ss: 800
2,9,8, ss: 800
2,9,5, ss: 800
5,8,2, ss: 800
5,8,9, ss: 800
5,2,8, ss: 800
5,2,9, ss: 800
5,9,8, ss: 800
5,9,2, ss: 800
9,8,2, ss: 800
9,8,5, ss: 800
9,2,8, ss: 800
9,2,5, ss: 800
9,5,8, ss: 800
9,5,2, ss: 800


=== rcno: 10, nData: 212, year: 8, train_course: 0, model: 6 ===
8,12,9,3,7,5


bet: 1300
7,5,4, ss: 800
7,5,1, ss: 800
7,4,5, ss: 800
7,4,1, ss: 800
7,1,5, ss: 800
7,1,4, ss: 800
5,7,4, ss: 800
5,7,1, ss: 800
5,4,7, ss: 800
5,4,1, ss: 800
5,1,7, ss: 800
5,1,4, ss: 800
4,7,5, ss: 800
4,7,1, ss: 800
4,5,7, ss: 800
4,5,1, ss: 800
4,1,7, ss: 800
4,1,5, ss: 800
1,7,5, ss: 800
1,7,4, ss: 800
1,5,7, ss: 800
1,5,4, ss: 800
1,4,7, ss: 800
1,4,5, ss: 800


=== rcno: 1, nData: 212, year: 8, train_course: 0, model: 6 ===
7,1,8,6,4,11


bet: 1300
4,11,5, ss: 800
4,11,10, ss: 800
4,5,11, ss: 800
4,5,10, ss: 800
4,10,11, ss: 800
4,10,5, ss: 800
11,4,5, ss: 800
11,4,10, ss: 800
11,5,4, ss: 800
11,5,10, ss: 800
11,10,4, ss: 800
11,10,5, ss: 800
5,4,11, ss: 800
5,4,10, ss: 800
5,11,4, ss: 800
5,11,10, ss: 800
5,10,4, ss: 800
5,10,11, ss: 800
10,4,11, ss: 800
10,4,5, ss: 800
10,11,4, ss: 800
10,11,5, ss: 800
10,5,4, ss: 800
10,5,11, ss: 800


=== rcno: 2, nData: 212, year: 8, train_course: 0, model: 6 ===
10,4,7,5,9,6


bet: 1300
9,6,11, ss: 800
9,6,3, ss: 800
9,11,6, ss: 800
9,11,3, ss: 800
9,3,6, ss: 800
9,3,11, ss: 800
6,9,11, ss: 800
6,9,3, ss: 800
6,11,9, ss: 800
6,11,3, ss: 800
6,3,9, ss: 800
6,3,11, ss: 800
11,9,6, ss: 800
11,9,3, ss: 800
11,6,9, ss: 800
11,6,3, ss: 800
11,3,9, ss: 800
11,3,6, ss: 800
3,9,6, ss: 800
3,9,11, ss: 800
3,6,9, ss: 800
3,6,11, ss: 800
3,11,9, ss: 800
3,11,6, ss: 800


=== rcno: 3, nData: 212, year: 8, train_course: 0, model: 6 ===
4,1,5,11,10,8


bet: 1300
10,8,3, ss: 800
10,8,9, ss: 800
10,3,8, ss: 800
10,3,9, ss: 800
10,9,8, ss: 800
10,9,3, ss: 800
8,10,3, ss: 800
8,10,9, ss: 800
8,3,10, ss: 800
8,3,9, ss: 800
8,9,10, ss: 800
8,9,3, ss: 800
3,10,8, ss: 800
3,10,9, ss: 800
3,8,10, ss: 800
3,8,9, ss: 800
3,9,10, ss: 800
3,9,8, ss: 800
9,10,8, ss: 800
9,10,3, ss: 800
9,8,10, ss: 800
9,8,3, ss: 800
9,3,10, ss: 800
9,3,8, ss: 800


=== rcno: 4, nData: 212, year: 8, train_course: 0, model: 6 ===
10,4,5,9,7,8


bet: 1300
7,8,11, ss: 800
7,8,1, ss: 800
7,11,8, ss: 800
7,11,1, ss: 800
7,1,8, ss: 800
7,1,11, ss: 800
8,7,11, ss: 800
8,7,1, ss: 800
8,11,7, ss: 800
8,11,1, ss: 800
8,1,7, ss: 800
8,1,11, ss: 800
11,7,8, ss: 800
11,7,1, ss: 800
11,8,7, ss: 800
11,8,1, ss: 800
11,1,7, ss: 800
11,1,8, ss: 800
1,7,8, ss: 800
1,7,11, ss: 800
1,8,7, ss: 800
1,8,11, ss: 800
1,11,7, ss: 800
1,11,8, ss: 800


=== rcno: 5, nData: 212, year: 8, train_course: 0, model: 6 ===
1,9,5,3,11,10


bet: 1300
11,10,4, ss: 800
11,10,8, ss: 800
11,4,10, ss: 800
11,4,8, ss: 800
11,8,10, ss: 800
11,8,4, ss: 800
10,11,4, ss: 800
10,11,8, ss: 800
10,4,11, ss: 800
10,4,8, ss: 800
10,8,11, ss: 800
10,8,4, ss: 800
4,11,10, ss: 800
4,11,8, ss: 800
4,10,11, ss: 800
4,10,8, ss: 800
4,8,11, ss: 800
4,8,10, ss: 800
8,11,10, ss: 800
8,11,4, ss: 800
8,10,11, ss: 800
8,10,4, ss: 800
8,4,11, ss: 800
8,4,10, ss: 800


=== rcno: 6, nData: 212, year: 8, train_course: 0, model: 6 ===
6,10,4,9,1,5


bet: 1300
1,5,7, ss: 800
1,5,3, ss: 800
1,7,5, ss: 800
1,7,3, ss: 800
1,3,5, ss: 800
1,3,7, ss: 800
5,1,7, ss: 800
5,1,3, ss: 800
5,7,1, ss: 800
5,7,3, ss: 800
5,3,1, ss: 800
5,3,7, ss: 800
7,1,5, ss: 800
7,1,3, ss: 800
7,5,1, ss: 800
7,5,3, ss: 800
7,3,1, ss: 800
7,3,5, ss: 800
3,1,5, ss: 800
3,1,7, ss: 800
3,5,1, ss: 800
3,5,7, ss: 800
3,7,1, ss: 800
3,7,5, ss: 800


=== rcno: 7, nData: 212, year: 8, train_course: 0, model: 6 ===
8,5,2,9,6,10


bet: 1300
6,10,1, ss: 800
6,10,7, ss: 800
6,1,10, ss: 800
6,1,7, ss: 800
6,7,10, ss: 800
6,7,1, ss: 800
10,6,1, ss: 800
10,6,7, ss: 800
10,1,6, ss: 800
10,1,7, ss: 800
10,7,6, ss: 800
10,7,1, ss: 800
1,6,10, ss: 800
1,6,7, ss: 800
1,10,6, ss: 800
1,10,7, ss: 800
1,7,6, ss: 800
1,7,10, ss: 800
7,6,10, ss: 800
7,6,1, ss: 800
7,10,6, ss: 800
7,10,1, ss: 800
7,1,6, ss: 800
7,1,10, ss: 800


=== rcno: 8, nData: 212, year: 8, train_course: 0, model: 6 ===
4,9,11,8,7,5


bet: 1300
7,5,12, ss: 800
7,5,1, ss: 800
7,12,5, ss: 800
7,12,1, ss: 800
7,1,5, ss: 800
7,1,12, ss: 800
5,7,12, ss: 800
5,7,1, ss: 800
5,12,7, ss: 800
5,12,1, ss: 800
5,1,7, ss: 800
5,1,12, ss: 800
12,7,5, ss: 800
12,7,1, ss: 800
12,5,7, ss: 800
12,5,1, ss: 800
12,1,7, ss: 800
12,1,5, ss: 800
1,7,5, ss: 800
1,7,12, ss: 800
1,5,7, ss: 800
1,5,12, ss: 800
1,12,7, ss: 800
1,12,5, ss: 800


=== rcno: 9, nData: 212, year: 8, train_course: 0, model: 6 ===
3,4,6,8,2,10


bet: 1300
2,10,9, ss: 800
2,10,5, ss: 800
2,9,10, ss: 800
2,9,5, ss: 800
2,5,10, ss: 800
2,5,9, ss: 800
10,2,9, ss: 800
10,2,5, ss: 800
10,9,2, ss: 800
10,9,5, ss: 800
10,5,2, ss: 800
10,5,9, ss: 800
9,2,10, ss: 800
9,2,5, ss: 800
9,10,2, ss: 800
9,10,5, ss: 800
9,5,2, ss: 800
9,5,10, ss: 800
5,2,10, ss: 800
5,2,9, ss: 800
5,10,2, ss: 800
5,10,9, ss: 800
5,9,2, ss: 800
5,9,10, ss: 800


=== rcno: 10, nData: 212, year: 8, train_course: 0, model: 6 ===
8,9,1,12,4,3


bet: 1300
4,3,11, ss: 800
4,3,5, ss: 800
4,11,3, ss: 800
4,11,5, ss: 800
4,5,3, ss: 800
4,5,11, ss: 800
3,4,11, ss: 800
3,4,5, ss: 800
3,11,4, ss: 800
3,11,5, ss: 800
3,5,4, ss: 800
3,5,11, ss: 800
11,4,3, ss: 800
11,4,5, ss: 800
11,3,4, ss: 800
11,3,5, ss: 800
11,5,4, ss: 800
11,5,3, ss: 800
5,4,3, ss: 800
5,4,11, ss: 800
5,3,4, ss: 800
5,3,11, ss: 800
5,11,4, ss: 800
5,11,3, ss: 800


=== rcno: 1, nData: 212, year: 8, train_course: 0, model: 6 ===
8,1,7,6,4,9


bet: 1300
4,9,11, ss: 800
4,9,10, ss: 800
4,11,9, ss: 800
4,11,10, ss: 800
4,10,9, ss: 800
4,10,11, ss: 800
9,4,11, ss: 800
9,4,10, ss: 800
9,11,4, ss: 800
9,11,10, ss: 800
9,10,4, ss: 800
9,10,11, ss: 800
11,4,9, ss: 800
11,4,10, ss: 800
11,9,4, ss: 800
11,9,10, ss: 800
11,10,4, ss: 800
11,10,9, ss: 800
10,4,9, ss: 800
10,4,11, ss: 800
10,9,4, ss: 800
10,9,11, ss: 800
10,11,4, ss: 800
10,11,9, ss: 800


=== rcno: 2, nData: 212, year: 8, train_course: 0, model: 6 ===
10,4,7,1,5,9


bet: 1300
5,9,11, ss: 800
5,9,3, ss: 800
5,11,9, ss: 800
5,11,3, ss: 800
5,3,9, ss: 800
5,3,11, ss: 800
9,5,11, ss: 800
9,5,3, ss: 800
9,11,5, ss: 800
9,11,3, ss: 800
9,3,5, ss: 800
9,3,11, ss: 800
11,5,9, ss: 800
11,5,3, ss: 800
11,9,5, ss: 800
11,9,3, ss: 800
11,3,5, ss: 800
11,3,9, ss: 800
3,5,9, ss: 800
3,5,11, ss: 800
3,9,5, ss: 800
3,9,11, ss: 800
3,11,5, ss: 800
3,11,9, ss: 800


=== rcno: 3, nData: 212, year: 8, train_course: 0, model: 6 ===
4,1,10,5,8,3


bet: 1300
8,3,11, ss: 800
8,3,2, ss: 800
8,11,3, ss: 800
8,11,2, ss: 800
8,2,3, ss: 800
8,2,11, ss: 800
3,8,11, ss: 800
3,8,2, ss: 800
3,11,8, ss: 800
3,11,2, ss: 800
3,2,8, ss: 800
3,2,11, ss: 800
11,8,3, ss: 800
11,8,2, ss: 800
11,3,8, ss: 800
11,3,2, ss: 800
11,2,8, ss: 800
11,2,3, ss: 800
2,8,3, ss: 800
2,8,11, ss: 800
2,3,8, ss: 800
2,3,11, ss: 800
2,11,8, ss: 800
2,11,3, ss: 800


=== rcno: 4, nData: 212, year: 8, train_course: 0, model: 6 ===
10,4,11,8,9,5


bet: 1300
9,5,1, ss: 800
9,5,2, ss: 800
9,1,5, ss: 800
9,1,2, ss: 800
9,2,5, ss: 800
9,2,1, ss: 800
5,9,1, ss: 800
5,9,2, ss: 800
5,1,9, ss: 800
5,1,2, ss: 800
5,2,9, ss: 800
5,2,1, ss: 800
1,9,5, ss: 800
1,9,2, ss: 800
1,5,9, ss: 800
1,5,2, ss: 800
1,2,9, ss: 800
1,2,5, ss: 800
2,9,5, ss: 800
2,9,1, ss: 800
2,5,9, ss: 800
2,5,1, ss: 800
2,1,9, ss: 800
2,1,5, ss: 800


=== rcno: 5, nData: 212, year: 8, train_course: 0, model: 6 ===
9,1,5,3,8,11


bet: 1300
8,11,10, ss: 800
8,11,7, ss: 800
8,10,11, ss: 800
8,10,7, ss: 800
8,7,11, ss: 800
8,7,10, ss: 800
11,8,10, ss: 800
11,8,7, ss: 800
11,10,8, ss: 800
11,10,7, ss: 800
11,7,8, ss: 800
11,7,10, ss: 800
10,8,11, ss: 800
10,8,7, ss: 800
10,11,8, ss: 800
10,11,7, ss: 800
10,7,8, ss: 800
10,7,11, ss: 800
7,8,11, ss: 800
7,8,10, ss: 800
7,11,8, ss: 800
7,11,10, ss: 800
7,10,8, ss: 800
7,10,11, ss: 800


=== rcno: 6, nData: 212, year: 8, train_course: 0, model: 6 ===
6,10,9,2,4,5


bet: 1300
4,5,7, ss: 800
4,5,8, ss: 800
4,7,5, ss: 800
4,7,8, ss: 800
4,8,5, ss: 800
4,8,7, ss: 800
5,4,7, ss: 800
5,4,8, ss: 800
5,7,4, ss: 800
5,7,8, ss: 800
5,8,4, ss: 800
5,8,7, ss: 800
7,4,5, ss: 800
7,4,8, ss: 800
7,5,4, ss: 800
7,5,8, ss: 800
7,8,4, ss: 800
7,8,5, ss: 800
8,4,5, ss: 800
8,4,7, ss: 800
8,5,4, ss: 800
8,5,7, ss: 800
8,7,4, ss: 800
8,7,5, ss: 800


=== rcno: 7, nData: 212, year: 8, train_course: 0, model: 6 ===
8,2,5,3,6,10


bet: 1300
6,10,7, ss: 800
6,10,9, ss: 800
6,7,10, ss: 800
6,7,9, ss: 800
6,9,10, ss: 800
6,9,7, ss: 800
10,6,7, ss: 800
10,6,9, ss: 800
10,7,6, ss: 800
10,7,9, ss: 800
10,9,6, ss: 800
10,9,7, ss: 800
7,6,10, ss: 800
7,6,9, ss: 800
7,10,6, ss: 800
7,10,9, ss: 800
7,9,6, ss: 800
7,9,10, ss: 800
9,6,10, ss: 800
9,6,7, ss: 800
9,10,6, ss: 800
9,10,7, ss: 800
9,7,6, ss: 800
9,7,10, ss: 800


=== rcno: 8, nData: 212, year: 8, train_course: 0, model: 6 ===
9,4,11,7,1,8


bet: 1300
1,8,12, ss: 800
1,8,2, ss: 800
1,12,8, ss: 800
1,12,2, ss: 800
1,2,8, ss: 800
1,2,12, ss: 800
8,1,12, ss: 800
8,1,2, ss: 800
8,12,1, ss: 800
8,12,2, ss: 800
8,2,1, ss: 800
8,2,12, ss: 800
12,1,8, ss: 800
12,1,2, ss: 800
12,8,1, ss: 800
12,8,2, ss: 800
12,2,1, ss: 800
12,2,8, ss: 800
2,1,8, ss: 800
2,1,12, ss: 800
2,8,1, ss: 800
2,8,12, ss: 800
2,12,1, ss: 800
2,12,8, ss: 800


=== rcno: 9, nData: 212, year: 8, train_course: 0, model: 6 ===
3,6,8,2,4,10


bet: 1300
4,10,9, ss: 800
4,10,1, ss: 800
4,9,10, ss: 800
4,9,1, ss: 800
4,1,10, ss: 800
4,1,9, ss: 800
10,4,9, ss: 800
10,4,1, ss: 800
10,9,4, ss: 800
10,9,1, ss: 800
10,1,4, ss: 800
10,1,9, ss: 800
9,4,10, ss: 800
9,4,1, ss: 800
9,10,4, ss: 800
9,10,1, ss: 800
9,1,4, ss: 800
9,1,10, ss: 800
1,4,10, ss: 800
1,4,9, ss: 800
1,10,4, ss: 800
1,10,9, ss: 800
1,9,4, ss: 800
1,9,10, ss: 800


=== rcno: 10, nData: 212, year: 8, train_course: 0, model: 6 ===
8,12,3,9,7,5


bet: 1300
7,5,1, ss: 800
7,5,4, ss: 800
7,1,5, ss: 800
7,1,4, ss: 800
7,4,5, ss: 800
7,4,1, ss: 800
5,7,1, ss: 800
5,7,4, ss: 800
5,1,7, ss: 800
5,1,4, ss: 800
5,4,7, ss: 800
5,4,1, ss: 800
1,7,5, ss: 800
1,7,4, ss: 800
1,5,7, ss: 800
1,5,4, ss: 800
1,4,7, ss: 800
1,4,5, ss: 800
4,7,5, ss: 800
4,7,1, ss: 800
4,5,7, ss: 800
4,5,1, ss: 800
4,1,7, ss: 800
4,1,5, ss: 800


=== rcno: 1, nData: 212, year: 8, train_course: 0, model: 6 ===
7,1,8,4,6,11


bet: 1300
6,11,5, ss: 800
6,11,10, ss: 800
6,5,11, ss: 800
6,5,10, ss: 800
6,10,11, ss: 800
6,10,5, ss: 800
11,6,5, ss: 800
11,6,10, ss: 800
11,5,6, ss: 800
11,5,10, ss: 800
11,10,6, ss: 800
11,10,5, ss: 800
5,6,11, ss: 800
5,6,10, ss: 800
5,11,6, ss: 800
5,11,10, ss: 800
5,10,6, ss: 800
5,10,11, ss: 800
10,6,11, ss: 800
10,6,5, ss: 800
10,11,6, ss: 800
10,11,5, ss: 800
10,5,6, ss: 800
10,5,11, ss: 800


=== rcno: 2, nData: 212, year: 8, train_course: 0, model: 6 ===
10,4,5,7,11,6


bet: 1300
11,6,3, ss: 800
11,6,9, ss: 800
11,3,6, ss: 800
11,3,9, ss: 800
11,9,6, ss: 800
11,9,3, ss: 800
6,11,3, ss: 800
6,11,9, ss: 800
6,3,11, ss: 800
6,3,9, ss: 800
6,9,11, ss: 800
6,9,3, ss: 800
3,11,6, ss: 800
3,11,9, ss: 800
3,6,11, ss: 800
3,6,9, ss: 800
3,9,11, ss: 800
3,9,6, ss: 800
9,11,6, ss: 800
9,11,3, ss: 800
9,6,11, ss: 800
9,6,3, ss: 800
9,3,11, ss: 800
9,3,6, ss: 800


=== rcno: 3, nData: 212, year: 8, train_course: 0, model: 6 ===
4,1,5,8,3,11


bet: 1300
3,11,2, ss: 800
3,11,9, ss: 800
3,2,11, ss: 800
3,2,9, ss: 800
3,9,11, ss: 800
3,9,2, ss: 800
11,3,2, ss: 800
11,3,9, ss: 800
11,2,3, ss: 800
11,2,9, ss: 800
11,9,3, ss: 800
11,9,2, ss: 800
2,3,11, ss: 800
2,3,9, ss: 800
2,11,3, ss: 800
2,11,9, ss: 800
2,9,3, ss: 800
2,9,11, ss: 800
9,3,11, ss: 800
9,3,2, ss: 800
9,11,3, ss: 800
9,11,2, ss: 800
9,2,3, ss: 800
9,2,11, ss: 800


=== rcno: 4, nData: 212, year: 8, train_course: 0, model: 6 ===
10,4,5,9,11,1


bet: 1300
11,1,2, ss: 800
11,1,8, ss: 800
11,2,1, ss: 800
11,2,8, ss: 800
11,8,1, ss: 800
11,8,2, ss: 800
1,11,2, ss: 800
1,11,8, ss: 800
1,2,11, ss: 800
1,2,8, ss: 800
1,8,11, ss: 800
1,8,2, ss: 800
2,11,1, ss: 800
2,11,8, ss: 800
2,1,11, ss: 800
2,1,8, ss: 800
2,8,11, ss: 800
2,8,1, ss: 800
8,11,1, ss: 800
8,11,2, ss: 800
8,1,11, ss: 800
8,1,2, ss: 800
8,2,11, ss: 800
8,2,1, ss: 800


=== rcno: 5, nData: 212, year: 8, train_course: 0, model: 6 ===
1,9,5,11,3,4


bet: 1300
3,4,10, ss: 800
3,4,8, ss: 800
3,10,4, ss: 800
3,10,8, ss: 800
3,8,4, ss: 800
3,8,10, ss: 800
4,3,10, ss: 800
4,3,8, ss: 800
4,10,3, ss: 800
4,10,8, ss: 800
4,8,3, ss: 800
4,8,10, ss: 800
10,3,4, ss: 800
10,3,8, ss: 800
10,4,3, ss: 800
10,4,8, ss: 800
10,8,3, ss: 800
10,8,4, ss: 800
8,3,4, ss: 800
8,3,10, ss: 800
8,4,3, ss: 800
8,4,10, ss: 800
8,10,3, ss: 800
8,10,4, ss: 800


=== rcno: 6, nData: 212, year: 8, train_course: 0, model: 6 ===
6,10,9,4,2,5


bet: 1300
2,5,7, ss: 800
2,5,3, ss: 800
2,7,5, ss: 800
2,7,3, ss: 800
2,3,5, ss: 800
2,3,7, ss: 800
5,2,7, ss: 800
5,2,3, ss: 800
5,7,2, ss: 800
5,7,3, ss: 800
5,3,2, ss: 800
5,3,7, ss: 800
7,2,5, ss: 800
7,2,3, ss: 800
7,5,2, ss: 800
7,5,3, ss: 800
7,3,2, ss: 800
7,3,5, ss: 800
3,2,5, ss: 800
3,2,7, ss: 800
3,5,2, ss: 800
3,5,7, ss: 800
3,7,2, ss: 800
3,7,5, ss: 800


=== rcno: 7, nData: 212, year: 8, train_course: 0, model: 6 ===
8,5,2,7,1,6


bet: 1300
1,6,9, ss: 800
1,6,10, ss: 800
1,9,6, ss: 800
1,9,10, ss: 800
1,10,6, ss: 800
1,10,9, ss: 800
6,1,9, ss: 800
6,1,10, ss: 800
6,9,1, ss: 800
6,9,10, ss: 800
6,10,1, ss: 800
6,10,9, ss: 800
9,1,6, ss: 800
9,1,10, ss: 800
9,6,1, ss: 800
9,6,10, ss: 800
9,10,1, ss: 800
9,10,6, ss: 800
10,1,6, ss: 800
10,1,9, ss: 800
10,6,1, ss: 800
10,6,9, ss: 800
10,9,1, ss: 800
10,9,6, ss: 800


=== rcno: 8, nData: 212, year: 8, train_course: 0, model: 6 ===
4,9,11,8,7,12


bet: 1300
7,12,1, ss: 800
7,12,5, ss: 800
7,1,12, ss: 800
7,1,5, ss: 800
7,5,12, ss: 800
7,5,1, ss: 800
12,7,1, ss: 800
12,7,5, ss: 800
12,1,7, ss: 800
12,1,5, ss: 800
12,5,7, ss: 800
12,5,1, ss: 800
1,7,12, ss: 800
1,7,5, ss: 800
1,12,7, ss: 800
1,12,5, ss: 800
1,5,7, ss: 800
1,5,12, ss: 800
5,7,12, ss: 800
5,7,1, ss: 800
5,12,7, ss: 800
5,12,1, ss: 800
5,1,7, ss: 800
5,1,12, ss: 800


=== rcno: 9, nData: 212, year: 8, train_course: 0, model: 6 ===
3,4,6,8,2,9


bet: 1300
2,9,10, ss: 800
2,9,1, ss: 800
2,10,9, ss: 800
2,10,1, ss: 800
2,1,9, ss: 800
2,1,10, ss: 800
9,2,10, ss: 800
9,2,1, ss: 800
9,10,2, ss: 800
9,10,1, ss: 800
9,1,2, ss: 800
9,1,10, ss: 800
10,2,9, ss: 800
10,2,1, ss: 800
10,9,2, ss: 800
10,9,1, ss: 800
10,1,2, ss: 800
10,1,9, ss: 800
1,2,9, ss: 800
1,2,10, ss: 800
1,9,2, ss: 800
1,9,10, ss: 800
1,10,2, ss: 800
1,10,9, ss: 800


=== rcno: 10, nData: 212, year: 8, train_course: 0, model: 6 ===
8,7,1,4,9,5


bet: 1300
9,5,12, ss: 800
9,5,3, ss: 800
9,12,5, ss: 800
9,12,3, ss: 800
9,3,5, ss: 800
9,3,12, ss: 800
5,9,12, ss: 800
5,9,3, ss: 800
5,12,9, ss: 800
5,12,3, ss: 800
5,3,9, ss: 800
5,3,12, ss: 800
12,9,5, ss: 800
12,9,3, ss: 800
12,5,9, ss: 800
12,5,3, ss: 800
12,3,9, ss: 800
12,3,5, ss: 800
3,9,5, ss: 800
3,9,12, ss: 800
3,5,9, ss: 800
3,5,12, ss: 800
3,12,9, ss: 800
3,12,5, ss: 800


=== rcno: 1, nData: 212, year: 8, train_course: 0, model: 6 ===
7,1,8,4,6,11


bet: 1300
6,11,5, ss: 800
6,11,10, ss: 800
6,5,11, ss: 800
6,5,10, ss: 800
6,10,11, ss: 800
6,10,5, ss: 800
11,6,5, ss: 800
11,6,10, ss: 800
11,5,6, ss: 800
11,5,10, ss: 800
11,10,6, ss: 800
11,10,5, ss: 800
5,6,11, ss: 800
5,6,10, ss: 800
5,11,6, ss: 800
5,11,10, ss: 800
5,10,6, ss: 800
5,10,11, ss: 800
10,6,11, ss: 800
10,6,5, ss: 800
10,11,6, ss: 800
10,11,5, ss: 800
10,5,6, ss: 800
10,5,11, ss: 800


=== rcno: 2, nData: 212, year: 8, train_course: 0, model: 6 ===
4,10,7,5,9,3


bet: 1300
9,3,11, ss: 800
9,3,1, ss: 800
9,11,3, ss: 800
9,11,1, ss: 800
9,1,3, ss: 800
9,1,11, ss: 800
3,9,11, ss: 800
3,9,1, ss: 800
3,11,9, ss: 800
3,11,1, ss: 800
3,1,9, ss: 800
3,1,11, ss: 800
11,9,3, ss: 800
11,9,1, ss: 800
11,3,9, ss: 800
11,3,1, ss: 800
11,1,9, ss: 800
11,1,3, ss: 800
1,9,3, ss: 800
1,9,11, ss: 800
1,3,9, ss: 800
1,3,11, ss: 800
1,11,9, ss: 800
1,11,3, ss: 800


=== rcno: 3, nData: 212, year: 8, train_course: 0, model: 6 ===
4,1,8,5,10,3


bet: 1300
10,3,11, ss: 800
10,3,9, ss: 800
10,11,3, ss: 800
10,11,9, ss: 800
10,9,3, ss: 800
10,9,11, ss: 800
3,10,11, ss: 800
3,10,9, ss: 800
3,11,10, ss: 800
3,11,9, ss: 800
3,9,10, ss: 800
3,9,11, ss: 800
11,10,3, ss: 800
11,10,9, ss: 800
11,3,10, ss: 800
11,3,9, ss: 800
11,9,10, ss: 800
11,9,3, ss: 800
9,10,3, ss: 800
9,10,11, ss: 800
9,3,10, ss: 800
9,3,11, ss: 800
9,11,10, ss: 800
9,11,3, ss: 800


=== rcno: 4, nData: 212, year: 8, train_course: 0, model: 6 ===
10,4,11,5,9,1


bet: 1300
9,1,8, ss: 800
9,1,2, ss: 800
9,8,1, ss: 800
9,8,2, ss: 800
9,2,1, ss: 800
9,2,8, ss: 800
1,9,8, ss: 800
1,9,2, ss: 800
1,8,9, ss: 800
1,8,2, ss: 800
1,2,9, ss: 800
1,2,8, ss: 800
8,9,1, ss: 800
8,9,2, ss: 800
8,1,9, ss: 800
8,1,2, ss: 800
8,2,9, ss: 800
8,2,1, ss: 800
2,9,1, ss: 800
2,9,8, ss: 800
2,1,9, ss: 800
2,1,8, ss: 800
2,8,9, ss: 800
2,8,1, ss: 800


=== rcno: 5, nData: 212, year: 8, train_course: 0, model: 6 ===
9,1,5,3,11,4


bet: 1300
11,4,7, ss: 800
11,4,10, ss: 800
11,7,4, ss: 800
11,7,10, ss: 800
11,10,4, ss: 800
11,10,7, ss: 800
4,11,7, ss: 800
4,11,10, ss: 800
4,7,11, ss: 800
4,7,10, ss: 800
4,10,11, ss: 800
4,10,7, ss: 800
7,11,4, ss: 800
7,11,10, ss: 800
7,4,11, ss: 800
7,4,10, ss: 800
7,10,11, ss: 800
7,10,4, ss: 800
10,11,4, ss: 800
10,11,7, ss: 800
10,4,11, ss: 800
10,4,7, ss: 800
10,7,11, ss: 800
10,7,4, ss: 800


=== rcno: 6, nData: 212, year: 8, train_course: 0, model: 6 ===
6,4,10,9,5,3


bet: 1300
5,3,2, ss: 800
5,3,11, ss: 800
5,2,3, ss: 800
5,2,11, ss: 800
5,11,3, ss: 800
5,11,2, ss: 800
3,5,2, ss: 800
3,5,11, ss: 800
3,2,5, ss: 800
3,2,11, ss: 800
3,11,5, ss: 800
3,11,2, ss: 800
2,5,3, ss: 800
2,5,11, ss: 800
2,3,5, ss: 800
2,3,11, ss: 800
2,11,5, ss: 800
2,11,3, ss: 800
11,5,3, ss: 800
11,5,2, ss: 800
11,3,5, ss: 800
11,3,2, ss: 800
11,2,5, ss: 800
11,2,3, ss: 800


=== rcno: 7, nData: 212, year: 8, train_course: 0, model: 6 ===
5,8,2,6,1,9


bet: 1300
1,9,7, ss: 800
1,9,10, ss: 800
1,7,9, ss: 800
1,7,10, ss: 800
1,10,9, ss: 800
1,10,7, ss: 800
9,1,7, ss: 800
9,1,10, ss: 800
9,7,1, ss: 800
9,7,10, ss: 800
9,10,1, ss: 800
9,10,7, ss: 800
7,1,9, ss: 800
7,1,10, ss: 800
7,9,1, ss: 800
7,9,10, ss: 800
7,10,1, ss: 800
7,10,9, ss: 800
10,1,9, ss: 800
10,1,7, ss: 800
10,9,1, ss: 800
10,9,7, ss: 800
10,7,1, ss: 800
10,7,9, ss: 800


=== rcno: 8, nData: 212, year: 8, train_course: 0, model: 6 ===
9,4,11,1,8,7


bet: 1300
8,7,5, ss: 800
8,7,12, ss: 800
8,5,7, ss: 800
8,5,12, ss: 800
8,12,7, ss: 800
8,12,5, ss: 800
7,8,5, ss: 800
7,8,12, ss: 800
7,5,8, ss: 800
7,5,12, ss: 800
7,12,8, ss: 800
7,12,5, ss: 800
5,8,7, ss: 800
5,8,12, ss: 800
5,7,8, ss: 800
5,7,12, ss: 800
5,12,8, ss: 800
5,12,7, ss: 800
12,8,7, ss: 800
12,8,5, ss: 800
12,7,8, ss: 800
12,7,5, ss: 800
12,5,8, ss: 800
12,5,7, ss: 800


=== rcno: 9, nData: 212, year: 8, train_course: 0, model: 6 ===
3,4,6,8,2,10


bet: 1300
2,10,1, ss: 800
2,10,5, ss: 800
2,1,10, ss: 800
2,1,5, ss: 800
2,5,10, ss: 800
2,5,1, ss: 800
10,2,1, ss: 800
10,2,5, ss: 800
10,1,2, ss: 800
10,1,5, ss: 800
10,5,2, ss: 800
10,5,1, ss: 800
1,2,10, ss: 800
1,2,5, ss: 800
1,10,2, ss: 800
1,10,5, ss: 800
1,5,2, ss: 800
1,5,10, ss: 800
5,2,10, ss: 800
5,2,1, ss: 800
5,10,2, ss: 800
5,10,1, ss: 800
5,1,2, ss: 800
5,1,10, ss: 800


=== rcno: 10, nData: 212, year: 8, train_course: 0, model: 6 ===
8,7,9,3,12,4


bet: 1300
12,4,1, ss: 800
12,4,5, ss: 800
12,1,4, ss: 800
12,1,5, ss: 800
12,5,4, ss: 800
12,5,1, ss: 800
4,12,1, ss: 800
4,12,5, ss: 800
4,1,12, ss: 800
4,1,5, ss: 800
4,5,12, ss: 800
4,5,1, ss: 800
1,12,4, ss: 800
1,12,5, ss: 800
1,4,12, ss: 800
1,4,5, ss: 800
1,5,12, ss: 800
1,5,4, ss: 800
5,12,4, ss: 800
5,12,1, ss: 800
5,4,12, ss: 800
5,4,1, ss: 800
5,1,12, ss: 800
5,1,4, ss: 800