


=== rcno: 1, nData: 204, year: 8, train_course: 0, model: 6 ===
8,1,7,4,11,6

8,1,7, ss: 2500
8,7,1, ss: 2500
1,8,7, ss: 2500
1,7,8, ss: 2500

bet: 700
7,4,11, ss: 1700
7,11,4, ss: 1700
4,7,11, ss: 1700
4,11,7, ss: 1700
11,7,4, ss: 1600
11,4,7, ss: 1600


=== rcno: 2, nData: 204, year: 8, train_course: 0, model: 6 ===
4,3,10,5,11,9

4,3,10, ss: 2500
4,10,3, ss: 2500
3,4,10, ss: 2500
3,10,4, ss: 2500

bet: 700
10,5,11, ss: 1700
10,11,5, ss: 1700
5,10,11, ss: 1700
5,11,10, ss: 1700
11,10,5, ss: 1600
11,5,10, ss: 1600


=== rcno: 3, nData: 204, year: 8, train_course: 0, model: 6 ===
1,8,10,5,4,11

1,8,10, ss: 2500
1,10,8, ss: 2500
8,1,10, ss: 2500
8,10,1, ss: 2500

bet: 700
10,5,4, ss: 1700
10,4,5, ss: 1700
5,10,4, ss: 1700
5,4,10, ss: 1700
4,10,5, ss: 1600
4,5,10, ss: 1600


=== rcno: 4, nData: 204, year: 8, train_course: 0, model: 6 ===
10,9,1,11,5,4

10,9,1, ss: 2500
10,1,9, ss: 2500
9,10,1, ss: 2500
9,1,10, ss: 2500

bet: 700
1,11,5, ss: 1700
1,5,11, ss: 1700
11,1,5, ss: 1700
11,5,1, ss: 1700
5,1,11, ss: 1600
5,11,1, ss: 1600


=== rcno: 5, nData: 204, year: 8, train_course: 0, model: 6 ===
1,5,9,3,2,8

1,5,9, ss: 2500
1,9,5, ss: 2500
5,1,9, ss: 2500
5,9,1, ss: 2500

bet: 700
9,3,2, ss: 1700
9,2,3, ss: 1700
3,9,2, ss: 1700
3,2,9, ss: 1700
2,9,3, ss: 1600
2,3,9, ss: 1600


=== rcno: 6, nData: 204, year: 8, train_course: 0, model: 6 ===
1,6,10,4,2,9

1,6,10, ss: 2500
1,10,6, ss: 2500
6,1,10, ss: 2500
6,10,1, ss: 2500

bet: 700
10,4,2, ss: 1700
10,2,4, ss: 1700
4,10,2, ss: 1700
4,2,10, ss: 1700
2,10,4, ss: 1600
2,4,10, ss: 1600


=== rcno: 7, nData: 204, year: 8, train_course: 0, model: 6 ===
8,5,9,2,6,10

8,5,9, ss: 2500
8,9,5, ss: 2500
5,8,9, ss: 2500
5,9,8, ss: 2500

bet: 700
9,2,6, ss: 1700
9,6,2, ss: 1700
2,9,6, ss: 1700
2,6,9, ss: 1700
6,9,2, ss: 1600
6,2,9, ss: 1600


=== rcno: 8, nData: 204, year: 8, train_course: 0, model: 6 ===
9,4,11,7,1,5

9,4,11, ss: 2500
9,11,4, ss: 2500
4,9,11, ss: 2500
4,11,9, ss: 2500

bet: 700
11,7,1, ss: 1700
11,1,7, ss: 1700
7,11,1, ss: 1700
7,1,11, ss: 1700
1,11,7, ss: 1600
1,7,11, ss: 1600


=== rcno: 9, nData: 204, year: 8, train_course: 0, model: 6 ===
6,3,8,4,2,1

6,3,8, ss: 2500
6,8,3, ss: 2500
3,6,8, ss: 2500
3,8,6, ss: 2500

bet: 700
8,4,2, ss: 1700
8,2,4, ss: 1700
4,8,2, ss: 1700
4,2,8, ss: 1700
2,8,4, ss: 1600
2,4,8, ss: 1600


=== rcno: 10, nData: 204, year: 8, train_course: 0, model: 6 ===
8,1,11,12,9,5

8,1,11, ss: 2500
8,11,1, ss: 2500
1,8,11, ss: 2500
1,11,8, ss: 2500

bet: 700
11,12,9, ss: 1700
11,9,12, ss: 1700
12,11,9, ss: 1700
12,9,11, ss: 1700
9,11,12, ss: 1600
9,12,11, ss: 1600


=== rcno: 1, nData: 204, year: 8, train_course: 0, model: 6 ===
7,8,1,11,4,6

7,8,1, ss: 2500
7,1,8, ss: 2500
8,7,1, ss: 2500
8,1,7, ss: 2500

bet: 700
1,11,4, ss: 1700
1,4,11, ss: 1700
11,1,4, ss: 1700
11,4,1, ss: 1700
4,1,11, ss: 1600
4,11,1, ss: 1600


=== rcno: 2, nData: 204, year: 8, train_course: 0, model: 6 ===
4,3,10,5,9,11

4,3,10, ss: 2500
4,10,3, ss: 2500
3,4,10, ss: 2500
3,10,4, ss: 2500

bet: 700
10,5,9, ss: 1700
10,9,5, ss: 1700
5,10,9, ss: 1700
5,9,10, ss: 1700
9,10,5, ss: 1600
9,5,10, ss: 1600


=== rcno: 3, nData: 204, year: 8, train_course: 0, model: 6 ===
4,1,8,5,3,11

4,1,8, ss: 2500
4,8,1, ss: 2500
1,4,8, ss: 2500
1,8,4, ss: 2500

bet: 700
8,5,3, ss: 1700
8,3,5, ss: 1700
5,8,3, ss: 1700
5,3,8, ss: 1700
3,8,5, ss: 1600
3,5,8, ss: 1600


=== rcno: 4, nData: 204, year: 8, train_course: 0, model: 6 ===
11,10,1,9,5,4

11,10,1, ss: 2500
11,1,10, ss: 2500
10,11,1, ss: 2500
10,1,11, ss: 2500

bet: 700
1,9,5, ss: 1700
1,5,9, ss: 1700
9,1,5, ss: 1700
9,5,1, ss: 1700
5,1,9, ss: 1600
5,9,1, ss: 1600


=== rcno: 5, nData: 204, year: 8, train_course: 0, model: 6 ===
1,9,8,5,11,3

1,9,8, ss: 2500
1,8,9, ss: 2500
9,1,8, ss: 2500
9,8,1, ss: 2500

bet: 700
8,5,11, ss: 1700
8,11,5, ss: 1700
5,8,11, ss: 1700
5,11,8, ss: 1700
11,8,5, ss: 1600
11,5,8, ss: 1600


=== rcno: 6, nData: 204, year: 8, train_course: 0, model: 6 ===
10,6,4,9,1,7

10,6,4, ss: 2500
10,4,6, ss: 2500
6,10,4, ss: 2500
6,4,10, ss: 2500

bet: 700
4,9,1, ss: 1700
4,1,9, ss: 1700
9,4,1, ss: 1700
9,1,4, ss: 1700
1,4,9, ss: 1600
1,9,4, ss: 1600


=== rcno: 7, nData: 204, year: 8, train_course: 0, model: 6 ===
5,8,2,3,10,6

5,8,2, ss: 2500
5,2,8, ss: 2500
8,5,2, ss: 2500
8,2,5, ss: 2500

bet: 700
2,3,10, ss: 1700
2,10,3, ss: 1700
3,2,10, ss: 1700
3,10,2, ss: 1700
10,2,3, ss: 1600
10,3,2, ss: 1600


=== rcno: 8, nData: 204, year: 8, train_course: 0, model: 6 ===
9,11,1,6,7,4

9,11,1, ss: 2500
9,1,11, ss: 2500
11,9,1, ss: 2500
11,1,9, ss: 2500

bet: 700
1,6,7, ss: 1700
1,7,6, ss: 1700
6,1,7, ss: 1700
6,7,1, ss: 1700
7,1,6, ss: 1600
7,6,1, ss: 1600


=== rcno: 9, nData: 204, year: 8, train_course: 0, model: 6 ===
6,3,8,4,2,1

6,3,8, ss: 2500
6,8,3, ss: 2500
3,6,8, ss: 2500
3,8,6, ss: 2500

bet: 700
8,4,2, ss: 1700
8,2,4, ss: 1700
4,8,2, ss: 1700
4,2,8, ss: 1700
2,8,4, ss: 1600
2,4,8, ss: 1600


=== rcno: 10, nData: 204, year: 8, train_course: 0, model: 6 ===
8,11,1,9,12,5

8,11,1, ss: 2500
8,1,11, ss: 2500
11,8,1, ss: 2500
11,1,8, ss: 2500

bet: 700
1,9,12, ss: 1700
1,12,9, ss: 1700
9,1,12, ss: 1700
9,12,1, ss: 1700
12,1,9, ss: 1600
12,9,1, ss: 1600


=== rcno: 1, nData: 204, year: 8, train_course: 0, model: 6 ===
8,1,7,4,6,10

8,1,7, ss: 2500
8,7,1, ss: 2500
1,8,7, ss: 2500
1,7,8, ss: 2500

bet: 700
7,4,6, ss: 1700
7,6,4, ss: 1700
4,7,6, ss: 1700
4,6,7, ss: 1700
6,7,4, ss: 1600
6,4,7, ss: 1600


=== rcno: 2, nData: 204, year: 8, train_course: 0, model: 6 ===
4,11,9,7,10,6

4,11,9, ss: 2500
4,9,11, ss: 2500
11,4,9, ss: 2500
11,9,4, ss: 2500

bet: 700
9,7,10, ss: 1700
9,10,7, ss: 1700
7,9,10, ss: 1700
7,10,9, ss: 1700
10,9,7, ss: 1600
10,7,9, ss: 1600


=== rcno: 3, nData: 204, year: 8, train_course: 0, model: 6 ===
4,8,5,11,3,1

4,8,5, ss: 2500
4,5,8, ss: 2500
8,4,5, ss: 2500
8,5,4, ss: 2500

bet: 700
5,11,3, ss: 1700
5,3,11, ss: 1700
11,5,3, ss: 1700
11,3,5, ss: 1700
3,5,11, ss: 1600
3,11,5, ss: 1600


=== rcno: 4, nData: 204, year: 8, train_course: 0, model: 6 ===
4,11,1,10,9,5

4,11,1, ss: 2500
4,1,11, ss: 2500
11,4,1, ss: 2500
11,1,4, ss: 2500

bet: 700
1,10,9, ss: 1700
1,9,10, ss: 1700
10,1,9, ss: 1700
10,9,1, ss: 1700
9,1,10, ss: 1600
9,10,1, ss: 1600


=== rcno: 5, nData: 204, year: 8, train_course: 0, model: 6 ===
1,5,3,9,8,2

1,5,3, ss: 2500
1,3,5, ss: 2500
5,1,3, ss: 2500
5,3,1, ss: 2500

bet: 700
3,9,8, ss: 1700
3,8,9, ss: 1700
9,3,8, ss: 1700
9,8,3, ss: 1700
8,3,9, ss: 1600
8,9,3, ss: 1600


=== rcno: 6, nData: 204, year: 8, train_course: 0, model: 6 ===
2,10,6,4,1,9

2,10,6, ss: 2500
2,6,10, ss: 2500
10,2,6, ss: 2500
10,6,2, ss: 2500

bet: 700
6,4,1, ss: 1700
6,1,4, ss: 1700
4,6,1, ss: 1700
4,1,6, ss: 1700
1,6,4, ss: 1600
1,4,6, ss: 1600


=== rcno: 7, nData: 204, year: 8, train_course: 0, model: 6 ===
5,8,2,3,1,7

5,8,2, ss: 2500
5,2,8, ss: 2500
8,5,2, ss: 2500
8,2,5, ss: 2500

bet: 700
2,3,1, ss: 1700
2,1,3, ss: 1700
3,2,1, ss: 1700
3,1,2, ss: 1700
1,2,3, ss: 1600
1,3,2, ss: 1600


=== rcno: 8, nData: 204, year: 8, train_course: 0, model: 6 ===
9,11,4,1,7,8

9,11,4, ss: 2500
9,4,11, ss: 2500
11,9,4, ss: 2500
11,4,9, ss: 2500

bet: 700
4,1,7, ss: 1700
4,7,1, ss: 1700
1,4,7, ss: 1700
1,7,4, ss: 1700
7,4,1, ss: 1600
7,1,4, ss: 1600


=== rcno: 9, nData: 204, year: 8, train_course: 0, model: 6 ===
6,3,4,2,8,1

6,3,4, ss: 2500
6,4,3, ss: 2500
3,6,4, ss: 2500
3,4,6, ss: 2500

bet: 700
4,2,8, ss: 1700
4,8,2, ss: 1700
2,4,8, ss: 1700
2,8,4, ss: 1700
8,4,2, ss: 1600
8,2,4, ss: 1600


=== rcno: 10, nData: 204, year: 8, train_course: 0, model: 6 ===
8,12,5,1,9,11

8,12,5, ss: 2500
8,5,12, ss: 2500
12,8,5, ss: 2500
12,5,8, ss: 2500

bet: 700
5,1,9, ss: 1700
5,9,1, ss: 1700
1,5,9, ss: 1700
1,9,5, ss: 1700
9,5,1, ss: 1600
9,1,5, ss: 1600


=== rcno: 1, nData: 204, year: 8, train_course: 0, model: 6 ===
7,1,8,6,4,11

7,1,8, ss: 2500
7,8,1, ss: 2500
1,7,8, ss: 2500
1,8,7, ss: 2500

bet: 700
8,6,4, ss: 1700
8,4,6, ss: 1700
6,8,4, ss: 1700
6,4,8, ss: 1700
4,8,6, ss: 1600
4,6,8, ss: 1600


=== rcno: 2, nData: 204, year: 8, train_course: 0, model: 6 ===
4,3,7,5,9,6

4,3,7, ss: 2500
4,7,3, ss: 2500
3,4,7, ss: 2500
3,7,4, ss: 2500

bet: 700
7,5,9, ss: 1700
7,9,5, ss: 1700
5,7,9, ss: 1700
5,9,7, ss: 1700
9,7,5, ss: 1600
9,5,7, ss: 1600


=== rcno: 3, nData: 204, year: 8, train_course: 0, model: 6 ===
4,8,1,5,11,3

4,8,1, ss: 2500
4,1,8, ss: 2500
8,4,1, ss: 2500
8,1,4, ss: 2500

bet: 700
1,5,11, ss: 1700
1,11,5, ss: 1700
5,1,11, ss: 1700
5,11,1, ss: 1700
11,1,5, ss: 1600
11,5,1, ss: 1600


=== rcno: 4, nData: 204, year: 8, train_course: 0, model: 6 ===
10,9,1,11,4,5

10,9,1, ss: 2500
10,1,9, ss: 2500
9,10,1, ss: 2500
9,1,10, ss: 2500

bet: 700
1,11,4, ss: 1700
1,4,11, ss: 1700
11,1,4, ss: 1700
11,4,1, ss: 1700
4,1,11, ss: 1600
4,11,1, ss: 1600


=== rcno: 5, nData: 204, year: 8, train_course: 0, model: 6 ===
1,9,5,3,11,8

1,9,5, ss: 2500
1,5,9, ss: 2500
9,1,5, ss: 2500
9,5,1, ss: 2500

bet: 700
5,3,11, ss: 1700
5,11,3, ss: 1700
3,5,11, ss: 1700
3,11,5, ss: 1700
11,5,3, ss: 1600
11,3,5, ss: 1600


=== rcno: 6, nData: 204, year: 8, train_course: 0, model: 6 ===
6,10,9,2,4,7

6,10,9, ss: 2500
6,9,10, ss: 2500
10,6,9, ss: 2500
10,9,6, ss: 2500

bet: 700
9,2,4, ss: 1700
9,4,2, ss: 1700
2,9,4, ss: 1700
2,4,9, ss: 1700
4,9,2, ss: 1600
4,2,9, ss: 1600


=== rcno: 7, nData: 204, year: 8, train_course: 0, model: 6 ===
5,8,2,10,3,6

5,8,2, ss: 2500
5,2,8, ss: 2500
8,5,2, ss: 2500
8,2,5, ss: 2500

bet: 700
2,10,3, ss: 1700
2,3,10, ss: 1700
10,2,3, ss: 1700
10,3,2, ss: 1700
3,2,10, ss: 1600
3,10,2, ss: 1600


=== rcno: 8, nData: 204, year: 8, train_course: 0, model: 6 ===
9,11,4,1,7,8

9,11,4, ss: 2500
9,4,11, ss: 2500
11,9,4, ss: 2500
11,4,9, ss: 2500

bet: 700
4,1,7, ss: 1700
4,7,1, ss: 1700
1,4,7, ss: 1700
1,7,4, ss: 1700
7,4,1, ss: 1600
7,1,4, ss: 1600


=== rcno: 9, nData: 204, year: 8, train_course: 0, model: 6 ===
3,6,4,8,2,1

3,6,4, ss: 2500
3,4,6, ss: 2500
6,3,4, ss: 2500
6,4,3, ss: 2500

bet: 700
4,8,2, ss: 1700
4,2,8, ss: 1700
8,4,2, ss: 1700
8,2,4, ss: 1700
2,4,8, ss: 1600
2,8,4, ss: 1600


=== rcno: 10, nData: 204, year: 8, train_course: 0, model: 6 ===
8,12,9,7,1,11

8,12,9, ss: 2500
8,9,12, ss: 2500
12,8,9, ss: 2500
12,9,8, ss: 2500

bet: 700
9,7,1, ss: 1700
9,1,7, ss: 1700
7,9,1, ss: 1700
7,1,9, ss: 1700
1,9,7, ss: 1600
1,7,9, ss: 1600


=== rcno: 1, nData: 204, year: 8, train_course: 0, model: 6 ===
7,1,8,4,6,10

7,1,8, ss: 2500
7,8,1, ss: 2500
1,7,8, ss: 2500
1,8,7, ss: 2500

bet: 700
8,4,6, ss: 1700
8,6,4, ss: 1700
4,8,6, ss: 1700
4,6,8, ss: 1700
6,8,4, ss: 1600
6,4,8, ss: 1600


=== rcno: 2, nData: 204, year: 8, train_course: 0, model: 6 ===
10,4,11,3,6,9

10,4,11, ss: 2500
10,11,4, ss: 2500
4,10,11, ss: 2500
4,11,10, ss: 2500

bet: 700
11,3,6, ss: 1700
11,6,3, ss: 1700
3,11,6, ss: 1700
3,6,11, ss: 1700
6,11,3, ss: 1600
6,3,11, ss: 1600


=== rcno: 3, nData: 204, year: 8, train_course: 0, model: 6 ===
1,4,8,5,10,11

1,4,8, ss: 2500
1,8,4, ss: 2500
4,1,8, ss: 2500
4,8,1, ss: 2500

bet: 700
8,5,10, ss: 1700
8,10,5, ss: 1700
5,8,10, ss: 1700
5,10,8, ss: 1700
10,8,5, ss: 1600
10,5,8, ss: 1600


=== rcno: 4, nData: 204, year: 8, train_course: 0, model: 6 ===
10,4,9,1,11,5

10,4,9, ss: 2500
10,9,4, ss: 2500
4,10,9, ss: 2500
4,9,10, ss: 2500

bet: 700
9,1,11, ss: 1700
9,11,1, ss: 1700
1,9,11, ss: 1700
1,11,9, ss: 1700
11,9,1, ss: 1600
11,1,9, ss: 1600


=== rcno: 5, nData: 204, year: 8, train_course: 0, model: 6 ===
1,9,5,8,3,11

1,9,5, ss: 2500
1,5,9, ss: 2500
9,1,5, ss: 2500
9,5,1, ss: 2500

bet: 700
5,8,3, ss: 1700
5,3,8, ss: 1700
8,5,3, ss: 1700
8,3,5, ss: 1700
3,5,8, ss: 1600
3,8,5, ss: 1600


=== rcno: 6, nData: 204, year: 8, train_course: 0, model: 6 ===
6,4,10,2,9,1

6,4,10, ss: 2500
6,10,4, ss: 2500
4,6,10, ss: 2500
4,10,6, ss: 2500

bet: 700
10,2,9, ss: 1700
10,9,2, ss: 1700
2,10,9, ss: 1700
2,9,10, ss: 1700
9,10,2, ss: 1600
9,2,10, ss: 1600


=== rcno: 7, nData: 204, year: 8, train_course: 0, model: 6 ===
5,2,3,8,9,1

5,2,3, ss: 2500
5,3,2, ss: 2500
2,5,3, ss: 2500
2,3,5, ss: 2500

bet: 700
3,8,9, ss: 1700
3,9,8, ss: 1700
8,3,9, ss: 1700
8,9,3, ss: 1700
9,3,8, ss: 1600
9,8,3, ss: 1600


=== rcno: 8, nData: 204, year: 8, train_course: 0, model: 6 ===
9,11,1,7,8,5

9,11,1, ss: 2500
9,1,11, ss: 2500
11,9,1, ss: 2500
11,1,9, ss: 2500

bet: 700
1,7,8, ss: 1700
1,8,7, ss: 1700
7,1,8, ss: 1700
7,8,1, ss: 1700
8,1,7, ss: 1600
8,7,1, ss: 1600


=== rcno: 9, nData: 204, year: 8, train_course: 0, model: 6 ===
3,6,4,8,10,2

3,6,4, ss: 2500
3,4,6, ss: 2500
6,3,4, ss: 2500
6,4,3, ss: 2500

bet: 700
4,8,10, ss: 1700
4,10,8, ss: 1700
8,4,10, ss: 1700
8,10,4, ss: 1700
10,4,8, ss: 1600
10,8,4, ss: 1600


=== rcno: 10, nData: 204, year: 8, train_course: 0, model: 6 ===
8,12,11,9,5,1

8,12,11, ss: 2500
8,11,12, ss: 2500
12,8,11, ss: 2500
12,11,8, ss: 2500

bet: 700
11,9,5, ss: 1700
11,5,9, ss: 1700
9,11,5, ss: 1700
9,5,11, ss: 1700
5,11,9, ss: 1600
5,9,11, ss: 1600