


=== rcno: 1, nData: 160, year: 8, train_course: 0, model: 6 ===
2,5,6,4,3,8

2,5,6, ss: 2600
2,6,5, ss: 2600
5,2,6, ss: 2600
5,6,2, ss: 2600

bet: 800
4,3,8, ss: 800
4,3,10, ss: 800
4,8,3, ss: 800
4,8,10, ss: 800
3,4,8, ss: 800
3,4,10, ss: 800
3,8,4, ss: 800
3,8,10, ss: 800
8,4,3, ss: 800
8,4,10, ss: 800
8,3,4, ss: 800
8,3,10, ss: 800


=== rcno: 2, nData: 160, year: 8, train_course: 0, model: 6 ===
10,9,4,6,3,8

10,9,4, ss: 2600
10,4,9, ss: 2600
9,10,4, ss: 2600
9,4,10, ss: 2600

bet: 800
6,3,8, ss: 800
6,3,7, ss: 800
6,8,3, ss: 800
6,8,7, ss: 800
3,6,8, ss: 800
3,6,7, ss: 800
3,8,6, ss: 800
3,8,7, ss: 800
8,6,3, ss: 800
8,6,7, ss: 800
8,3,6, ss: 800
8,3,7, ss: 800


=== rcno: 3, nData: 160, year: 8, train_course: 0, model: 6 ===
2,8,9,3,7,4

2,8,9, ss: 2600
2,9,8, ss: 2600
8,2,9, ss: 2600
8,9,2, ss: 2600

bet: 800
3,7,4, ss: 800
3,7,5, ss: 800
3,4,7, ss: 800
3,4,5, ss: 800
7,3,4, ss: 800
7,3,5, ss: 800
7,4,3, ss: 800
7,4,5, ss: 800
4,3,7, ss: 800
4,3,5, ss: 800
4,7,3, ss: 800
4,7,5, ss: 800


=== rcno: 4, nData: 160, year: 8, train_course: 0, model: 6 ===
3,11,2,6,1,10

3,11,2, ss: 2600
3,2,11, ss: 2600
11,3,2, ss: 2600
11,2,3, ss: 2600

bet: 800
6,1,10, ss: 800
6,1,5, ss: 800
6,10,1, ss: 800
6,10,5, ss: 800
1,6,10, ss: 800
1,6,5, ss: 800
1,10,6, ss: 800
1,10,5, ss: 800
10,6,1, ss: 800
10,6,5, ss: 800
10,1,6, ss: 800
10,1,5, ss: 800


=== rcno: 5, nData: 160, year: 8, train_course: 0, model: 6 ===
1,4,3,7,6,2

1,4,3, ss: 2600
1,3,4, ss: 2600
4,1,3, ss: 2600
4,3,1, ss: 2600

bet: 800
7,6,2, ss: 800
7,6,8, ss: 800
7,2,6, ss: 800
7,2,8, ss: 800
6,7,2, ss: 800
6,7,8, ss: 800
6,2,7, ss: 800
6,2,8, ss: 800
2,7,6, ss: 800
2,7,8, ss: 800
2,6,7, ss: 800
2,6,8, ss: 800


=== rcno: 6, nData: 160, year: 8, train_course: 0, model: 6 ===
12,4,2,11,7,5

12,4,2, ss: 2600
12,2,4, ss: 2600
4,12,2, ss: 2600
4,2,12, ss: 2600

bet: 800
11,7,5, ss: 800
11,7,3, ss: 800
11,5,7, ss: 800
11,5,3, ss: 800
7,11,5, ss: 800
7,11,3, ss: 800
7,5,11, ss: 800
7,5,3, ss: 800
5,11,7, ss: 800
5,11,3, ss: 800
5,7,11, ss: 800
5,7,3, ss: 800


=== rcno: 7, nData: 160, year: 8, train_course: 0, model: 6 ===
9,2,4,1,6,8

9,2,4, ss: 2600
9,4,2, ss: 2600
2,9,4, ss: 2600
2,4,9, ss: 2600

bet: 800
1,6,8, ss: 800
1,6,3, ss: 800
1,8,6, ss: 800
1,8,3, ss: 800
6,1,8, ss: 800
6,1,3, ss: 800
6,8,1, ss: 800
6,8,3, ss: 800
8,1,6, ss: 800
8,1,3, ss: 800
8,6,1, ss: 800
8,6,3, ss: 800


=== rcno: 8, nData: 160, year: 8, train_course: 0, model: 6 ===
10,7,1,9,3,4

10,7,1, ss: 2600
10,1,7, ss: 2600
7,10,1, ss: 2600
7,1,10, ss: 2600

bet: 800
9,3,4, ss: 800
9,3,8, ss: 800
9,4,3, ss: 800
9,4,8, ss: 800
3,9,4, ss: 800
3,9,8, ss: 800
3,4,9, ss: 800
3,4,8, ss: 800
4,9,3, ss: 800
4,9,8, ss: 800
4,3,9, ss: 800
4,3,8, ss: 800


=== rcno: 9, nData: 160, year: 8, train_course: 0, model: 6 ===
8,1,4,5,6,3

8,1,4, ss: 2600
8,4,1, ss: 2600
1,8,4, ss: 2600
1,4,8, ss: 2600

bet: 800
5,6,3, ss: 800
5,6,7, ss: 800
5,3,6, ss: 800
5,3,7, ss: 800
6,5,3, ss: 800
6,5,7, ss: 800
6,3,5, ss: 800
6,3,7, ss: 800
3,5,6, ss: 800
3,5,7, ss: 800
3,6,5, ss: 800
3,6,7, ss: 800


=== rcno: 1, nData: 160, year: 8, train_course: 0, model: 6 ===
5,4,6,10,8,7

5,4,6, ss: 2600
5,6,4, ss: 2600
4,5,6, ss: 2600
4,6,5, ss: 2600

bet: 800
10,8,7, ss: 800
10,8,3, ss: 800
10,7,8, ss: 800
10,7,3, ss: 800
8,10,7, ss: 800
8,10,3, ss: 800
8,7,10, ss: 800
8,7,3, ss: 800
7,10,8, ss: 800
7,10,3, ss: 800
7,8,10, ss: 800
7,8,3, ss: 800


=== rcno: 2, nData: 160, year: 8, train_course: 0, model: 6 ===
4,9,10,1,6,2

4,9,10, ss: 2600
4,10,9, ss: 2600
9,4,10, ss: 2600
9,10,4, ss: 2600

bet: 800
1,6,2, ss: 800
1,6,7, ss: 800
1,2,6, ss: 800
1,2,7, ss: 800
6,1,2, ss: 800
6,1,7, ss: 800
6,2,1, ss: 800
6,2,7, ss: 800
2,1,6, ss: 800
2,1,7, ss: 800
2,6,1, ss: 800
2,6,7, ss: 800


=== rcno: 3, nData: 160, year: 8, train_course: 0, model: 6 ===
9,8,3,2,1,7

9,8,3, ss: 2600
9,3,8, ss: 2600
8,9,3, ss: 2600
8,3,9, ss: 2600

bet: 800
2,1,7, ss: 800
2,1,6, ss: 800
2,7,1, ss: 800
2,7,6, ss: 800
1,2,7, ss: 800
1,2,6, ss: 800
1,7,2, ss: 800
1,7,6, ss: 800
7,2,1, ss: 800
7,2,6, ss: 800
7,1,2, ss: 800
7,1,6, ss: 800


=== rcno: 4, nData: 160, year: 8, train_course: 0, model: 6 ===
3,11,10,2,6,1

3,11,10, ss: 2600
3,10,11, ss: 2600
11,3,10, ss: 2600
11,10,3, ss: 2600

bet: 800
2,6,1, ss: 800
2,6,12, ss: 800
2,1,6, ss: 800
2,1,12, ss: 800
6,2,1, ss: 800
6,2,12, ss: 800
6,1,2, ss: 800
6,1,12, ss: 800
1,2,6, ss: 800
1,2,12, ss: 800
1,6,2, ss: 800
1,6,12, ss: 800


=== rcno: 5, nData: 160, year: 8, train_course: 0, model: 6 ===
4,1,3,6,7,5

4,1,3, ss: 2600
4,3,1, ss: 2600
1,4,3, ss: 2600
1,3,4, ss: 2600

bet: 800
6,7,5, ss: 800
6,7,2, ss: 800
6,5,7, ss: 800
6,5,2, ss: 800
7,6,5, ss: 800
7,6,2, ss: 800
7,5,6, ss: 800
7,5,2, ss: 800
5,6,7, ss: 800
5,6,2, ss: 800
5,7,6, ss: 800
5,7,2, ss: 800


=== rcno: 6, nData: 160, year: 8, train_course: 0, model: 6 ===
4,12,2,6,11,8

4,12,2, ss: 2600
4,2,12, ss: 2600
12,4,2, ss: 2600
12,2,4, ss: 2600

bet: 800
6,11,8, ss: 800
6,11,1, ss: 800
6,8,11, ss: 800
6,8,1, ss: 800
11,6,8, ss: 800
11,6,1, ss: 800
11,8,6, ss: 800
11,8,1, ss: 800
8,6,11, ss: 800
8,6,1, ss: 800
8,11,6, ss: 800
8,11,1, ss: 800


=== rcno: 7, nData: 160, year: 8, train_course: 0, model: 6 ===
2,1,9,6,4,3

2,1,9, ss: 2600
2,9,1, ss: 2600
1,2,9, ss: 2600
1,9,2, ss: 2600

bet: 800
6,4,3, ss: 800
6,4,8, ss: 800
6,3,4, ss: 800
6,3,8, ss: 800
4,6,3, ss: 800
4,6,8, ss: 800
4,3,6, ss: 800
4,3,8, ss: 800
3,6,4, ss: 800
3,6,8, ss: 800
3,4,6, ss: 800
3,4,8, ss: 800


=== rcno: 8, nData: 160, year: 8, train_course: 0, model: 6 ===
10,3,7,1,4,9

10,3,7, ss: 2600
10,7,3, ss: 2600
3,10,7, ss: 2600
3,7,10, ss: 2600

bet: 800
1,4,9, ss: 800
1,4,6, ss: 800
1,9,4, ss: 800
1,9,6, ss: 800
4,1,9, ss: 800
4,1,6, ss: 800
4,9,1, ss: 800
4,9,6, ss: 800
9,1,4, ss: 800
9,1,6, ss: 800
9,4,1, ss: 800
9,4,6, ss: 800


=== rcno: 9, nData: 160, year: 8, train_course: 0, model: 6 ===
8,1,5,4,6,3

8,1,5, ss: 2600
8,5,1, ss: 2600
1,8,5, ss: 2600
1,5,8, ss: 2600

bet: 800
4,6,3, ss: 800
4,6,7, ss: 800
4,3,6, ss: 800
4,3,7, ss: 800
6,4,3, ss: 800
6,4,7, ss: 800
6,3,4, ss: 800
6,3,7, ss: 800
3,4,6, ss: 800
3,4,7, ss: 800
3,6,4, ss: 800
3,6,7, ss: 800


=== rcno: 1, nData: 160, year: 8, train_course: 0, model: 6 ===
5,6,3,4,10,2

5,6,3, ss: 2600
5,3,6, ss: 2600
6,5,3, ss: 2600
6,3,5, ss: 2600

bet: 800
4,10,2, ss: 800
4,10,1, ss: 800
4,2,10, ss: 800
4,2,1, ss: 800
10,4,2, ss: 800
10,4,1, ss: 800
10,2,4, ss: 800
10,2,1, ss: 800
2,4,10, ss: 800
2,4,1, ss: 800
2,10,4, ss: 800
2,10,1, ss: 800


=== rcno: 2, nData: 160, year: 8, train_course: 0, model: 6 ===
10,9,1,4,2,6

10,9,1, ss: 2600
10,1,9, ss: 2600
9,10,1, ss: 2600
9,1,10, ss: 2600

bet: 800
4,2,6, ss: 800
4,2,7, ss: 800
4,6,2, ss: 800
4,6,7, ss: 800
2,4,6, ss: 800
2,4,7, ss: 800
2,6,4, ss: 800
2,6,7, ss: 800
6,4,2, ss: 800
6,4,7, ss: 800
6,2,4, ss: 800
6,2,7, ss: 800


=== rcno: 3, nData: 160, year: 8, train_course: 0, model: 6 ===
2,9,8,3,6,7

2,9,8, ss: 2600
2,8,9, ss: 2600
9,2,8, ss: 2600
9,8,2, ss: 2600

bet: 800
3,6,7, ss: 800
3,6,4, ss: 800
3,7,6, ss: 800
3,7,4, ss: 800
6,3,7, ss: 800
6,3,4, ss: 800
6,7,3, ss: 800
6,7,4, ss: 800
7,3,6, ss: 800
7,3,4, ss: 800
7,6,3, ss: 800
7,6,4, ss: 800


=== rcno: 4, nData: 160, year: 8, train_course: 0, model: 6 ===
3,11,6,10,5,4

3,11,6, ss: 2600
3,6,11, ss: 2600
11,3,6, ss: 2600
11,6,3, ss: 2600

bet: 800
10,5,4, ss: 800
10,5,8, ss: 800
10,4,5, ss: 800
10,4,8, ss: 800
5,10,4, ss: 800
5,10,8, ss: 800
5,4,10, ss: 800
5,4,8, ss: 800
4,10,5, ss: 800
4,10,8, ss: 800
4,5,10, ss: 800
4,5,8, ss: 800


=== rcno: 5, nData: 160, year: 8, train_course: 0, model: 6 ===
1,4,3,6,7,2

1,4,3, ss: 2600
1,3,4, ss: 2600
4,1,3, ss: 2600
4,3,1, ss: 2600

bet: 800
6,7,2, ss: 800
6,7,8, ss: 800
6,2,7, ss: 800
6,2,8, ss: 800
7,6,2, ss: 800
7,6,8, ss: 800
7,2,6, ss: 800
7,2,8, ss: 800
2,6,7, ss: 800
2,6,8, ss: 800
2,7,6, ss: 800
2,7,8, ss: 800


=== rcno: 6, nData: 160, year: 8, train_course: 0, model: 6 ===
4,12,6,11,2,1

4,12,6, ss: 2600
4,6,12, ss: 2600
12,4,6, ss: 2600
12,6,4, ss: 2600

bet: 800
11,2,1, ss: 800
11,2,3, ss: 800
11,1,2, ss: 800
11,1,3, ss: 800
2,11,1, ss: 800
2,11,3, ss: 800
2,1,11, ss: 800
2,1,3, ss: 800
1,11,2, ss: 800
1,11,3, ss: 800
1,2,11, ss: 800
1,2,3, ss: 800


=== rcno: 7, nData: 160, year: 8, train_course: 0, model: 6 ===
2,1,4,6,9,8

2,1,4, ss: 2600
2,4,1, ss: 2600
1,2,4, ss: 2600
1,4,2, ss: 2600

bet: 800
6,9,8, ss: 800
6,9,3, ss: 800
6,8,9, ss: 800
6,8,3, ss: 800
9,6,8, ss: 800
9,6,3, ss: 800
9,8,6, ss: 800
9,8,3, ss: 800
8,6,9, ss: 800
8,6,3, ss: 800
8,9,6, ss: 800
8,9,3, ss: 800


=== rcno: 8, nData: 160, year: 8, train_course: 0, model: 6 ===
10,7,3,1,9,4

10,7,3, ss: 2600
10,3,7, ss: 2600
7,10,3, ss: 2600
7,3,10, ss: 2600

bet: 800
1,9,4, ss: 800
1,9,8, ss: 800
1,4,9, ss: 800
1,4,8, ss: 800
9,1,4, ss: 800
9,1,8, ss: 800
9,4,1, ss: 800
9,4,8, ss: 800
4,1,9, ss: 800
4,1,8, ss: 800
4,9,1, ss: 800
4,9,8, ss: 800


=== rcno: 9, nData: 160, year: 8, train_course: 0, model: 6 ===
1,4,8,5,6,3

1,4,8, ss: 2600
1,8,4, ss: 2600
4,1,8, ss: 2600
4,8,1, ss: 2600

bet: 800
5,6,3, ss: 800
5,6,7, ss: 800
5,3,6, ss: 800
5,3,7, ss: 800
6,5,3, ss: 800
6,5,7, ss: 800
6,3,5, ss: 800
6,3,7, ss: 800
3,5,6, ss: 800
3,5,7, ss: 800
3,6,5, ss: 800
3,6,7, ss: 800


=== rcno: 1, nData: 160, year: 8, train_course: 0, model: 6 ===
5,6,2,3,4,10

5,6,2, ss: 2600
5,2,6, ss: 2600
6,5,2, ss: 2600
6,2,5, ss: 2600

bet: 800
3,4,10, ss: 800
3,4,9, ss: 800
3,10,4, ss: 800
3,10,9, ss: 800
4,3,10, ss: 800
4,3,9, ss: 800
4,10,3, ss: 800
4,10,9, ss: 800
10,3,4, ss: 800
10,3,9, ss: 800
10,4,3, ss: 800
10,4,9, ss: 800


=== rcno: 2, nData: 160, year: 8, train_course: 0, model: 6 ===
6,4,10,1,7,2

6,4,10, ss: 2600
6,10,4, ss: 2600
4,6,10, ss: 2600
4,10,6, ss: 2600

bet: 800
1,7,2, ss: 800
1,7,9, ss: 800
1,2,7, ss: 800
1,2,9, ss: 800
7,1,2, ss: 800
7,1,9, ss: 800
7,2,1, ss: 800
7,2,9, ss: 800
2,1,7, ss: 800
2,1,9, ss: 800
2,7,1, ss: 800
2,7,9, ss: 800


=== rcno: 3, nData: 160, year: 8, train_course: 0, model: 6 ===
1,9,3,8,2,7

1,9,3, ss: 2600
1,3,9, ss: 2600
9,1,3, ss: 2600
9,3,1, ss: 2600

bet: 800
8,2,7, ss: 800
8,2,6, ss: 800
8,7,2, ss: 800
8,7,6, ss: 800
2,8,7, ss: 800
2,8,6, ss: 800
2,7,8, ss: 800
2,7,6, ss: 800
7,8,2, ss: 800
7,8,6, ss: 800
7,2,8, ss: 800
7,2,6, ss: 800


=== rcno: 4, nData: 160, year: 8, train_course: 0, model: 6 ===
3,11,6,12,9,10

3,11,6, ss: 2600
3,6,11, ss: 2600
11,3,6, ss: 2600
11,6,3, ss: 2600

bet: 800
12,9,10, ss: 800
12,9,2, ss: 800
12,10,9, ss: 800
12,10,2, ss: 800
9,12,10, ss: 800
9,12,2, ss: 800
9,10,12, ss: 800
9,10,2, ss: 800
10,12,9, ss: 800
10,12,2, ss: 800
10,9,12, ss: 800
10,9,2, ss: 800


=== rcno: 5, nData: 160, year: 8, train_course: 0, model: 6 ===
1,4,3,6,7,2

1,4,3, ss: 2600
1,3,4, ss: 2600
4,1,3, ss: 2600
4,3,1, ss: 2600

bet: 800
6,7,2, ss: 800
6,7,5, ss: 800
6,2,7, ss: 800
6,2,5, ss: 800
7,6,2, ss: 800
7,6,5, ss: 800
7,2,6, ss: 800
7,2,5, ss: 800
2,6,7, ss: 800
2,6,5, ss: 800
2,7,6, ss: 800
2,7,5, ss: 800


=== rcno: 6, nData: 160, year: 8, train_course: 0, model: 6 ===
6,4,2,12,11,8

6,4,2, ss: 2600
6,2,4, ss: 2600
4,6,2, ss: 2600
4,2,6, ss: 2600

bet: 800
12,11,8, ss: 800
12,11,5, ss: 800
12,8,11, ss: 800
12,8,5, ss: 800
11,12,8, ss: 800
11,12,5, ss: 800
11,8,12, ss: 800
11,8,5, ss: 800
8,12,11, ss: 800
8,12,5, ss: 800
8,11,12, ss: 800
8,11,5, ss: 800


=== rcno: 7, nData: 160, year: 8, train_course: 0, model: 6 ===
1,2,4,9,6,8

1,2,4, ss: 2600
1,4,2, ss: 2600
2,1,4, ss: 2600
2,4,1, ss: 2600

bet: 800
9,6,8, ss: 800
9,6,3, ss: 800
9,8,6, ss: 800
9,8,3, ss: 800
6,9,8, ss: 800
6,9,3, ss: 800
6,8,9, ss: 800
6,8,3, ss: 800
8,9,6, ss: 800
8,9,3, ss: 800
8,6,9, ss: 800
8,6,3, ss: 800


=== rcno: 8, nData: 160, year: 8, train_course: 0, model: 6 ===
10,7,9,3,4,1

10,7,9, ss: 2600
10,9,7, ss: 2600
7,10,9, ss: 2600
7,9,10, ss: 2600

bet: 800
3,4,1, ss: 800
3,4,8, ss: 800
3,1,4, ss: 800
3,1,8, ss: 800
4,3,1, ss: 800
4,3,8, ss: 800
4,1,3, ss: 800
4,1,8, ss: 800
1,3,4, ss: 800
1,3,8, ss: 800
1,4,3, ss: 800
1,4,8, ss: 800


=== rcno: 9, nData: 160, year: 8, train_course: 0, model: 6 ===
5,1,8,4,6,3

5,1,8, ss: 2600
5,8,1, ss: 2600
1,5,8, ss: 2600
1,8,5, ss: 2600

bet: 800
4,6,3, ss: 800
4,6,7, ss: 800
4,3,6, ss: 800
4,3,7, ss: 800
6,4,3, ss: 800
6,4,7, ss: 800
6,3,4, ss: 800
6,3,7, ss: 800
3,4,6, ss: 800
3,4,7, ss: 800
3,6,4, ss: 800
3,6,7, ss: 800


=== rcno: 1, nData: 160, year: 8, train_course: 0, model: 6 ===
5,4,6,3,2,8

5,4,6, ss: 2600
5,6,4, ss: 2600
4,5,6, ss: 2600
4,6,5, ss: 2600

bet: 800
3,2,8, ss: 800
3,2,9, ss: 800
3,8,2, ss: 800
3,8,9, ss: 800
2,3,8, ss: 800
2,3,9, ss: 800
2,8,3, ss: 800
2,8,9, ss: 800
8,3,2, ss: 800
8,3,9, ss: 800
8,2,3, ss: 800
8,2,9, ss: 800


=== rcno: 2, nData: 160, year: 8, train_course: 0, model: 6 ===
9,4,6,1,2,10

9,4,6, ss: 2600
9,6,4, ss: 2600
4,9,6, ss: 2600
4,6,9, ss: 2600

bet: 800
1,2,10, ss: 800
1,2,7, ss: 800
1,10,2, ss: 800
1,10,7, ss: 800
2,1,10, ss: 800
2,1,7, ss: 800
2,10,1, ss: 800
2,10,7, ss: 800
10,1,2, ss: 800
10,1,7, ss: 800
10,2,1, ss: 800
10,2,7, ss: 800


=== rcno: 3, nData: 160, year: 8, train_course: 0, model: 6 ===
8,9,2,6,7,3

8,9,2, ss: 2600
8,2,9, ss: 2600
9,8,2, ss: 2600
9,2,8, ss: 2600

bet: 800
6,7,3, ss: 800
6,7,4, ss: 800
6,3,7, ss: 800
6,3,4, ss: 800
7,6,3, ss: 800
7,6,4, ss: 800
7,3,6, ss: 800
7,3,4, ss: 800
3,6,7, ss: 800
3,6,4, ss: 800
3,7,6, ss: 800
3,7,4, ss: 800


=== rcno: 4, nData: 160, year: 8, train_course: 0, model: 6 ===
3,11,6,10,2,1

3,11,6, ss: 2600
3,6,11, ss: 2600
11,3,6, ss: 2600
11,6,3, ss: 2600

bet: 800
10,2,1, ss: 800
10,2,12, ss: 800
10,1,2, ss: 800
10,1,12, ss: 800
2,10,1, ss: 800
2,10,12, ss: 800
2,1,10, ss: 800
2,1,12, ss: 800
1,10,2, ss: 800
1,10,12, ss: 800
1,2,10, ss: 800
1,2,12, ss: 800


=== rcno: 5, nData: 160, year: 8, train_course: 0, model: 6 ===
4,1,3,6,7,8

4,1,3, ss: 2600
4,3,1, ss: 2600
1,4,3, ss: 2600
1,3,4, ss: 2600

bet: 800
6,7,8, ss: 800
6,7,5, ss: 800
6,8,7, ss: 800
6,8,5, ss: 800
7,6,8, ss: 800
7,6,5, ss: 800
7,8,6, ss: 800
7,8,5, ss: 800
8,6,7, ss: 800
8,6,5, ss: 800
8,7,6, ss: 800
8,7,5, ss: 800


=== rcno: 6, nData: 160, year: 8, train_course: 0, model: 6 ===
4,12,11,2,8,5

4,12,11, ss: 2600
4,11,12, ss: 2600
12,4,11, ss: 2600
12,11,4, ss: 2600

bet: 800
2,8,5, ss: 800
2,8,3, ss: 800
2,5,8, ss: 800
2,5,3, ss: 800
8,2,5, ss: 800
8,2,3, ss: 800
8,5,2, ss: 800
8,5,3, ss: 800
5,2,8, ss: 800
5,2,3, ss: 800
5,8,2, ss: 800
5,8,3, ss: 800


=== rcno: 7, nData: 160, year: 8, train_course: 0, model: 6 ===
9,1,4,2,8,6

9,1,4, ss: 2600
9,4,1, ss: 2600
1,9,4, ss: 2600
1,4,9, ss: 2600

bet: 800
2,8,6, ss: 800
2,8,7, ss: 800
2,6,8, ss: 800
2,6,7, ss: 800
8,2,6, ss: 800
8,2,7, ss: 800
8,6,2, ss: 800
8,6,7, ss: 800
6,2,8, ss: 800
6,2,7, ss: 800
6,8,2, ss: 800
6,8,7, ss: 800


=== rcno: 8, nData: 160, year: 8, train_course: 0, model: 6 ===
10,7,9,1,4,3

10,7,9, ss: 2600
10,9,7, ss: 2600
7,10,9, ss: 2600
7,9,10, ss: 2600

bet: 800
1,4,3, ss: 800
1,4,8, ss: 800
1,3,4, ss: 800
1,3,8, ss: 800
4,1,3, ss: 800
4,1,8, ss: 800
4,3,1, ss: 800
4,3,8, ss: 800
3,1,4, ss: 800
3,1,8, ss: 800
3,4,1, ss: 800
3,4,8, ss: 800


=== rcno: 9, nData: 160, year: 8, train_course: 0, model: 6 ===
1,8,4,5,6,3

1,8,4, ss: 2600
1,4,8, ss: 2600
8,1,4, ss: 2600
8,4,1, ss: 2600

bet: 800
5,6,3, ss: 800
5,6,7, ss: 800
5,3,6, ss: 800
5,3,7, ss: 800
6,5,3, ss: 800
6,5,7, ss: 800
6,3,5, ss: 800
6,3,7, ss: 800
3,5,6, ss: 800
3,5,7, ss: 800
3,6,5, ss: 800
3,6,7, ss: 800