


=== rcno: 1, nData: 212, year: 8, train_course: 0, model: 6 ===
1,3,4,2,7,11


bet: 1300
7,11,6, ss: 800
7,11,10, ss: 800
7,6,11, ss: 800
7,6,10, ss: 800
7,10,11, ss: 800
7,10,6, ss: 800
11,7,6, ss: 800
11,7,10, ss: 800
11,6,7, ss: 800
11,6,10, ss: 800
11,10,7, ss: 800
11,10,6, ss: 800
6,7,11, ss: 800
6,7,10, ss: 800
6,11,7, ss: 800
6,11,10, ss: 800
6,10,7, ss: 800
6,10,11, ss: 800
10,7,11, ss: 800
10,7,6, ss: 800
10,11,7, ss: 800
10,11,6, ss: 800
10,6,7, ss: 800
10,6,11, ss: 800


=== rcno: 2, nData: 212, year: 8, train_course: 0, model: 6 ===
4,11,3,10,8,5


bet: 1300
8,5,6, ss: 800
8,5,9, ss: 800
8,6,5, ss: 800
8,6,9, ss: 800
8,9,5, ss: 800
8,9,6, ss: 800
5,8,6, ss: 800
5,8,9, ss: 800
5,6,8, ss: 800
5,6,9, ss: 800
5,9,8, ss: 800
5,9,6, ss: 800
6,8,5, ss: 800
6,8,9, ss: 800
6,5,8, ss: 800
6,5,9, ss: 800
6,9,8, ss: 800
6,9,5, ss: 800
9,8,5, ss: 800
9,8,6, ss: 800
9,5,8, ss: 800
9,5,6, ss: 800
9,6,8, ss: 800
9,6,5, ss: 800


=== rcno: 3, nData: 212, year: 8, train_course: 0, model: 6 ===
8,10,7,5,11,6


bet: 1300
11,6,2, ss: 800
11,6,1, ss: 800
11,2,6, ss: 800
11,2,1, ss: 800
11,1,6, ss: 800
11,1,2, ss: 800
6,11,2, ss: 800
6,11,1, ss: 800
6,2,11, ss: 800
6,2,1, ss: 800
6,1,11, ss: 800
6,1,2, ss: 800
2,11,6, ss: 800
2,11,1, ss: 800
2,6,11, ss: 800
2,6,1, ss: 800
2,1,11, ss: 800
2,1,6, ss: 800
1,11,6, ss: 800
1,11,2, ss: 800
1,6,11, ss: 800
1,6,2, ss: 800
1,2,11, ss: 800
1,2,6, ss: 800


=== rcno: 4, nData: 212, year: 8, train_course: 0, model: 6 ===
7,9,8,10,5,4


bet: 1300
5,4,1, ss: 800
5,4,11, ss: 800
5,1,4, ss: 800
5,1,11, ss: 800
5,11,4, ss: 800
5,11,1, ss: 800
4,5,1, ss: 800
4,5,11, ss: 800
4,1,5, ss: 800
4,1,11, ss: 800
4,11,5, ss: 800
4,11,1, ss: 800
1,5,4, ss: 800
1,5,11, ss: 800
1,4,5, ss: 800
1,4,11, ss: 800
1,11,5, ss: 800
1,11,4, ss: 800
11,5,4, ss: 800
11,5,1, ss: 800
11,4,5, ss: 800
11,4,1, ss: 800
11,1,5, ss: 800
11,1,4, ss: 800


=== rcno: 5, nData: 212, year: 8, train_course: 0, model: 6 ===
8,6,3,5,7,4


bet: 1300
7,4,2, ss: 800
7,4,10, ss: 800
7,2,4, ss: 800
7,2,10, ss: 800
7,10,4, ss: 800
7,10,2, ss: 800
4,7,2, ss: 800
4,7,10, ss: 800
4,2,7, ss: 800
4,2,10, ss: 800
4,10,7, ss: 800
4,10,2, ss: 800
2,7,4, ss: 800
2,7,10, ss: 800
2,4,7, ss: 800
2,4,10, ss: 800
2,10,7, ss: 800
2,10,4, ss: 800
10,7,4, ss: 800
10,7,2, ss: 800
10,4,7, ss: 800
10,4,2, ss: 800
10,2,7, ss: 800
10,2,4, ss: 800


=== rcno: 6, nData: 212, year: 8, train_course: 0, model: 6 ===
5,2,8,9,11,10


bet: 1300
11,10,6, ss: 800
11,10,3, ss: 800
11,6,10, ss: 800
11,6,3, ss: 800
11,3,10, ss: 800
11,3,6, ss: 800
10,11,6, ss: 800
10,11,3, ss: 800
10,6,11, ss: 800
10,6,3, ss: 800
10,3,11, ss: 800
10,3,6, ss: 800
6,11,10, ss: 800
6,11,3, ss: 800
6,10,11, ss: 800
6,10,3, ss: 800
6,3,11, ss: 800
6,3,10, ss: 800
3,11,10, ss: 800
3,11,6, ss: 800
3,10,11, ss: 800
3,10,6, ss: 800
3,6,11, ss: 800
3,6,10, ss: 800


=== rcno: 1, nData: 212, year: 8, train_course: 0, model: 6 ===
1,4,3,7,10,2


bet: 1300
10,2,9, ss: 800
10,2,6, ss: 800
10,9,2, ss: 800
10,9,6, ss: 800
10,6,2, ss: 800
10,6,9, ss: 800
2,10,9, ss: 800
2,10,6, ss: 800
2,9,10, ss: 800
2,9,6, ss: 800
2,6,10, ss: 800
2,6,9, ss: 800
9,10,2, ss: 800
9,10,6, ss: 800
9,2,10, ss: 800
9,2,6, ss: 800
9,6,10, ss: 800
9,6,2, ss: 800
6,10,2, ss: 800
6,10,9, ss: 800
6,2,10, ss: 800
6,2,9, ss: 800
6,9,10, ss: 800
6,9,2, ss: 800


=== rcno: 2, nData: 212, year: 8, train_course: 0, model: 6 ===
4,3,10,8,11,5


bet: 1300
11,5,6, ss: 800
11,5,1, ss: 800
11,6,5, ss: 800
11,6,1, ss: 800
11,1,5, ss: 800
11,1,6, ss: 800
5,11,6, ss: 800
5,11,1, ss: 800
5,6,11, ss: 800
5,6,1, ss: 800
5,1,11, ss: 800
5,1,6, ss: 800
6,11,5, ss: 800
6,11,1, ss: 800
6,5,11, ss: 800
6,5,1, ss: 800
6,1,11, ss: 800
6,1,5, ss: 800
1,11,5, ss: 800
1,11,6, ss: 800
1,5,11, ss: 800
1,5,6, ss: 800
1,6,11, ss: 800
1,6,5, ss: 800


=== rcno: 3, nData: 212, year: 8, train_course: 0, model: 6 ===
8,10,7,5,2,6


bet: 1300
2,6,1, ss: 800
2,6,4, ss: 800
2,1,6, ss: 800
2,1,4, ss: 800
2,4,6, ss: 800
2,4,1, ss: 800
6,2,1, ss: 800
6,2,4, ss: 800
6,1,2, ss: 800
6,1,4, ss: 800
6,4,2, ss: 800
6,4,1, ss: 800
1,2,6, ss: 800
1,2,4, ss: 800
1,6,2, ss: 800
1,6,4, ss: 800
1,4,2, ss: 800
1,4,6, ss: 800
4,2,6, ss: 800
4,2,1, ss: 800
4,6,2, ss: 800
4,6,1, ss: 800
4,1,2, ss: 800
4,1,6, ss: 800


=== rcno: 4, nData: 212, year: 8, train_course: 0, model: 6 ===
7,9,8,10,4,1


bet: 1300
4,1,5, ss: 800
4,1,11, ss: 800
4,5,1, ss: 800
4,5,11, ss: 800
4,11,1, ss: 800
4,11,5, ss: 800
1,4,5, ss: 800
1,4,11, ss: 800
1,5,4, ss: 800
1,5,11, ss: 800
1,11,4, ss: 800
1,11,5, ss: 800
5,4,1, ss: 800
5,4,11, ss: 800
5,1,4, ss: 800
5,1,11, ss: 800
5,11,4, ss: 800
5,11,1, ss: 800
11,4,1, ss: 800
11,4,5, ss: 800
11,1,4, ss: 800
11,1,5, ss: 800
11,5,4, ss: 800
11,5,1, ss: 800


=== rcno: 5, nData: 212, year: 8, train_course: 0, model: 6 ===
4,5,2,8,3,7


bet: 1300
3,7,6, ss: 800
3,7,10, ss: 800
3,6,7, ss: 800
3,6,10, ss: 800
3,10,7, ss: 800
3,10,6, ss: 800
7,3,6, ss: 800
7,3,10, ss: 800
7,6,3, ss: 800
7,6,10, ss: 800
7,10,3, ss: 800
7,10,6, ss: 800
6,3,7, ss: 800
6,3,10, ss: 800
6,7,3, ss: 800
6,7,10, ss: 800
6,10,3, ss: 800
6,10,7, ss: 800
10,3,7, ss: 800
10,3,6, ss: 800
10,7,3, ss: 800
10,7,6, ss: 800
10,6,3, ss: 800
10,6,7, ss: 800


=== rcno: 6, nData: 212, year: 8, train_course: 0, model: 6 ===
5,2,9,11,8,10


bet: 1300
8,10,6, ss: 800
8,10,3, ss: 800
8,6,10, ss: 800
8,6,3, ss: 800
8,3,10, ss: 800
8,3,6, ss: 800
10,8,6, ss: 800
10,8,3, ss: 800
10,6,8, ss: 800
10,6,3, ss: 800
10,3,8, ss: 800
10,3,6, ss: 800
6,8,10, ss: 800
6,8,3, ss: 800
6,10,8, ss: 800
6,10,3, ss: 800
6,3,8, ss: 800
6,3,10, ss: 800
3,8,10, ss: 800
3,8,6, ss: 800
3,10,8, ss: 800
3,10,6, ss: 800
3,6,8, ss: 800
3,6,10, ss: 800


=== rcno: 1, nData: 212, year: 8, train_course: 0, model: 6 ===
1,7,4,10,9,3


bet: 1300
9,3,2, ss: 800
9,3,6, ss: 800
9,2,3, ss: 800
9,2,6, ss: 800
9,6,3, ss: 800
9,6,2, ss: 800
3,9,2, ss: 800
3,9,6, ss: 800
3,2,9, ss: 800
3,2,6, ss: 800
3,6,9, ss: 800
3,6,2, ss: 800
2,9,3, ss: 800
2,9,6, ss: 800
2,3,9, ss: 800
2,3,6, ss: 800
2,6,9, ss: 800
2,6,3, ss: 800
6,9,3, ss: 800
6,9,2, ss: 800
6,3,9, ss: 800
6,3,2, ss: 800
6,2,9, ss: 800
6,2,3, ss: 800


=== rcno: 2, nData: 212, year: 8, train_course: 0, model: 6 ===
4,3,8,11,10,6


bet: 1300
10,6,5, ss: 800
10,6,7, ss: 800
10,5,6, ss: 800
10,5,7, ss: 800
10,7,6, ss: 800
10,7,5, ss: 800
6,10,5, ss: 800
6,10,7, ss: 800
6,5,10, ss: 800
6,5,7, ss: 800
6,7,10, ss: 800
6,7,5, ss: 800
5,10,6, ss: 800
5,10,7, ss: 800
5,6,10, ss: 800
5,6,7, ss: 800
5,7,10, ss: 800
5,7,6, ss: 800
7,10,6, ss: 800
7,10,5, ss: 800
7,6,10, ss: 800
7,6,5, ss: 800
7,5,10, ss: 800
7,5,6, ss: 800


=== rcno: 3, nData: 212, year: 8, train_course: 0, model: 6 ===
10,8,5,6,2,7


bet: 1300
2,7,4, ss: 800
2,7,9, ss: 800
2,4,7, ss: 800
2,4,9, ss: 800
2,9,7, ss: 800
2,9,4, ss: 800
7,2,4, ss: 800
7,2,9, ss: 800
7,4,2, ss: 800
7,4,9, ss: 800
7,9,2, ss: 800
7,9,4, ss: 800
4,2,7, ss: 800
4,2,9, ss: 800
4,7,2, ss: 800
4,7,9, ss: 800
4,9,2, ss: 800
4,9,7, ss: 800
9,2,7, ss: 800
9,2,4, ss: 800
9,7,2, ss: 800
9,7,4, ss: 800
9,4,2, ss: 800
9,4,7, ss: 800


=== rcno: 4, nData: 212, year: 8, train_course: 0, model: 6 ===
7,10,8,9,5,1


bet: 1300
5,1,11, ss: 800
5,1,4, ss: 800
5,11,1, ss: 800
5,11,4, ss: 800
5,4,1, ss: 800
5,4,11, ss: 800
1,5,11, ss: 800
1,5,4, ss: 800
1,11,5, ss: 800
1,11,4, ss: 800
1,4,5, ss: 800
1,4,11, ss: 800
11,5,1, ss: 800
11,5,4, ss: 800
11,1,5, ss: 800
11,1,4, ss: 800
11,4,5, ss: 800
11,4,1, ss: 800
4,5,1, ss: 800
4,5,11, ss: 800
4,1,5, ss: 800
4,1,11, ss: 800
4,11,5, ss: 800
4,11,1, ss: 800


=== rcno: 5, nData: 212, year: 8, train_course: 0, model: 6 ===
2,1,5,7,3,4


bet: 1300
3,4,6, ss: 800
3,4,11, ss: 800
3,6,4, ss: 800
3,6,11, ss: 800
3,11,4, ss: 800
3,11,6, ss: 800
4,3,6, ss: 800
4,3,11, ss: 800
4,6,3, ss: 800
4,6,11, ss: 800
4,11,3, ss: 800
4,11,6, ss: 800
6,3,4, ss: 800
6,3,11, ss: 800
6,4,3, ss: 800
6,4,11, ss: 800
6,11,3, ss: 800
6,11,4, ss: 800
11,3,4, ss: 800
11,3,6, ss: 800
11,4,3, ss: 800
11,4,6, ss: 800
11,6,3, ss: 800
11,6,4, ss: 800


=== rcno: 6, nData: 212, year: 8, train_course: 0, model: 6 ===
5,9,2,8,11,10


bet: 1300
11,10,6, ss: 800
11,10,3, ss: 800
11,6,10, ss: 800
11,6,3, ss: 800
11,3,10, ss: 800
11,3,6, ss: 800
10,11,6, ss: 800
10,11,3, ss: 800
10,6,11, ss: 800
10,6,3, ss: 800
10,3,11, ss: 800
10,3,6, ss: 800
6,11,10, ss: 800
6,11,3, ss: 800
6,10,11, ss: 800
6,10,3, ss: 800
6,3,11, ss: 800
6,3,10, ss: 800
3,11,10, ss: 800
3,11,6, ss: 800
3,10,11, ss: 800
3,10,6, ss: 800
3,6,11, ss: 800
3,6,10, ss: 800


=== rcno: 1, nData: 212, year: 8, train_course: 0, model: 6 ===
1,3,7,10,6,4


bet: 1300
6,4,2, ss: 800
6,4,11, ss: 800
6,2,4, ss: 800
6,2,11, ss: 800
6,11,4, ss: 800
6,11,2, ss: 800
4,6,2, ss: 800
4,6,11, ss: 800
4,2,6, ss: 800
4,2,11, ss: 800
4,11,6, ss: 800
4,11,2, ss: 800
2,6,4, ss: 800
2,6,11, ss: 800
2,4,6, ss: 800
2,4,11, ss: 800
2,11,6, ss: 800
2,11,4, ss: 800
11,6,4, ss: 800
11,6,2, ss: 800
11,4,6, ss: 800
11,4,2, ss: 800
11,2,6, ss: 800
11,2,4, ss: 800


=== rcno: 2, nData: 212, year: 8, train_course: 0, model: 6 ===
4,10,3,11,5,8


bet: 1300
5,8,6, ss: 800
5,8,7, ss: 800
5,6,8, ss: 800
5,6,7, ss: 800
5,7,8, ss: 800
5,7,6, ss: 800
8,5,6, ss: 800
8,5,7, ss: 800
8,6,5, ss: 800
8,6,7, ss: 800
8,7,5, ss: 800
8,7,6, ss: 800
6,5,8, ss: 800
6,5,7, ss: 800
6,8,5, ss: 800
6,8,7, ss: 800
6,7,5, ss: 800
6,7,8, ss: 800
7,5,8, ss: 800
7,5,6, ss: 800
7,8,5, ss: 800
7,8,6, ss: 800
7,6,5, ss: 800
7,6,8, ss: 800


=== rcno: 3, nData: 212, year: 8, train_course: 0, model: 6 ===
8,10,5,7,2,6


bet: 1300
2,6,11, ss: 800
2,6,4, ss: 800
2,11,6, ss: 800
2,11,4, ss: 800
2,4,6, ss: 800
2,4,11, ss: 800
6,2,11, ss: 800
6,2,4, ss: 800
6,11,2, ss: 800
6,11,4, ss: 800
6,4,2, ss: 800
6,4,11, ss: 800
11,2,6, ss: 800
11,2,4, ss: 800
11,6,2, ss: 800
11,6,4, ss: 800
11,4,2, ss: 800
11,4,6, ss: 800
4,2,6, ss: 800
4,2,11, ss: 800
4,6,2, ss: 800
4,6,11, ss: 800
4,11,2, ss: 800
4,11,6, ss: 800


=== rcno: 4, nData: 212, year: 8, train_course: 0, model: 6 ===
7,8,9,10,4,5


bet: 1300
4,5,1, ss: 800
4,5,3, ss: 800
4,1,5, ss: 800
4,1,3, ss: 800
4,3,5, ss: 800
4,3,1, ss: 800
5,4,1, ss: 800
5,4,3, ss: 800
5,1,4, ss: 800
5,1,3, ss: 800
5,3,4, ss: 800
5,3,1, ss: 800
1,4,5, ss: 800
1,4,3, ss: 800
1,5,4, ss: 800
1,5,3, ss: 800
1,3,4, ss: 800
1,3,5, ss: 800
3,4,5, ss: 800
3,4,1, ss: 800
3,5,4, ss: 800
3,5,1, ss: 800
3,1,4, ss: 800
3,1,5, ss: 800


=== rcno: 5, nData: 212, year: 8, train_course: 0, model: 6 ===
8,5,2,4,1,3


bet: 1300
1,3,6, ss: 800
1,3,10, ss: 800
1,6,3, ss: 800
1,6,10, ss: 800
1,10,3, ss: 800
1,10,6, ss: 800
3,1,6, ss: 800
3,1,10, ss: 800
3,6,1, ss: 800
3,6,10, ss: 800
3,10,1, ss: 800
3,10,6, ss: 800
6,1,3, ss: 800
6,1,10, ss: 800
6,3,1, ss: 800
6,3,10, ss: 800
6,10,1, ss: 800
6,10,3, ss: 800
10,1,3, ss: 800
10,1,6, ss: 800
10,3,1, ss: 800
10,3,6, ss: 800
10,6,1, ss: 800
10,6,3, ss: 800


=== rcno: 6, nData: 212, year: 8, train_course: 0, model: 6 ===
5,2,9,8,10,11


bet: 1300
10,11,3, ss: 800
10,11,6, ss: 800
10,3,11, ss: 800
10,3,6, ss: 800
10,6,11, ss: 800
10,6,3, ss: 800
11,10,3, ss: 800
11,10,6, ss: 800
11,3,10, ss: 800
11,3,6, ss: 800
11,6,10, ss: 800
11,6,3, ss: 800
3,10,11, ss: 800
3,10,6, ss: 800
3,11,10, ss: 800
3,11,6, ss: 800
3,6,10, ss: 800
3,6,11, ss: 800
6,10,11, ss: 800
6,10,3, ss: 800
6,11,10, ss: 800
6,11,3, ss: 800
6,3,10, ss: 800
6,3,11, ss: 800


=== rcno: 1, nData: 212, year: 8, train_course: 0, model: 6 ===
1,7,3,2,4,11


bet: 1300
4,11,10, ss: 800
4,11,6, ss: 800
4,10,11, ss: 800
4,10,6, ss: 800
4,6,11, ss: 800
4,6,10, ss: 800
11,4,10, ss: 800
11,4,6, ss: 800
11,10,4, ss: 800
11,10,6, ss: 800
11,6,4, ss: 800
11,6,10, ss: 800
10,4,11, ss: 800
10,4,6, ss: 800
10,11,4, ss: 800
10,11,6, ss: 800
10,6,4, ss: 800
10,6,11, ss: 800
6,4,11, ss: 800
6,4,10, ss: 800
6,11,4, ss: 800
6,11,10, ss: 800
6,10,4, ss: 800
6,10,11, ss: 800


=== rcno: 2, nData: 212, year: 8, train_course: 0, model: 6 ===
4,3,10,11,5,6


bet: 1300
5,6,8, ss: 800
5,6,1, ss: 800
5,8,6, ss: 800
5,8,1, ss: 800
5,1,6, ss: 800
5,1,8, ss: 800
6,5,8, ss: 800
6,5,1, ss: 800
6,8,5, ss: 800
6,8,1, ss: 800
6,1,5, ss: 800
6,1,8, ss: 800
8,5,6, ss: 800
8,5,1, ss: 800
8,6,5, ss: 800
8,6,1, ss: 800
8,1,5, ss: 800
8,1,6, ss: 800
1,5,6, ss: 800
1,5,8, ss: 800
1,6,5, ss: 800
1,6,8, ss: 800
1,8,5, ss: 800
1,8,6, ss: 800


=== rcno: 3, nData: 212, year: 8, train_course: 0, model: 6 ===
10,7,8,5,6,2


bet: 1300
6,2,1, ss: 800
6,2,4, ss: 800
6,1,2, ss: 800
6,1,4, ss: 800
6,4,2, ss: 800
6,4,1, ss: 800
2,6,1, ss: 800
2,6,4, ss: 800
2,1,6, ss: 800
2,1,4, ss: 800
2,4,6, ss: 800
2,4,1, ss: 800
1,6,2, ss: 800
1,6,4, ss: 800
1,2,6, ss: 800
1,2,4, ss: 800
1,4,6, ss: 800
1,4,2, ss: 800
4,6,2, ss: 800
4,6,1, ss: 800
4,2,6, ss: 800
4,2,1, ss: 800
4,1,6, ss: 800
4,1,2, ss: 800


=== rcno: 4, nData: 212, year: 8, train_course: 0, model: 6 ===
7,9,8,10,5,4


bet: 1300
5,4,1, ss: 800
5,4,2, ss: 800
5,1,4, ss: 800
5,1,2, ss: 800
5,2,4, ss: 800
5,2,1, ss: 800
4,5,1, ss: 800
4,5,2, ss: 800
4,1,5, ss: 800
4,1,2, ss: 800
4,2,5, ss: 800
4,2,1, ss: 800
1,5,4, ss: 800
1,5,2, ss: 800
1,4,5, ss: 800
1,4,2, ss: 800
1,2,5, ss: 800
1,2,4, ss: 800
2,5,4, ss: 800
2,5,1, ss: 800
2,4,5, ss: 800
2,4,1, ss: 800
2,1,5, ss: 800
2,1,4, ss: 800


=== rcno: 5, nData: 212, year: 8, train_course: 0, model: 6 ===
5,8,3,2,7,4


bet: 1300
7,4,6, ss: 800
7,4,10, ss: 800
7,6,4, ss: 800
7,6,10, ss: 800
7,10,4, ss: 800
7,10,6, ss: 800
4,7,6, ss: 800
4,7,10, ss: 800
4,6,7, ss: 800
4,6,10, ss: 800
4,10,7, ss: 800
4,10,6, ss: 800
6,7,4, ss: 800
6,7,10, ss: 800
6,4,7, ss: 800
6,4,10, ss: 800
6,10,7, ss: 800
6,10,4, ss: 800
10,7,4, ss: 800
10,7,6, ss: 800
10,4,7, ss: 800
10,4,6, ss: 800
10,6,7, ss: 800
10,6,4, ss: 800


=== rcno: 6, nData: 212, year: 8, train_course: 0, model: 6 ===
5,2,11,9,10,8


bet: 1300
10,8,6, ss: 800
10,8,3, ss: 800
10,6,8, ss: 800
10,6,3, ss: 800
10,3,8, ss: 800
10,3,6, ss: 800
8,10,6, ss: 800
8,10,3, ss: 800
8,6,10, ss: 800
8,6,3, ss: 800
8,3,10, ss: 800
8,3,6, ss: 800
6,10,8, ss: 800
6,10,3, ss: 800
6,8,10, ss: 800
6,8,3, ss: 800
6,3,10, ss: 800
6,3,8, ss: 800
3,10,8, ss: 800
3,10,6, ss: 800
3,8,10, ss: 800
3,8,6, ss: 800
3,6,10, ss: 800
3,6,8, ss: 800