


=== rcno: 1, nData: 204, year: 8, train_course: 0, model: 6 ===
3,2,4,10,1,6

3,2,4, ss: 2500
3,4,2, ss: 2500
2,3,4, ss: 2500
2,4,3, ss: 2500

bet: 700
4,10,1, ss: 1700
4,1,10, ss: 1700
10,4,1, ss: 1700
10,1,4, ss: 1700
1,4,10, ss: 1600
1,10,4, ss: 1600


=== rcno: 2, nData: 204, year: 8, train_course: 0, model: 6 ===
4,5,11,3,10,6

4,5,11, ss: 2500
4,11,5, ss: 2500
5,4,11, ss: 2500
5,11,4, ss: 2500

bet: 700
11,3,10, ss: 1700
11,10,3, ss: 1700
3,11,10, ss: 1700
3,10,11, ss: 1700
10,11,3, ss: 1600
10,3,11, ss: 1600


=== rcno: 3, nData: 204, year: 8, train_course: 0, model: 6 ===
8,10,5,2,1,7

8,10,5, ss: 2500
8,5,10, ss: 2500
10,8,5, ss: 2500
10,5,8, ss: 2500

bet: 700
5,2,1, ss: 1700
5,1,2, ss: 1700
2,5,1, ss: 1700
2,1,5, ss: 1700
1,5,2, ss: 1600
1,2,5, ss: 1600


=== rcno: 4, nData: 204, year: 8, train_course: 0, model: 6 ===
8,7,4,9,5,10

8,7,4, ss: 2500
8,4,7, ss: 2500
7,8,4, ss: 2500
7,4,8, ss: 2500

bet: 700
4,9,5, ss: 1700
4,5,9, ss: 1700
9,4,5, ss: 1700
9,5,4, ss: 1700
5,4,9, ss: 1600
5,9,4, ss: 1600


=== rcno: 5, nData: 204, year: 8, train_course: 0, model: 6 ===
3,10,4,5,7,11

3,10,4, ss: 2500
3,4,10, ss: 2500
10,3,4, ss: 2500
10,4,3, ss: 2500

bet: 700
4,5,7, ss: 1700
4,7,5, ss: 1700
5,4,7, ss: 1700
5,7,4, ss: 1700
7,4,5, ss: 1600
7,5,4, ss: 1600


=== rcno: 6, nData: 204, year: 8, train_course: 0, model: 6 ===
5,2,8,10,9,11

5,2,8, ss: 2500
5,8,2, ss: 2500
2,5,8, ss: 2500
2,8,5, ss: 2500

bet: 700
8,10,9, ss: 1700
8,9,10, ss: 1700
10,8,9, ss: 1700
10,9,8, ss: 1700
9,8,10, ss: 1600
9,10,8, ss: 1600


=== rcno: 1, nData: 204, year: 8, train_course: 0, model: 6 ===
2,4,3,1,9,10

2,4,3, ss: 2500
2,3,4, ss: 2500
4,2,3, ss: 2500
4,3,2, ss: 2500

bet: 700
3,1,9, ss: 1700
3,9,1, ss: 1700
1,3,9, ss: 1700
1,9,3, ss: 1700
9,3,1, ss: 1600
9,1,3, ss: 1600


=== rcno: 2, nData: 204, year: 8, train_course: 0, model: 6 ===
4,11,10,3,5,6

4,11,10, ss: 2500
4,10,11, ss: 2500
11,4,10, ss: 2500
11,10,4, ss: 2500

bet: 700
10,3,5, ss: 1700
10,5,3, ss: 1700
3,10,5, ss: 1700
3,5,10, ss: 1700
5,10,3, ss: 1600
5,3,10, ss: 1600


=== rcno: 3, nData: 204, year: 8, train_course: 0, model: 6 ===
10,8,7,2,1,3

10,8,7, ss: 2500
10,7,8, ss: 2500
8,10,7, ss: 2500
8,7,10, ss: 2500

bet: 700
7,2,1, ss: 1700
7,1,2, ss: 1700
2,7,1, ss: 1700
2,1,7, ss: 1700
1,7,2, ss: 1600
1,2,7, ss: 1600


=== rcno: 4, nData: 204, year: 8, train_course: 0, model: 6 ===
8,7,9,4,5,10

8,7,9, ss: 2500
8,9,7, ss: 2500
7,8,9, ss: 2500
7,9,8, ss: 2500

bet: 700
9,4,5, ss: 1700
9,5,4, ss: 1700
4,9,5, ss: 1700
4,5,9, ss: 1700
5,9,4, ss: 1600
5,4,9, ss: 1600


=== rcno: 5, nData: 204, year: 8, train_course: 0, model: 6 ===
3,10,5,1,4,7

3,10,5, ss: 2500
3,5,10, ss: 2500
10,3,5, ss: 2500
10,5,3, ss: 2500

bet: 700
5,1,4, ss: 1700
5,4,1, ss: 1700
1,5,4, ss: 1700
1,4,5, ss: 1700
4,5,1, ss: 1600
4,1,5, ss: 1600


=== rcno: 6, nData: 204, year: 8, train_course: 0, model: 6 ===
5,2,9,8,11,10

5,2,9, ss: 2500
5,9,2, ss: 2500
2,5,9, ss: 2500
2,9,5, ss: 2500

bet: 700
9,8,11, ss: 1700
9,11,8, ss: 1700
8,9,11, ss: 1700
8,11,9, ss: 1700
11,9,8, ss: 1600
11,8,9, ss: 1600


=== rcno: 1, nData: 204, year: 8, train_course: 0, model: 6 ===
4,2,7,3,1,6

4,2,7, ss: 2500
4,7,2, ss: 2500
2,4,7, ss: 2500
2,7,4, ss: 2500

bet: 700
7,3,1, ss: 1700
7,1,3, ss: 1700
3,7,1, ss: 1700
3,1,7, ss: 1700
1,7,3, ss: 1600
1,3,7, ss: 1600


=== rcno: 2, nData: 204, year: 8, train_course: 0, model: 6 ===
4,11,10,3,1,6

4,11,10, ss: 2500
4,10,11, ss: 2500
11,4,10, ss: 2500
11,10,4, ss: 2500

bet: 700
10,3,1, ss: 1700
10,1,3, ss: 1700
3,10,1, ss: 1700
3,1,10, ss: 1700
1,10,3, ss: 1600
1,3,10, ss: 1600


=== rcno: 3, nData: 204, year: 8, train_course: 0, model: 6 ===
10,5,7,1,2,8

10,5,7, ss: 2500
10,7,5, ss: 2500
5,10,7, ss: 2500
5,7,10, ss: 2500

bet: 700
7,1,2, ss: 1700
7,2,1, ss: 1700
1,7,2, ss: 1700
1,2,7, ss: 1700
2,7,1, ss: 1600
2,1,7, ss: 1600


=== rcno: 4, nData: 204, year: 8, train_course: 0, model: 6 ===
7,8,5,10,4,9

7,8,5, ss: 2500
7,5,8, ss: 2500
8,7,5, ss: 2500
8,5,7, ss: 2500

bet: 700
5,10,4, ss: 1700
5,4,10, ss: 1700
10,5,4, ss: 1700
10,4,5, ss: 1700
4,5,10, ss: 1600
4,10,5, ss: 1600


=== rcno: 5, nData: 204, year: 8, train_course: 0, model: 6 ===
8,3,6,5,10,4

8,3,6, ss: 2500
8,6,3, ss: 2500
3,8,6, ss: 2500
3,6,8, ss: 2500

bet: 700
6,5,10, ss: 1700
6,10,5, ss: 1700
5,6,10, ss: 1700
5,10,6, ss: 1700
10,6,5, ss: 1600
10,5,6, ss: 1600


=== rcno: 6, nData: 204, year: 8, train_course: 0, model: 6 ===
5,9,2,8,4,11

5,9,2, ss: 2500
5,2,9, ss: 2500
9,5,2, ss: 2500
9,2,5, ss: 2500

bet: 700
2,8,4, ss: 1700
2,4,8, ss: 1700
8,2,4, ss: 1700
8,4,2, ss: 1700
4,2,8, ss: 1600
4,8,2, ss: 1600


=== rcno: 1, nData: 204, year: 8, train_course: 0, model: 6 ===
1,2,4,7,3,6

1,2,4, ss: 2500
1,4,2, ss: 2500
2,1,4, ss: 2500
2,4,1, ss: 2500

bet: 700
4,7,3, ss: 1700
4,3,7, ss: 1700
7,4,3, ss: 1700
7,3,4, ss: 1700
3,4,7, ss: 1600
3,7,4, ss: 1600


=== rcno: 2, nData: 204, year: 8, train_course: 0, model: 6 ===
4,3,10,11,6,1

4,3,10, ss: 2500
4,10,3, ss: 2500
3,4,10, ss: 2500
3,10,4, ss: 2500

bet: 700
10,11,6, ss: 1700
10,6,11, ss: 1700
11,10,6, ss: 1700
11,6,10, ss: 1700
6,10,11, ss: 1600
6,11,10, ss: 1600


=== rcno: 3, nData: 204, year: 8, train_course: 0, model: 6 ===
10,1,7,5,8,6

10,1,7, ss: 2500
10,7,1, ss: 2500
1,10,7, ss: 2500
1,7,10, ss: 2500

bet: 700
7,5,8, ss: 1700
7,8,5, ss: 1700
5,7,8, ss: 1700
5,8,7, ss: 1700
8,7,5, ss: 1600
8,5,7, ss: 1600


=== rcno: 4, nData: 204, year: 8, train_course: 0, model: 6 ===
7,8,10,4,9,5

7,8,10, ss: 2500
7,10,8, ss: 2500
8,7,10, ss: 2500
8,10,7, ss: 2500

bet: 700
10,4,9, ss: 1700
10,9,4, ss: 1700
4,10,9, ss: 1700
4,9,10, ss: 1700
9,10,4, ss: 1600
9,4,10, ss: 1600


=== rcno: 5, nData: 204, year: 8, train_course: 0, model: 6 ===
1,10,3,5,2,9

1,10,3, ss: 2500
1,3,10, ss: 2500
10,1,3, ss: 2500
10,3,1, ss: 2500

bet: 700
3,5,2, ss: 1700
3,2,5, ss: 1700
5,3,2, ss: 1700
5,2,3, ss: 1700
2,3,5, ss: 1600
2,5,3, ss: 1600


=== rcno: 6, nData: 204, year: 8, train_course: 0, model: 6 ===
5,2,9,10,11,6

5,2,9, ss: 2500
5,9,2, ss: 2500
2,5,9, ss: 2500
2,9,5, ss: 2500

bet: 700
9,10,11, ss: 1700
9,11,10, ss: 1700
10,9,11, ss: 1700
10,11,9, ss: 1700
11,9,10, ss: 1600
11,10,9, ss: 1600


=== rcno: 1, nData: 204, year: 8, train_course: 0, model: 6 ===
2,7,11,1,4,10

2,7,11, ss: 2500
2,11,7, ss: 2500
7,2,11, ss: 2500
7,11,2, ss: 2500

bet: 700
11,1,4, ss: 1700
11,4,1, ss: 1700
1,11,4, ss: 1700
1,4,11, ss: 1700
4,11,1, ss: 1600
4,1,11, ss: 1600


=== rcno: 2, nData: 204, year: 8, train_course: 0, model: 6 ===
4,3,11,5,10,6

4,3,11, ss: 2500
4,11,3, ss: 2500
3,4,11, ss: 2500
3,11,4, ss: 2500

bet: 700
11,5,10, ss: 1700
11,10,5, ss: 1700
5,11,10, ss: 1700
5,10,11, ss: 1700
10,11,5, ss: 1600
10,5,11, ss: 1600


=== rcno: 3, nData: 204, year: 8, train_course: 0, model: 6 ===
10,8,7,2,1,5

10,8,7, ss: 2500
10,7,8, ss: 2500
8,10,7, ss: 2500
8,7,10, ss: 2500

bet: 700
7,2,1, ss: 1700
7,1,2, ss: 1700
2,7,1, ss: 1700
2,1,7, ss: 1700
1,7,2, ss: 1600
1,2,7, ss: 1600


=== rcno: 4, nData: 204, year: 8, train_course: 0, model: 6 ===
7,8,9,10,4,2

7,8,9, ss: 2500
7,9,8, ss: 2500
8,7,9, ss: 2500
8,9,7, ss: 2500

bet: 700
9,10,4, ss: 1700
9,4,10, ss: 1700
10,9,4, ss: 1700
10,4,9, ss: 1700
4,9,10, ss: 1600
4,10,9, ss: 1600


=== rcno: 5, nData: 204, year: 8, train_course: 0, model: 6 ===
1,8,6,3,2,4

1,8,6, ss: 2500
1,6,8, ss: 2500
8,1,6, ss: 2500
8,6,1, ss: 2500

bet: 700
6,3,2, ss: 1700
6,2,3, ss: 1700
3,6,2, ss: 1700
3,2,6, ss: 1700
2,6,3, ss: 1600
2,3,6, ss: 1600


=== rcno: 6, nData: 204, year: 8, train_course: 0, model: 6 ===
5,2,9,8,10,11

5,2,9, ss: 2500
5,9,2, ss: 2500
2,5,9, ss: 2500
2,9,5, ss: 2500

bet: 700
9,8,10, ss: 1700
9,10,8, ss: 1700
8,9,10, ss: 1700
8,10,9, ss: 1700
10,9,8, ss: 1600
10,8,9, ss: 1600