


=== rcno: 1, nData: 212, year: 8, train_course: 0, model: 0 ===
2,3,4,9,7,12

2,3,4, ss: 500
2,4,3, ss: 300
3,2,4, ss: 300
3,4,2, ss: 300
4,2,3, ss: 200
4,3,2, ss: 200


=== rcno: 2, nData: 212, year: 8, train_course: 0, model: 0 ===
8,3,5,7,9,6

8,3,5, ss: 500
8,5,3, ss: 300
3,8,5, ss: 300
3,5,8, ss: 300
5,8,3, ss: 200
5,3,8, ss: 200


=== rcno: 3, nData: 212, year: 8, train_course: 0, model: 0 ===
11,4,5,9,12,7

11,4,5, ss: 500
11,5,4, ss: 300
4,11,5, ss: 300
4,5,11, ss: 300
5,11,4, ss: 200
5,4,11, ss: 200


=== rcno: 4, nData: 212, year: 8, train_course: 0, model: 0 ===
6,9,7,4,1,3

6,9,7, ss: 500
6,7,9, ss: 300
9,6,7, ss: 300
9,7,6, ss: 300
7,6,9, ss: 200
7,9,6, ss: 200


=== rcno: 5, nData: 212, year: 8, train_course: 0, model: 0 ===
4,9,7,8,5,3

4,9,7, ss: 500
4,7,9, ss: 300
9,4,7, ss: 300
9,7,4, ss: 300
7,4,9, ss: 200
7,9,4, ss: 200


=== rcno: 6, nData: 212, year: 8, train_course: 0, model: 0 ===
9,11,12,10,6,1

9,11,12, ss: 500
9,12,11, ss: 300
11,9,12, ss: 300
11,12,9, ss: 300
12,9,11, ss: 200
12,11,9, ss: 200


=== rcno: 7, nData: 212, year: 8, train_course: 0, model: 0 ===
4,5,9,7,8,10

4,5,9, ss: 500
4,9,5, ss: 300
5,4,9, ss: 300
5,9,4, ss: 300
9,4,5, ss: 200
9,5,4, ss: 200


=== rcno: 8, nData: 212, year: 8, train_course: 0, model: 0 ===
6,4,1,3,10,11

6,4,1, ss: 500
6,1,4, ss: 300
4,6,1, ss: 300
4,1,6, ss: 300
1,6,4, ss: 200
1,4,6, ss: 200


=== rcno: 9, nData: 212, year: 8, train_course: 0, model: 0 ===
3,9,10,5,6,1

3,9,10, ss: 500
3,10,9, ss: 300
9,3,10, ss: 300
9,10,3, ss: 300
10,3,9, ss: 200
10,9,3, ss: 200


=== rcno: 10, nData: 212, year: 8, train_course: 0, model: 0 ===
10,6,11,12,3,4

10,6,11, ss: 500
10,11,6, ss: 300
6,10,11, ss: 300
6,11,10, ss: 300
11,10,6, ss: 200
11,6,10, ss: 200


=== rcno: 1, nData: 212, year: 8, train_course: 0, model: 1 ===
2,9,6,12,3,5

2,9,6, ss: 500
2,6,9, ss: 300
9,2,6, ss: 300
9,6,2, ss: 300
6,2,9, ss: 200
6,9,2, ss: 200


=== rcno: 2, nData: 212, year: 8, train_course: 0, model: 1 ===
8,7,3,2,6,4

8,7,3, ss: 500
8,3,7, ss: 300
7,8,3, ss: 300
7,3,8, ss: 300
3,8,7, ss: 200
3,7,8, ss: 200


=== rcno: 3, nData: 212, year: 8, train_course: 0, model: 1 ===
11,5,4,9,7,10

11,5,4, ss: 500
11,4,5, ss: 300
5,11,4, ss: 300
5,4,11, ss: 300
4,11,5, ss: 200
4,5,11, ss: 200


=== rcno: 4, nData: 212, year: 8, train_course: 0, model: 1 ===
6,9,4,7,3,10

6,9,4, ss: 500
6,4,9, ss: 300
9,6,4, ss: 300
9,4,6, ss: 300
4,6,9, ss: 200
4,9,6, ss: 200


=== rcno: 5, nData: 212, year: 8, train_course: 0, model: 1 ===
4,3,9,2,7,12

4,3,9, ss: 500
4,9,3, ss: 300
3,4,9, ss: 300
3,9,4, ss: 300
9,4,3, ss: 200
9,3,4, ss: 200


=== rcno: 6, nData: 212, year: 8, train_course: 0, model: 1 ===
9,2,10,11,12,6

9,2,10, ss: 500
9,10,2, ss: 300
2,9,10, ss: 300
2,10,9, ss: 300
10,9,2, ss: 200
10,2,9, ss: 200


=== rcno: 7, nData: 212, year: 8, train_course: 0, model: 1 ===
4,8,9,7,2,5

4,8,9, ss: 500
4,9,8, ss: 300
8,4,9, ss: 300
8,9,4, ss: 300
9,4,8, ss: 200
9,8,4, ss: 200


=== rcno: 8, nData: 212, year: 8, train_course: 0, model: 1 ===
6,1,4,11,3,5

6,1,4, ss: 500
6,4,1, ss: 300
1,6,4, ss: 300
1,4,6, ss: 300
4,6,1, ss: 200
4,1,6, ss: 200


=== rcno: 9, nData: 212, year: 8, train_course: 0, model: 1 ===
3,6,9,11,10,5

3,6,9, ss: 500
3,9,6, ss: 300
6,3,9, ss: 300
6,9,3, ss: 300
9,3,6, ss: 200
9,6,3, ss: 200


=== rcno: 10, nData: 212, year: 8, train_course: 0, model: 1 ===
10,6,11,12,1,3

10,6,11, ss: 500
10,11,6, ss: 300
6,10,11, ss: 300
6,11,10, ss: 300
11,10,6, ss: 200
11,6,10, ss: 200


=== rcno: 1, nData: 212, year: 8, train_course: 0, model: 2 ===
2,3,4,7,6,1

2,3,4, ss: 500
2,4,3, ss: 300
3,2,4, ss: 300
3,4,2, ss: 300
4,2,3, ss: 200
4,3,2, ss: 200


=== rcno: 2, nData: 212, year: 8, train_course: 0, model: 2 ===
3,8,7,6,9,2

3,8,7, ss: 500
3,7,8, ss: 300
8,3,7, ss: 300
8,7,3, ss: 300
7,3,8, ss: 200
7,8,3, ss: 200


=== rcno: 3, nData: 212, year: 8, train_course: 0, model: 2 ===
4,11,5,7,9,12

4,11,5, ss: 500
4,5,11, ss: 300
11,4,5, ss: 300
11,5,4, ss: 300
5,4,11, ss: 200
5,11,4, ss: 200


=== rcno: 4, nData: 212, year: 8, train_course: 0, model: 2 ===
6,9,4,3,7,1

6,9,4, ss: 500
6,4,9, ss: 300
9,6,4, ss: 300
9,4,6, ss: 300
4,6,9, ss: 200
4,9,6, ss: 200


=== rcno: 5, nData: 212, year: 8, train_course: 0, model: 2 ===
4,3,2,7,8,9

4,3,2, ss: 500
4,2,3, ss: 300
3,4,2, ss: 300
3,2,4, ss: 300
2,4,3, ss: 200
2,3,4, ss: 200


=== rcno: 6, nData: 212, year: 8, train_course: 0, model: 2 ===
9,10,11,12,6,3

9,10,11, ss: 500
9,11,10, ss: 300
10,9,11, ss: 300
10,11,9, ss: 300
11,9,10, ss: 200
11,10,9, ss: 200


=== rcno: 7, nData: 212, year: 8, train_course: 0, model: 2 ===
4,9,8,12,6,5

4,9,8, ss: 500
4,8,9, ss: 300
9,4,8, ss: 300
9,8,4, ss: 300
8,4,9, ss: 200
8,9,4, ss: 200


=== rcno: 8, nData: 212, year: 8, train_course: 0, model: 2 ===
6,1,3,4,10,11

6,1,3, ss: 500
6,3,1, ss: 300
1,6,3, ss: 300
1,3,6, ss: 300
3,6,1, ss: 200
3,1,6, ss: 200


=== rcno: 9, nData: 212, year: 8, train_course: 0, model: 2 ===
3,9,10,6,5,2

3,9,10, ss: 500
3,10,9, ss: 300
9,3,10, ss: 300
9,10,3, ss: 300
10,3,9, ss: 200
10,9,3, ss: 200


=== rcno: 10, nData: 212, year: 8, train_course: 0, model: 2 ===
3,6,10,12,11,4

3,6,10, ss: 500
3,10,6, ss: 300
6,3,10, ss: 300
6,10,3, ss: 300
10,3,6, ss: 200
10,6,3, ss: 200


=== rcno: 1, nData: 212, year: 8, train_course: 0, model: 3 ===
2,3,1,12,6,9

2,3,1, ss: 500
2,1,3, ss: 300
3,2,1, ss: 300
3,1,2, ss: 300
1,2,3, ss: 200
1,3,2, ss: 200


=== rcno: 2, nData: 212, year: 8, train_course: 0, model: 3 ===
8,3,7,2,6,5

8,3,7, ss: 500
8,7,3, ss: 300
3,8,7, ss: 300
3,7,8, ss: 300
7,8,3, ss: 200
7,3,8, ss: 200


=== rcno: 3, nData: 212, year: 8, train_course: 0, model: 3 ===
11,5,4,9,7,10

11,5,4, ss: 500
11,4,5, ss: 300
5,11,4, ss: 300
5,4,11, ss: 300
4,11,5, ss: 200
4,5,11, ss: 200


=== rcno: 4, nData: 212, year: 8, train_course: 0, model: 3 ===
6,9,4,7,3,1

6,9,4, ss: 500
6,4,9, ss: 300
9,6,4, ss: 300
9,4,6, ss: 300
4,6,9, ss: 200
4,9,6, ss: 200


=== rcno: 5, nData: 212, year: 8, train_course: 0, model: 3 ===
4,9,3,2,7,8

4,9,3, ss: 500
4,3,9, ss: 300
9,4,3, ss: 300
9,3,4, ss: 300
3,4,9, ss: 200
3,9,4, ss: 200


=== rcno: 6, nData: 212, year: 8, train_course: 0, model: 3 ===
9,2,10,11,1,12

9,2,10, ss: 500
9,10,2, ss: 300
2,9,10, ss: 300
2,10,9, ss: 300
10,9,2, ss: 200
10,2,9, ss: 200


=== rcno: 7, nData: 212, year: 8, train_course: 0, model: 3 ===
4,8,9,7,2,5

4,8,9, ss: 500
4,9,8, ss: 300
8,4,9, ss: 300
8,9,4, ss: 300
9,4,8, ss: 200
9,8,4, ss: 200


=== rcno: 8, nData: 212, year: 8, train_course: 0, model: 3 ===
6,1,4,11,10,3

6,1,4, ss: 500
6,4,1, ss: 300
1,6,4, ss: 300
1,4,6, ss: 300
4,6,1, ss: 200
4,1,6, ss: 200


=== rcno: 9, nData: 212, year: 8, train_course: 0, model: 3 ===
3,9,6,10,5,11

3,9,6, ss: 500
3,6,9, ss: 300
9,3,6, ss: 300
9,6,3, ss: 300
6,3,9, ss: 200
6,9,3, ss: 200


=== rcno: 10, nData: 212, year: 8, train_course: 0, model: 3 ===
10,6,11,12,4,2

10,6,11, ss: 500
10,11,6, ss: 300
6,10,11, ss: 300
6,11,10, ss: 300
11,10,6, ss: 200
11,6,10, ss: 200


=== rcno: 1, nData: 212, year: 8, train_course: 0, model: 4 ===
3,2,4,9,6,12

3,2,4, ss: 500
3,4,2, ss: 300
2,3,4, ss: 300
2,4,3, ss: 300
4,3,2, ss: 200
4,2,3, ss: 200


=== rcno: 2, nData: 212, year: 8, train_course: 0, model: 4 ===
3,8,6,5,7,9

3,8,6, ss: 500
3,6,8, ss: 300
8,3,6, ss: 300
8,6,3, ss: 300
6,3,8, ss: 200
6,8,3, ss: 200


=== rcno: 3, nData: 212, year: 8, train_course: 0, model: 4 ===
4,11,5,12,3,9

4,11,5, ss: 500
4,5,11, ss: 300
11,4,5, ss: 300
11,5,4, ss: 300
5,4,11, ss: 200
5,11,4, ss: 200


=== rcno: 4, nData: 212, year: 8, train_course: 0, model: 4 ===
6,9,7,3,4,1

6,9,7, ss: 500
6,7,9, ss: 300
9,6,7, ss: 300
9,7,6, ss: 300
7,6,9, ss: 200
7,9,6, ss: 200


=== rcno: 5, nData: 212, year: 8, train_course: 0, model: 4 ===
4,3,9,2,7,8

4,3,9, ss: 500
4,9,3, ss: 300
3,4,9, ss: 300
3,9,4, ss: 300
9,4,3, ss: 200
9,3,4, ss: 200


=== rcno: 6, nData: 212, year: 8, train_course: 0, model: 4 ===
9,12,2,6,1,10

9,12,2, ss: 500
9,2,12, ss: 300
12,9,2, ss: 300
12,2,9, ss: 300
2,9,12, ss: 200
2,12,9, ss: 200


=== rcno: 7, nData: 212, year: 8, train_course: 0, model: 4 ===
4,8,9,5,7,12

4,8,9, ss: 500
4,9,8, ss: 300
8,4,9, ss: 300
8,9,4, ss: 300
9,4,8, ss: 200
9,8,4, ss: 200


=== rcno: 8, nData: 212, year: 8, train_course: 0, model: 4 ===
6,1,4,11,3,10

6,1,4, ss: 500
6,4,1, ss: 300
1,6,4, ss: 300
1,4,6, ss: 300
4,6,1, ss: 200
4,1,6, ss: 200


=== rcno: 9, nData: 212, year: 8, train_course: 0, model: 4 ===
3,9,5,10,6,1

3,9,5, ss: 500
3,5,9, ss: 300
9,3,5, ss: 300
9,5,3, ss: 300
5,3,9, ss: 200
5,9,3, ss: 200


=== rcno: 10, nData: 212, year: 8, train_course: 0, model: 4 ===
10,4,11,6,12,1

10,4,11, ss: 500
10,11,4, ss: 300
4,10,11, ss: 300
4,11,10, ss: 300
11,10,4, ss: 200
11,4,10, ss: 200


=== rcno: 1, nData: 212, year: 8, train_course: 0, model: 5 ===
3,2,4,6,9,12

3,2,4, ss: 500
3,4,2, ss: 300
2,3,4, ss: 300
2,4,3, ss: 300
4,3,2, ss: 200
4,2,3, ss: 200


=== rcno: 2, nData: 212, year: 8, train_course: 0, model: 5 ===
8,3,5,7,2,6

8,3,5, ss: 500
8,5,3, ss: 300
3,8,5, ss: 300
3,5,8, ss: 300
5,8,3, ss: 200
5,3,8, ss: 200


=== rcno: 3, nData: 212, year: 8, train_course: 0, model: 5 ===
4,11,5,9,12,7

4,11,5, ss: 500
4,5,11, ss: 300
11,4,5, ss: 300
11,5,4, ss: 300
5,4,11, ss: 200
5,11,4, ss: 200


=== rcno: 4, nData: 212, year: 8, train_course: 0, model: 5 ===
6,9,7,4,3,10

6,9,7, ss: 500
6,7,9, ss: 300
9,6,7, ss: 300
9,7,6, ss: 300
7,6,9, ss: 200
7,9,6, ss: 200


=== rcno: 5, nData: 212, year: 8, train_course: 0, model: 5 ===
4,3,9,7,2,5

4,3,9, ss: 500
4,9,3, ss: 300
3,4,9, ss: 300
3,9,4, ss: 300
9,4,3, ss: 200
9,3,4, ss: 200


=== rcno: 6, nData: 212, year: 8, train_course: 0, model: 5 ===
9,12,1,2,6,10

9,12,1, ss: 500
9,1,12, ss: 300
12,9,1, ss: 300
12,1,9, ss: 300
1,9,12, ss: 200
1,12,9, ss: 200


=== rcno: 7, nData: 212, year: 8, train_course: 0, model: 5 ===
4,8,9,7,5,12

4,8,9, ss: 500
4,9,8, ss: 300
8,4,9, ss: 300
8,9,4, ss: 300
9,4,8, ss: 200
9,8,4, ss: 200


=== rcno: 8, nData: 212, year: 8, train_course: 0, model: 5 ===
6,1,4,11,3,10

6,1,4, ss: 500
6,4,1, ss: 300
1,6,4, ss: 300
1,4,6, ss: 300
4,6,1, ss: 200
4,1,6, ss: 200


=== rcno: 9, nData: 212, year: 8, train_course: 0, model: 5 ===
3,9,5,10,6,1

3,9,5, ss: 500
3,5,9, ss: 300
9,3,5, ss: 300
9,5,3, ss: 300
5,3,9, ss: 200
5,9,3, ss: 200


=== rcno: 10, nData: 212, year: 8, train_course: 0, model: 5 ===
10,6,12,4,11,3

10,6,12, ss: 500
10,12,6, ss: 300
6,10,12, ss: 300
6,12,10, ss: 300
12,10,6, ss: 200
12,6,10, ss: 200


=== rcno: 1, nData: 212, year: 8, train_course: 0, model: 6 ===
2,3,4,12,6,1

2,3,4, ss: 500
2,4,3, ss: 300
3,2,4, ss: 300
3,4,2, ss: 300
4,2,3, ss: 200
4,3,2, ss: 200


=== rcno: 2, nData: 212, year: 8, train_course: 0, model: 6 ===
8,3,6,7,2,1

8,3,6, ss: 500
8,6,3, ss: 300
3,8,6, ss: 300
3,6,8, ss: 300
6,8,3, ss: 200
6,3,8, ss: 200


=== rcno: 3, nData: 212, year: 8, train_course: 0, model: 6 ===
4,11,5,12,3,7

4,11,5, ss: 500
4,5,11, ss: 300
11,4,5, ss: 300
11,5,4, ss: 300
5,4,11, ss: 200
5,11,4, ss: 200


=== rcno: 4, nData: 212, year: 8, train_course: 0, model: 6 ===
6,9,4,3,7,10

6,9,4, ss: 500
6,4,9, ss: 300
9,6,4, ss: 300
9,4,6, ss: 300
4,6,9, ss: 200
4,9,6, ss: 200


=== rcno: 5, nData: 212, year: 8, train_course: 0, model: 6 ===
4,3,2,7,9,8

4,3,2, ss: 500
4,2,3, ss: 300
3,4,2, ss: 300
3,2,4, ss: 300
2,4,3, ss: 200
2,3,4, ss: 200


=== rcno: 6, nData: 212, year: 8, train_course: 0, model: 6 ===
9,12,2,10,11,1

9,12,2, ss: 500
9,2,12, ss: 300
12,9,2, ss: 300
12,2,9, ss: 300
2,9,12, ss: 200
2,12,9, ss: 200


=== rcno: 7, nData: 212, year: 8, train_course: 0, model: 6 ===
4,8,9,7,12,5

4,8,9, ss: 500
4,9,8, ss: 300
8,4,9, ss: 300
8,9,4, ss: 300
9,4,8, ss: 200
9,8,4, ss: 200


=== rcno: 8, nData: 212, year: 8, train_course: 0, model: 6 ===
6,1,4,3,10,11

6,1,4, ss: 500
6,4,1, ss: 300
1,6,4, ss: 300
1,4,6, ss: 300
4,6,1, ss: 200
4,1,6, ss: 200


=== rcno: 9, nData: 212, year: 8, train_course: 0, model: 6 ===
3,9,10,5,6,1

3,9,10, ss: 500
3,10,9, ss: 300
9,3,10, ss: 300
9,10,3, ss: 300
10,3,9, ss: 200
10,9,3, ss: 200


=== rcno: 10, nData: 212, year: 8, train_course: 0, model: 6 ===
10,4,6,12,11,3

10,4,6, ss: 500
10,6,4, ss: 300
4,10,6, ss: 300
4,6,10, ss: 300
6,10,4, ss: 200
6,4,10, ss: 200


=== rcno: 1, nData: 212, year: 8, train_course: 0, model: 7 ===
2,12,3,6,9,1

2,12,3, ss: 500
2,3,12, ss: 300
12,2,3, ss: 300
12,3,2, ss: 300
3,2,12, ss: 200
3,12,2, ss: 200


=== rcno: 2, nData: 212, year: 8, train_course: 0, model: 7 ===
8,7,3,6,2,4

8,7,3, ss: 500
8,3,7, ss: 300
7,8,3, ss: 300
7,3,8, ss: 300
3,8,7, ss: 200
3,7,8, ss: 200


=== rcno: 3, nData: 212, year: 8, train_course: 0, model: 7 ===
4,5,11,7,9,2

4,5,11, ss: 500
4,11,5, ss: 300
5,4,11, ss: 300
5,11,4, ss: 300
11,4,5, ss: 200
11,5,4, ss: 200


=== rcno: 4, nData: 212, year: 8, train_course: 0, model: 7 ===
6,9,4,7,10,1

6,9,4, ss: 500
6,4,9, ss: 300
9,6,4, ss: 300
9,4,6, ss: 300
4,6,9, ss: 200
4,9,6, ss: 200


=== rcno: 5, nData: 212, year: 8, train_course: 0, model: 7 ===
4,3,7,8,11,9

4,3,7, ss: 500
4,7,3, ss: 300
3,4,7, ss: 300
3,7,4, ss: 300
7,4,3, ss: 200
7,3,4, ss: 200


=== rcno: 6, nData: 212, year: 8, train_course: 0, model: 7 ===
9,10,11,2,12,8

9,10,11, ss: 500
9,11,10, ss: 300
10,9,11, ss: 300
10,11,9, ss: 300
11,9,10, ss: 200
11,10,9, ss: 200


=== rcno: 7, nData: 212, year: 8, train_course: 0, model: 7 ===
4,9,7,12,8,5

4,9,7, ss: 500
4,7,9, ss: 300
9,4,7, ss: 300
9,7,4, ss: 300
7,4,9, ss: 200
7,9,4, ss: 200


=== rcno: 8, nData: 212, year: 8, train_course: 0, model: 7 ===
6,1,3,4,10,7

6,1,3, ss: 500
6,3,1, ss: 300
1,6,3, ss: 300
1,3,6, ss: 300
3,6,1, ss: 200
3,1,6, ss: 200


=== rcno: 9, nData: 212, year: 8, train_course: 0, model: 7 ===
3,9,6,11,10,7

3,9,6, ss: 500
3,6,9, ss: 300
9,3,6, ss: 300
9,6,3, ss: 300
6,3,9, ss: 200
6,9,3, ss: 200


=== rcno: 10, nData: 212, year: 8, train_course: 0, model: 7 ===
6,10,3,12,11,2

6,10,3, ss: 500
6,3,10, ss: 300
10,6,3, ss: 300
10,3,6, ss: 300
3,6,10, ss: 200
3,10,6, ss: 200


=== rcno: 1, nData: 212, year: 8, train_course: 0, model: 8 ===
2,3,9,4,6,1

2,3,9, ss: 500
2,9,3, ss: 300
3,2,9, ss: 300
3,9,2, ss: 300
9,2,3, ss: 200
9,3,2, ss: 200


=== rcno: 2, nData: 212, year: 8, train_course: 0, model: 8 ===
8,3,7,6,2,9

8,3,7, ss: 500
8,7,3, ss: 300
3,8,7, ss: 300
3,7,8, ss: 300
7,8,3, ss: 200
7,3,8, ss: 200


=== rcno: 3, nData: 212, year: 8, train_course: 0, model: 8 ===
11,4,5,9,7,10

11,4,5, ss: 500
11,5,4, ss: 300
4,11,5, ss: 300
4,5,11, ss: 300
5,11,4, ss: 200
5,4,11, ss: 200


=== rcno: 4, nData: 212, year: 8, train_course: 0, model: 8 ===
6,9,3,4,7,1

6,9,3, ss: 500
6,3,9, ss: 300
9,6,3, ss: 300
9,3,6, ss: 300
3,6,9, ss: 200
3,9,6, ss: 200


=== rcno: 5, nData: 212, year: 8, train_course: 0, model: 8 ===
4,2,9,3,7,8

4,2,9, ss: 500
4,9,2, ss: 300
2,4,9, ss: 300
2,9,4, ss: 300
9,4,2, ss: 200
9,2,4, ss: 200


=== rcno: 6, nData: 212, year: 8, train_course: 0, model: 8 ===
9,2,11,10,12,1

9,2,11, ss: 500
9,11,2, ss: 300
2,9,11, ss: 300
2,11,9, ss: 300
11,9,2, ss: 200
11,2,9, ss: 200


=== rcno: 7, nData: 212, year: 8, train_course: 0, model: 8 ===
4,8,9,5,2,6

4,8,9, ss: 500
4,9,8, ss: 300
8,4,9, ss: 300
8,9,4, ss: 300
9,4,8, ss: 200
9,8,4, ss: 200


=== rcno: 8, nData: 212, year: 8, train_course: 0, model: 8 ===
6,1,11,3,4,7

6,1,11, ss: 500
6,11,1, ss: 300
1,6,11, ss: 300
1,11,6, ss: 300
11,6,1, ss: 200
11,1,6, ss: 200


=== rcno: 9, nData: 212, year: 8, train_course: 0, model: 8 ===
3,6,9,10,11,5

3,6,9, ss: 500
3,9,6, ss: 300
6,3,9, ss: 300
6,9,3, ss: 300
9,3,6, ss: 200
9,6,3, ss: 200


=== rcno: 10, nData: 212, year: 8, train_course: 0, model: 8 ===
12,6,11,10,2,3

12,6,11, ss: 500
12,11,6, ss: 300
6,12,11, ss: 300
6,11,12, ss: 300
11,12,6, ss: 200
11,6,12, ss: 200


=== rcno: 1, nData: 212, year: 8, train_course: 0, model: 9 ===
3,2,4,7,6,10

3,2,4, ss: 500
3,4,2, ss: 300
2,3,4, ss: 300
2,4,3, ss: 300
4,3,2, ss: 200
4,2,3, ss: 200


=== rcno: 2, nData: 212, year: 8, train_course: 0, model: 9 ===
8,3,7,6,9,5

8,3,7, ss: 500
8,7,3, ss: 300
3,8,7, ss: 300
3,7,8, ss: 300
7,8,3, ss: 200
7,3,8, ss: 200


=== rcno: 3, nData: 212, year: 8, train_course: 0, model: 9 ===
4,11,5,7,9,12

4,11,5, ss: 500
4,5,11, ss: 300
11,4,5, ss: 300
11,5,4, ss: 300
5,4,11, ss: 200
5,11,4, ss: 200


=== rcno: 4, nData: 212, year: 8, train_course: 0, model: 9 ===
6,9,4,7,10,3

6,9,4, ss: 500
6,4,9, ss: 300
9,6,4, ss: 300
9,4,6, ss: 300
4,6,9, ss: 200
4,9,6, ss: 200


=== rcno: 5, nData: 212, year: 8, train_course: 0, model: 9 ===
4,7,3,8,2,9

4,7,3, ss: 500
4,3,7, ss: 300
7,4,3, ss: 300
7,3,4, ss: 300
3,4,7, ss: 200
3,7,4, ss: 200


=== rcno: 6, nData: 212, year: 8, train_course: 0, model: 9 ===
9,11,10,12,6,3

9,11,10, ss: 500
9,10,11, ss: 300
11,9,10, ss: 300
11,10,9, ss: 300
10,9,11, ss: 200
10,11,9, ss: 200


=== rcno: 7, nData: 212, year: 8, train_course: 0, model: 9 ===
9,4,7,8,2,12

9,4,7, ss: 500
9,7,4, ss: 300
4,9,7, ss: 300
4,7,9, ss: 300
7,9,4, ss: 200
7,4,9, ss: 200


=== rcno: 8, nData: 212, year: 8, train_course: 0, model: 9 ===
6,1,4,10,3,11

6,1,4, ss: 500
6,4,1, ss: 300
1,6,4, ss: 300
1,4,6, ss: 300
4,6,1, ss: 200
4,1,6, ss: 200


=== rcno: 9, nData: 212, year: 8, train_course: 0, model: 9 ===
3,10,9,6,5,11

3,10,9, ss: 500
3,9,10, ss: 300
10,3,9, ss: 300
10,9,3, ss: 300
9,3,10, ss: 200
9,10,3, ss: 200


=== rcno: 10, nData: 212, year: 8, train_course: 0, model: 9 ===
6,10,3,4,11,12

6,10,3, ss: 500
6,3,10, ss: 300
10,6,3, ss: 300
10,3,6, ss: 300
3,6,10, ss: 200
3,10,6, ss: 200


=== rcno: 1, nData: 212, year: 8, train_course: 0, model: 10 ===
2,3,4,6,9,12

2,3,4, ss: 500
2,4,3, ss: 300
3,2,4, ss: 300
3,4,2, ss: 300
4,2,3, ss: 200
4,3,2, ss: 200


=== rcno: 2, nData: 212, year: 8, train_course: 0, model: 10 ===
8,3,7,6,2,5

8,3,7, ss: 500
8,7,3, ss: 300
3,8,7, ss: 300
3,7,8, ss: 300
7,8,3, ss: 200
7,3,8, ss: 200


=== rcno: 3, nData: 212, year: 8, train_course: 0, model: 10 ===
4,11,5,9,7,12

4,11,5, ss: 500
4,5,11, ss: 300
11,4,5, ss: 300
11,5,4, ss: 300
5,4,11, ss: 200
5,11,4, ss: 200


=== rcno: 4, nData: 212, year: 8, train_course: 0, model: 10 ===
6,9,4,7,3,1

6,9,4, ss: 500
6,4,9, ss: 300
9,6,4, ss: 300
9,4,6, ss: 300
4,6,9, ss: 200
4,9,6, ss: 200


=== rcno: 5, nData: 212, year: 8, train_course: 0, model: 10 ===
4,3,9,7,2,8

4,3,9, ss: 500
4,9,3, ss: 300
3,4,9, ss: 300
3,9,4, ss: 300
9,4,3, ss: 200
9,3,4, ss: 200


=== rcno: 6, nData: 212, year: 8, train_course: 0, model: 10 ===
9,10,2,11,12,6

9,10,2, ss: 500
9,2,10, ss: 300
10,9,2, ss: 300
10,2,9, ss: 300
2,9,10, ss: 200
2,10,9, ss: 200


=== rcno: 7, nData: 212, year: 8, train_course: 0, model: 10 ===
4,8,9,7,5,2

4,8,9, ss: 500
4,9,8, ss: 300
8,4,9, ss: 300
8,9,4, ss: 300
9,4,8, ss: 200
9,8,4, ss: 200


=== rcno: 8, nData: 212, year: 8, train_course: 0, model: 10 ===
6,1,4,3,11,10

6,1,4, ss: 500
6,4,1, ss: 300
1,6,4, ss: 300
1,4,6, ss: 300
4,6,1, ss: 200
4,1,6, ss: 200


=== rcno: 9, nData: 212, year: 8, train_course: 0, model: 10 ===
3,9,6,10,5,11

3,9,6, ss: 500
3,6,9, ss: 300
9,3,6, ss: 300
9,6,3, ss: 300
6,3,9, ss: 200
6,9,3, ss: 200


=== rcno: 10, nData: 212, year: 8, train_course: 0, model: 10 ===
10,6,12,11,4,3

10,6,12, ss: 500
10,12,6, ss: 300
6,10,12, ss: 300
6,12,10, ss: 300
12,10,6, ss: 200
12,6,10, ss: 200