


=== rcno: 1, nData: 186, year: 6, train_course: 0, model: 0 ===
3,8,7,6,10,5

3,8,7, ss: 2500
3,7,8, ss: 1500
8,3,7, ss: 1500
8,7,3, ss: 1500
7,3,8, ss: 1000
7,8,3, ss: 1000


=== rcno: 2, nData: 186, year: 6, train_course: 0, model: 0 ===
4,2,3,7,8,5

4,2,3, ss: 2500
4,3,2, ss: 1500
2,4,3, ss: 1500
2,3,4, ss: 1500
3,4,2, ss: 1000
3,2,4, ss: 1000


=== rcno: 3, nData: 186, year: 6, train_course: 0, model: 0 ===
7,9,2,8,3,1

7,9,2, ss: 2500
7,2,9, ss: 1500
9,7,2, ss: 1500
9,2,7, ss: 1500
2,7,9, ss: 1000
2,9,7, ss: 1000


=== rcno: 4, nData: 186, year: 6, train_course: 0, model: 0 ===
5,9,6,7,8,2

5,9,6, ss: 2500
5,6,9, ss: 1500
9,5,6, ss: 1500
9,6,5, ss: 1500
6,5,9, ss: 1000
6,9,5, ss: 1000


=== rcno: 5, nData: 186, year: 6, train_course: 0, model: 0 ===
1,2,9,6,7,3

1,2,9, ss: 2500
1,9,2, ss: 1500
2,1,9, ss: 1500
2,9,1, ss: 1500
9,1,2, ss: 1000
9,2,1, ss: 1000


=== rcno: 6, nData: 186, year: 6, train_course: 0, model: 0 ===
6,3,5,4,8,1

6,3,5, ss: 2500
6,5,3, ss: 1500
3,6,5, ss: 1500
3,5,6, ss: 1500
5,6,3, ss: 1000
5,3,6, ss: 1000


=== rcno: 7, nData: 186, year: 6, train_course: 0, model: 0 ===
1,9,3,6,10,4

1,9,3, ss: 2500
1,3,9, ss: 1500
9,1,3, ss: 1500
9,3,1, ss: 1500
3,1,9, ss: 1000
3,9,1, ss: 1000


=== rcno: 8, nData: 186, year: 6, train_course: 0, model: 0 ===
6,9,8,3,4,7

6,9,8, ss: 2500
6,8,9, ss: 1500
9,6,8, ss: 1500
9,8,6, ss: 1500
8,6,9, ss: 1000
8,9,6, ss: 1000


=== rcno: 9, nData: 186, year: 6, train_course: 0, model: 0 ===
5,8,11,12,4,6

5,8,11, ss: 2500
5,11,8, ss: 1500
8,5,11, ss: 1500
8,11,5, ss: 1500
11,5,8, ss: 1000
11,8,5, ss: 1000


=== rcno: 10, nData: 186, year: 6, train_course: 0, model: 0 ===
10,9,3,8,1,6

10,9,3, ss: 2500
10,3,9, ss: 1500
9,10,3, ss: 1500
9,3,10, ss: 1500
3,10,9, ss: 1000
3,9,10, ss: 1000


=== rcno: 11, nData: 186, year: 6, train_course: 0, model: 0 ===
7,10,5,8,11,14

7,10,5, ss: 2500
7,5,10, ss: 1500
10,7,5, ss: 1500
10,5,7, ss: 1500
5,7,10, ss: 1000
5,10,7, ss: 1000


=== rcno: 1, nData: 186, year: 6, train_course: 0, model: 1 ===
3,8,7,6,10,4

3,8,7, ss: 2500
3,7,8, ss: 1500
8,3,7, ss: 1500
8,7,3, ss: 1500
7,3,8, ss: 1000
7,8,3, ss: 1000


=== rcno: 2, nData: 186, year: 6, train_course: 0, model: 1 ===
4,3,2,1,8,7

4,3,2, ss: 2500
4,2,3, ss: 1500
3,4,2, ss: 1500
3,2,4, ss: 1500
2,4,3, ss: 1000
2,3,4, ss: 1000


=== rcno: 3, nData: 186, year: 6, train_course: 0, model: 1 ===
7,9,1,2,3,8

7,9,1, ss: 2500
7,1,9, ss: 1500
9,7,1, ss: 1500
9,1,7, ss: 1500
1,7,9, ss: 1000
1,9,7, ss: 1000


=== rcno: 4, nData: 186, year: 6, train_course: 0, model: 1 ===
9,2,5,4,8,6

9,2,5, ss: 2500
9,5,2, ss: 1500
2,9,5, ss: 1500
2,5,9, ss: 1500
5,9,2, ss: 1000
5,2,9, ss: 1000


=== rcno: 5, nData: 186, year: 6, train_course: 0, model: 1 ===
9,6,1,7,2,11

9,6,1, ss: 2500
9,1,6, ss: 1500
6,9,1, ss: 1500
6,1,9, ss: 1500
1,9,6, ss: 1000
1,6,9, ss: 1000


=== rcno: 6, nData: 186, year: 6, train_course: 0, model: 1 ===
6,3,5,4,8,1

6,3,5, ss: 2500
6,5,3, ss: 1500
3,6,5, ss: 1500
3,5,6, ss: 1500
5,6,3, ss: 1000
5,3,6, ss: 1000


=== rcno: 7, nData: 186, year: 6, train_course: 0, model: 1 ===
1,3,9,10,4,6

1,3,9, ss: 2500
1,9,3, ss: 1500
3,1,9, ss: 1500
3,9,1, ss: 1500
9,1,3, ss: 1000
9,3,1, ss: 1000


=== rcno: 8, nData: 186, year: 6, train_course: 0, model: 1 ===
6,9,3,8,4,7

6,9,3, ss: 2500
6,3,9, ss: 1500
9,6,3, ss: 1500
9,3,6, ss: 1500
3,6,9, ss: 1000
3,9,6, ss: 1000


=== rcno: 9, nData: 186, year: 6, train_course: 0, model: 1 ===
8,5,4,11,12,6

8,5,4, ss: 2500
8,4,5, ss: 1500
5,8,4, ss: 1500
5,4,8, ss: 1500
4,8,5, ss: 1000
4,5,8, ss: 1000


=== rcno: 10, nData: 186, year: 6, train_course: 0, model: 1 ===
10,3,8,1,11,12

10,3,8, ss: 2500
10,8,3, ss: 1500
3,10,8, ss: 1500
3,8,10, ss: 1500
8,10,3, ss: 1000
8,3,10, ss: 1000


=== rcno: 11, nData: 186, year: 6, train_course: 0, model: 1 ===
7,10,5,8,11,6

7,10,5, ss: 2500
7,5,10, ss: 1500
10,7,5, ss: 1500
10,5,7, ss: 1500
5,7,10, ss: 1000
5,10,7, ss: 1000


=== rcno: 1, nData: 186, year: 6, train_course: 0, model: 2 ===
3,6,8,7,10,4

3,6,8, ss: 2500
3,8,6, ss: 1500
6,3,8, ss: 1500
6,8,3, ss: 1500
8,3,6, ss: 1000
8,6,3, ss: 1000


=== rcno: 2, nData: 186, year: 6, train_course: 0, model: 2 ===
4,3,1,2,8,5

4,3,1, ss: 2500
4,1,3, ss: 1500
3,4,1, ss: 1500
3,1,4, ss: 1500
1,4,3, ss: 1000
1,3,4, ss: 1000


=== rcno: 3, nData: 186, year: 6, train_course: 0, model: 2 ===
1,7,9,2,3,8

1,7,9, ss: 2500
1,9,7, ss: 1500
7,1,9, ss: 1500
7,9,1, ss: 1500
9,1,7, ss: 1000
9,7,1, ss: 1000


=== rcno: 4, nData: 186, year: 6, train_course: 0, model: 2 ===
5,9,2,8,6,4

5,9,2, ss: 2500
5,2,9, ss: 1500
9,5,2, ss: 1500
9,2,5, ss: 1500
2,5,9, ss: 1000
2,9,5, ss: 1000


=== rcno: 5, nData: 186, year: 6, train_course: 0, model: 2 ===
6,9,1,7,2,3

6,9,1, ss: 2500
6,1,9, ss: 1500
9,6,1, ss: 1500
9,1,6, ss: 1500
1,6,9, ss: 1000
1,9,6, ss: 1000


=== rcno: 6, nData: 186, year: 6, train_course: 0, model: 2 ===
6,3,5,8,4,1

6,3,5, ss: 2500
6,5,3, ss: 1500
3,6,5, ss: 1500
3,5,6, ss: 1500
5,6,3, ss: 1000
5,3,6, ss: 1000


=== rcno: 7, nData: 186, year: 6, train_course: 0, model: 2 ===
1,9,3,6,7,5

1,9,3, ss: 2500
1,3,9, ss: 1500
9,1,3, ss: 1500
9,3,1, ss: 1500
3,1,9, ss: 1000
3,9,1, ss: 1000


=== rcno: 8, nData: 186, year: 6, train_course: 0, model: 2 ===
6,8,3,9,4,7

6,8,3, ss: 2500
6,3,8, ss: 1500
8,6,3, ss: 1500
8,3,6, ss: 1500
3,6,8, ss: 1000
3,8,6, ss: 1000


=== rcno: 9, nData: 186, year: 6, train_course: 0, model: 2 ===
5,11,8,12,6,4

5,11,8, ss: 2500
5,8,11, ss: 1500
11,5,8, ss: 1500
11,8,5, ss: 1500
8,5,11, ss: 1000
8,11,5, ss: 1000


=== rcno: 10, nData: 186, year: 6, train_course: 0, model: 2 ===
10,1,8,3,11,12

10,1,8, ss: 2500
10,8,1, ss: 1500
1,10,8, ss: 1500
1,8,10, ss: 1500
8,10,1, ss: 1000
8,1,10, ss: 1000


=== rcno: 11, nData: 186, year: 6, train_course: 0, model: 2 ===
7,10,5,8,11,14

7,10,5, ss: 2500
7,5,10, ss: 1500
10,7,5, ss: 1500
10,5,7, ss: 1500
5,7,10, ss: 1000
5,10,7, ss: 1000


=== rcno: 1, nData: 186, year: 6, train_course: 0, model: 3 ===
3,6,8,7,10,4

3,6,8, ss: 2500
3,8,6, ss: 1500
6,3,8, ss: 1500
6,8,3, ss: 1500
8,3,6, ss: 1000
8,6,3, ss: 1000


=== rcno: 2, nData: 186, year: 6, train_course: 0, model: 3 ===
4,2,3,8,7,5

4,2,3, ss: 2500
4,3,2, ss: 1500
2,4,3, ss: 1500
2,3,4, ss: 1500
3,4,2, ss: 1000
3,2,4, ss: 1000


=== rcno: 3, nData: 186, year: 6, train_course: 0, model: 3 ===
7,9,8,2,3,1

7,9,8, ss: 2500
7,8,9, ss: 1500
9,7,8, ss: 1500
9,8,7, ss: 1500
8,7,9, ss: 1000
8,9,7, ss: 1000


=== rcno: 4, nData: 186, year: 6, train_course: 0, model: 3 ===
5,6,7,9,8,2

5,6,7, ss: 2500
5,7,6, ss: 1500
6,5,7, ss: 1500
6,7,5, ss: 1500
7,5,6, ss: 1000
7,6,5, ss: 1000


=== rcno: 5, nData: 186, year: 6, train_course: 0, model: 3 ===
1,6,2,9,7,3

1,6,2, ss: 2500
1,2,6, ss: 1500
6,1,2, ss: 1500
6,2,1, ss: 1500
2,1,6, ss: 1000
2,6,1, ss: 1000


=== rcno: 6, nData: 186, year: 6, train_course: 0, model: 3 ===
6,3,5,4,8,7

6,3,5, ss: 2500
6,5,3, ss: 1500
3,6,5, ss: 1500
3,5,6, ss: 1500
5,6,3, ss: 1000
5,3,6, ss: 1000


=== rcno: 7, nData: 186, year: 6, train_course: 0, model: 3 ===
1,9,3,6,5,4

1,9,3, ss: 2500
1,3,9, ss: 1500
9,1,3, ss: 1500
9,3,1, ss: 1500
3,1,9, ss: 1000
3,9,1, ss: 1000


=== rcno: 8, nData: 186, year: 6, train_course: 0, model: 3 ===
6,9,8,3,4,7

6,9,8, ss: 2500
6,8,9, ss: 1500
9,6,8, ss: 1500
9,8,6, ss: 1500
8,6,9, ss: 1000
8,9,6, ss: 1000


=== rcno: 9, nData: 186, year: 6, train_course: 0, model: 3 ===
8,11,5,12,4,6

8,11,5, ss: 2500
8,5,11, ss: 1500
11,8,5, ss: 1500
11,5,8, ss: 1500
5,8,11, ss: 1000
5,11,8, ss: 1000


=== rcno: 10, nData: 186, year: 6, train_course: 0, model: 3 ===
10,3,1,8,9,13

10,3,1, ss: 2500
10,1,3, ss: 1500
3,10,1, ss: 1500
3,1,10, ss: 1500
1,10,3, ss: 1000
1,3,10, ss: 1000


=== rcno: 11, nData: 186, year: 6, train_course: 0, model: 3 ===
7,10,5,8,11,14

7,10,5, ss: 2500
7,5,10, ss: 1500
10,7,5, ss: 1500
10,5,7, ss: 1500
5,7,10, ss: 1000
5,10,7, ss: 1000


=== rcno: 1, nData: 186, year: 6, train_course: 0, model: 4 ===
3,8,7,6,5,4

3,8,7, ss: 2500
3,7,8, ss: 1500
8,3,7, ss: 1500
8,7,3, ss: 1500
7,3,8, ss: 1000
7,8,3, ss: 1000


=== rcno: 2, nData: 186, year: 6, train_course: 0, model: 4 ===
4,3,2,5,8,7

4,3,2, ss: 2500
4,2,3, ss: 1500
3,4,2, ss: 1500
3,2,4, ss: 1500
2,4,3, ss: 1000
2,3,4, ss: 1000


=== rcno: 3, nData: 186, year: 6, train_course: 0, model: 4 ===
9,7,2,1,3,8

9,7,2, ss: 2500
9,2,7, ss: 1500
7,9,2, ss: 1500
7,2,9, ss: 1500
2,9,7, ss: 1000
2,7,9, ss: 1000


=== rcno: 4, nData: 186, year: 6, train_course: 0, model: 4 ===
9,5,6,2,4,1

9,5,6, ss: 2500
9,6,5, ss: 1500
5,9,6, ss: 1500
5,6,9, ss: 1500
6,9,5, ss: 1000
6,5,9, ss: 1000


=== rcno: 5, nData: 186, year: 6, train_course: 0, model: 4 ===
1,2,9,6,11,7

1,2,9, ss: 2500
1,9,2, ss: 1500
2,1,9, ss: 1500
2,9,1, ss: 1500
9,1,2, ss: 1000
9,2,1, ss: 1000


=== rcno: 6, nData: 186, year: 6, train_course: 0, model: 4 ===
6,5,3,1,8,4

6,5,3, ss: 2500
6,3,5, ss: 1500
5,6,3, ss: 1500
5,3,6, ss: 1500
3,6,5, ss: 1000
3,5,6, ss: 1000


=== rcno: 7, nData: 186, year: 6, train_course: 0, model: 4 ===
1,3,9,6,2,4

1,3,9, ss: 2500
1,9,3, ss: 1500
3,1,9, ss: 1500
3,9,1, ss: 1500
9,1,3, ss: 1000
9,3,1, ss: 1000


=== rcno: 8, nData: 186, year: 6, train_course: 0, model: 4 ===
6,9,8,3,4,7

6,9,8, ss: 2500
6,8,9, ss: 1500
9,6,8, ss: 1500
9,8,6, ss: 1500
8,6,9, ss: 1000
8,9,6, ss: 1000


=== rcno: 9, nData: 186, year: 6, train_course: 0, model: 4 ===
5,11,12,8,4,6

5,11,12, ss: 2500
5,12,11, ss: 1500
11,5,12, ss: 1500
11,12,5, ss: 1500
12,5,11, ss: 1000
12,11,5, ss: 1000


=== rcno: 10, nData: 186, year: 6, train_course: 0, model: 4 ===
10,1,3,9,12,11

10,1,3, ss: 2500
10,3,1, ss: 1500
1,10,3, ss: 1500
1,3,10, ss: 1500
3,10,1, ss: 1000
3,1,10, ss: 1000


=== rcno: 11, nData: 186, year: 6, train_course: 0, model: 4 ===
7,10,5,8,14,6

7,10,5, ss: 2500
7,5,10, ss: 1500
10,7,5, ss: 1500
10,5,7, ss: 1500
5,7,10, ss: 1000
5,10,7, ss: 1000


=== rcno: 1, nData: 186, year: 6, train_course: 0, model: 5 ===
3,8,7,6,5,4

3,8,7, ss: 2500
3,7,8, ss: 1500
8,3,7, ss: 1500
8,7,3, ss: 1500
7,3,8, ss: 1000
7,8,3, ss: 1000


=== rcno: 2, nData: 186, year: 6, train_course: 0, model: 5 ===
4,2,3,5,8,7

4,2,3, ss: 2500
4,3,2, ss: 1500
2,4,3, ss: 1500
2,3,4, ss: 1500
3,4,2, ss: 1000
3,2,4, ss: 1000


=== rcno: 3, nData: 186, year: 6, train_course: 0, model: 5 ===
7,9,2,3,8,1

7,9,2, ss: 2500
7,2,9, ss: 1500
9,7,2, ss: 1500
9,2,7, ss: 1500
2,7,9, ss: 1000
2,9,7, ss: 1000


=== rcno: 4, nData: 186, year: 6, train_course: 0, model: 5 ===
5,9,2,6,4,7

5,9,2, ss: 2500
5,2,9, ss: 1500
9,5,2, ss: 1500
9,2,5, ss: 1500
2,5,9, ss: 1000
2,9,5, ss: 1000


=== rcno: 5, nData: 186, year: 6, train_course: 0, model: 5 ===
1,2,9,6,3,7

1,2,9, ss: 2500
1,9,2, ss: 1500
2,1,9, ss: 1500
2,9,1, ss: 1500
9,1,2, ss: 1000
9,2,1, ss: 1000


=== rcno: 6, nData: 186, year: 6, train_course: 0, model: 5 ===
6,5,3,8,1,4

6,5,3, ss: 2500
6,3,5, ss: 1500
5,6,3, ss: 1500
5,3,6, ss: 1500
3,6,5, ss: 1000
3,5,6, ss: 1000


=== rcno: 7, nData: 186, year: 6, train_course: 0, model: 5 ===
1,9,3,6,2,4

1,9,3, ss: 2500
1,3,9, ss: 1500
9,1,3, ss: 1500
9,3,1, ss: 1500
3,1,9, ss: 1000
3,9,1, ss: 1000


=== rcno: 8, nData: 186, year: 6, train_course: 0, model: 5 ===
6,9,8,3,4,7

6,9,8, ss: 2500
6,8,9, ss: 1500
9,6,8, ss: 1500
9,8,6, ss: 1500
8,6,9, ss: 1000
8,9,6, ss: 1000


=== rcno: 9, nData: 186, year: 6, train_course: 0, model: 5 ===
5,11,8,12,4,6

5,11,8, ss: 2500
5,8,11, ss: 1500
11,5,8, ss: 1500
11,8,5, ss: 1500
8,5,11, ss: 1000
8,11,5, ss: 1000


=== rcno: 10, nData: 186, year: 6, train_course: 0, model: 5 ===
10,1,9,3,4,8

10,1,9, ss: 2500
10,9,1, ss: 1500
1,10,9, ss: 1500
1,9,10, ss: 1500
9,10,1, ss: 1000
9,1,10, ss: 1000


=== rcno: 11, nData: 186, year: 6, train_course: 0, model: 5 ===
7,10,5,8,14,11

7,10,5, ss: 2500
7,5,10, ss: 1500
10,7,5, ss: 1500
10,5,7, ss: 1500
5,7,10, ss: 1000
5,10,7, ss: 1000


=== rcno: 1, nData: 186, year: 6, train_course: 0, model: 6 ===
8,3,7,6,10,5

8,3,7, ss: 2500
8,7,3, ss: 1500
3,8,7, ss: 1500
3,7,8, ss: 1500
7,8,3, ss: 1000
7,3,8, ss: 1000


=== rcno: 2, nData: 186, year: 6, train_course: 0, model: 6 ===
4,7,2,3,8,1

4,7,2, ss: 2500
4,2,7, ss: 1500
7,4,2, ss: 1500
7,2,4, ss: 1500
2,4,7, ss: 1000
2,7,4, ss: 1000


=== rcno: 3, nData: 186, year: 6, train_course: 0, model: 6 ===
9,7,2,3,8,1

9,7,2, ss: 2500
9,2,7, ss: 1500
7,9,2, ss: 1500
7,2,9, ss: 1500
2,9,7, ss: 1000
2,7,9, ss: 1000


=== rcno: 4, nData: 186, year: 6, train_course: 0, model: 6 ===
5,9,6,2,4,1

5,9,6, ss: 2500
5,6,9, ss: 1500
9,5,6, ss: 1500
9,6,5, ss: 1500
6,5,9, ss: 1000
6,9,5, ss: 1000


=== rcno: 5, nData: 186, year: 6, train_course: 0, model: 6 ===
9,2,1,7,6,3

9,2,1, ss: 2500
9,1,2, ss: 1500
2,9,1, ss: 1500
2,1,9, ss: 1500
1,9,2, ss: 1000
1,2,9, ss: 1000


=== rcno: 6, nData: 186, year: 6, train_course: 0, model: 6 ===
6,5,4,3,1,8

6,5,4, ss: 2500
6,4,5, ss: 1500
5,6,4, ss: 1500
5,4,6, ss: 1500
4,6,5, ss: 1000
4,5,6, ss: 1000


=== rcno: 7, nData: 186, year: 6, train_course: 0, model: 6 ===
1,9,3,10,4,5

1,9,3, ss: 2500
1,3,9, ss: 1500
9,1,3, ss: 1500
9,3,1, ss: 1500
3,1,9, ss: 1000
3,9,1, ss: 1000


=== rcno: 8, nData: 186, year: 6, train_course: 0, model: 6 ===
6,9,8,3,4,7

6,9,8, ss: 2500
6,8,9, ss: 1500
9,6,8, ss: 1500
9,8,6, ss: 1500
8,6,9, ss: 1000
8,9,6, ss: 1000


=== rcno: 9, nData: 186, year: 6, train_course: 0, model: 6 ===
5,11,4,8,12,6

5,11,4, ss: 2500
5,4,11, ss: 1500
11,5,4, ss: 1500
11,4,5, ss: 1500
4,5,11, ss: 1000
4,11,5, ss: 1000


=== rcno: 10, nData: 186, year: 6, train_course: 0, model: 6 ===
10,3,9,8,1,11

10,3,9, ss: 2500
10,9,3, ss: 1500
3,10,9, ss: 1500
3,9,10, ss: 1500
9,10,3, ss: 1000
9,3,10, ss: 1000


=== rcno: 11, nData: 186, year: 6, train_course: 0, model: 6 ===
7,10,5,8,11,14

7,10,5, ss: 2500
7,5,10, ss: 1500
10,7,5, ss: 1500
10,5,7, ss: 1500
5,7,10, ss: 1000
5,10,7, ss: 1000


=== rcno: 1, nData: 186, year: 6, train_course: 0, model: 7 ===
3,8,7,6,4,5

3,8,7, ss: 2500
3,7,8, ss: 1500
8,3,7, ss: 1500
8,7,3, ss: 1500
7,3,8, ss: 1000
7,8,3, ss: 1000


=== rcno: 2, nData: 186, year: 6, train_course: 0, model: 7 ===
4,3,2,8,7,6

4,3,2, ss: 2500
4,2,3, ss: 1500
3,4,2, ss: 1500
3,2,4, ss: 1500
2,4,3, ss: 1000
2,3,4, ss: 1000


=== rcno: 3, nData: 186, year: 6, train_course: 0, model: 7 ===
7,9,2,8,1,3

7,9,2, ss: 2500
7,2,9, ss: 1500
9,7,2, ss: 1500
9,2,7, ss: 1500
2,7,9, ss: 1000
2,9,7, ss: 1000


=== rcno: 4, nData: 186, year: 6, train_course: 0, model: 7 ===
5,9,6,7,2,1

5,9,6, ss: 2500
5,6,9, ss: 1500
9,5,6, ss: 1500
9,6,5, ss: 1500
6,5,9, ss: 1000
6,9,5, ss: 1000


=== rcno: 5, nData: 186, year: 6, train_course: 0, model: 7 ===
1,9,6,2,7,3

1,9,6, ss: 2500
1,6,9, ss: 1500
9,1,6, ss: 1500
9,6,1, ss: 1500
6,1,9, ss: 1000
6,9,1, ss: 1000


=== rcno: 6, nData: 186, year: 6, train_course: 0, model: 7 ===
6,5,3,4,8,1

6,5,3, ss: 2500
6,3,5, ss: 1500
5,6,3, ss: 1500
5,3,6, ss: 1500
3,6,5, ss: 1000
3,5,6, ss: 1000


=== rcno: 7, nData: 186, year: 6, train_course: 0, model: 7 ===
1,9,3,6,5,4

1,9,3, ss: 2500
1,3,9, ss: 1500
9,1,3, ss: 1500
9,3,1, ss: 1500
3,1,9, ss: 1000
3,9,1, ss: 1000


=== rcno: 8, nData: 186, year: 6, train_course: 0, model: 7 ===
6,9,8,3,4,1

6,9,8, ss: 2500
6,8,9, ss: 1500
9,6,8, ss: 1500
9,8,6, ss: 1500
8,6,9, ss: 1000
8,9,6, ss: 1000


=== rcno: 9, nData: 186, year: 6, train_course: 0, model: 7 ===
8,5,11,12,4,6

8,5,11, ss: 2500
8,11,5, ss: 1500
5,8,11, ss: 1500
5,11,8, ss: 1500
11,8,5, ss: 1000
11,5,8, ss: 1000


=== rcno: 10, nData: 186, year: 6, train_course: 0, model: 7 ===
1,10,3,8,9,11

1,10,3, ss: 2500
1,3,10, ss: 1500
10,1,3, ss: 1500
10,3,1, ss: 1500
3,1,10, ss: 1000
3,10,1, ss: 1000


=== rcno: 11, nData: 186, year: 6, train_course: 0, model: 7 ===
7,10,5,8,11,6

7,10,5, ss: 2500
7,5,10, ss: 1500
10,7,5, ss: 1500
10,5,7, ss: 1500
5,7,10, ss: 1000
5,10,7, ss: 1000


=== rcno: 1, nData: 186, year: 6, train_course: 0, model: 8 ===
3,8,7,6,10,5

3,8,7, ss: 2500
3,7,8, ss: 1500
8,3,7, ss: 1500
8,7,3, ss: 1500
7,3,8, ss: 1000
7,8,3, ss: 1000


=== rcno: 2, nData: 186, year: 6, train_course: 0, model: 8 ===
4,2,3,7,8,5

4,2,3, ss: 2500
4,3,2, ss: 1500
2,4,3, ss: 1500
2,3,4, ss: 1500
3,4,2, ss: 1000
3,2,4, ss: 1000


=== rcno: 3, nData: 186, year: 6, train_course: 0, model: 8 ===
7,9,2,8,3,1

7,9,2, ss: 2500
7,2,9, ss: 1500
9,7,2, ss: 1500
9,2,7, ss: 1500
2,7,9, ss: 1000
2,9,7, ss: 1000


=== rcno: 4, nData: 186, year: 6, train_course: 0, model: 8 ===
5,9,6,7,2,8

5,9,6, ss: 2500
5,6,9, ss: 1500
9,5,6, ss: 1500
9,6,5, ss: 1500
6,5,9, ss: 1000
6,9,5, ss: 1000


=== rcno: 5, nData: 186, year: 6, train_course: 0, model: 8 ===
9,2,1,6,7,3

9,2,1, ss: 2500
9,1,2, ss: 1500
2,9,1, ss: 1500
2,1,9, ss: 1500
1,9,2, ss: 1000
1,2,9, ss: 1000


=== rcno: 6, nData: 186, year: 6, train_course: 0, model: 8 ===
6,5,3,4,8,1

6,5,3, ss: 2500
6,3,5, ss: 1500
5,6,3, ss: 1500
5,3,6, ss: 1500
3,6,5, ss: 1000
3,5,6, ss: 1000


=== rcno: 7, nData: 186, year: 6, train_course: 0, model: 8 ===
1,9,3,10,4,6

1,9,3, ss: 2500
1,3,9, ss: 1500
9,1,3, ss: 1500
9,3,1, ss: 1500
3,1,9, ss: 1000
3,9,1, ss: 1000


=== rcno: 8, nData: 186, year: 6, train_course: 0, model: 8 ===
6,9,8,3,4,7

6,9,8, ss: 2500
6,8,9, ss: 1500
9,6,8, ss: 1500
9,8,6, ss: 1500
8,6,9, ss: 1000
8,9,6, ss: 1000


=== rcno: 9, nData: 186, year: 6, train_course: 0, model: 8 ===
8,5,4,12,11,6

8,5,4, ss: 2500
8,4,5, ss: 1500
5,8,4, ss: 1500
5,4,8, ss: 1500
4,8,5, ss: 1000
4,5,8, ss: 1000


=== rcno: 10, nData: 186, year: 6, train_course: 0, model: 8 ===
10,8,3,1,9,13

10,8,3, ss: 2500
10,3,8, ss: 1500
8,10,3, ss: 1500
8,3,10, ss: 1500
3,10,8, ss: 1000
3,8,10, ss: 1000


=== rcno: 11, nData: 186, year: 6, train_course: 0, model: 8 ===
7,10,5,8,11,14

7,10,5, ss: 2500
7,5,10, ss: 1500
10,7,5, ss: 1500
10,5,7, ss: 1500
5,7,10, ss: 1000
5,10,7, ss: 1000


=== rcno: 1, nData: 186, year: 6, train_course: 0, model: 9 ===
3,6,7,8,4,5

3,6,7, ss: 2500
3,7,6, ss: 1500
6,3,7, ss: 1500
6,7,3, ss: 1500
7,3,6, ss: 1000
7,6,3, ss: 1000


=== rcno: 2, nData: 186, year: 6, train_course: 0, model: 9 ===
4,2,3,8,1,6

4,2,3, ss: 2500
4,3,2, ss: 1500
2,4,3, ss: 1500
2,3,4, ss: 1500
3,4,2, ss: 1000
3,2,4, ss: 1000


=== rcno: 3, nData: 186, year: 6, train_course: 0, model: 9 ===
7,8,2,9,1,3

7,8,2, ss: 2500
7,2,8, ss: 1500
8,7,2, ss: 1500
8,2,7, ss: 1500
2,7,8, ss: 1000
2,8,7, ss: 1000


=== rcno: 4, nData: 186, year: 6, train_course: 0, model: 9 ===
5,6,7,9,8,2

5,6,7, ss: 2500
5,7,6, ss: 1500
6,5,7, ss: 1500
6,7,5, ss: 1500
7,5,6, ss: 1000
7,6,5, ss: 1000


=== rcno: 5, nData: 186, year: 6, train_course: 0, model: 9 ===
1,6,9,2,7,11

1,6,9, ss: 2500
1,9,6, ss: 1500
6,1,9, ss: 1500
6,9,1, ss: 1500
9,1,6, ss: 1000
9,6,1, ss: 1000


=== rcno: 6, nData: 186, year: 6, train_course: 0, model: 9 ===
3,6,5,8,7,4

3,6,5, ss: 2500
3,5,6, ss: 1500
6,3,5, ss: 1500
6,5,3, ss: 1500
5,3,6, ss: 1000
5,6,3, ss: 1000


=== rcno: 7, nData: 186, year: 6, train_course: 0, model: 9 ===
1,6,9,5,7,3

1,6,9, ss: 2500
1,9,6, ss: 1500
6,1,9, ss: 1500
6,9,1, ss: 1500
9,1,6, ss: 1000
9,6,1, ss: 1000


=== rcno: 8, nData: 186, year: 6, train_course: 0, model: 9 ===
6,9,8,3,4,1

6,9,8, ss: 2500
6,8,9, ss: 1500
9,6,8, ss: 1500
9,8,6, ss: 1500
8,6,9, ss: 1000
8,9,6, ss: 1000


=== rcno: 9, nData: 186, year: 6, train_course: 0, model: 9 ===
8,5,11,12,6,4

8,5,11, ss: 2500
8,11,5, ss: 1500
5,8,11, ss: 1500
5,11,8, ss: 1500
11,8,5, ss: 1000
11,5,8, ss: 1000


=== rcno: 10, nData: 186, year: 6, train_course: 0, model: 9 ===
1,10,3,8,5,13

1,10,3, ss: 2500
1,3,10, ss: 1500
10,1,3, ss: 1500
10,3,1, ss: 1500
3,1,10, ss: 1000
3,10,1, ss: 1000


=== rcno: 11, nData: 186, year: 6, train_course: 0, model: 9 ===
7,10,5,8,11,6

7,10,5, ss: 2500
7,5,10, ss: 1500
10,7,5, ss: 1500
10,5,7, ss: 1500
5,7,10, ss: 1000
5,10,7, ss: 1000


=== rcno: 1, nData: 186, year: 6, train_course: 0, model: 10 ===
3,8,6,7,5,10

3,8,6, ss: 2500
3,6,8, ss: 1500
8,3,6, ss: 1500
8,6,3, ss: 1500
6,3,8, ss: 1000
6,8,3, ss: 1000


=== rcno: 2, nData: 186, year: 6, train_course: 0, model: 10 ===
4,3,2,8,1,7

4,3,2, ss: 2500
4,2,3, ss: 1500
3,4,2, ss: 1500
3,2,4, ss: 1500
2,4,3, ss: 1000
2,3,4, ss: 1000


=== rcno: 3, nData: 186, year: 6, train_course: 0, model: 10 ===
7,9,2,8,1,3

7,9,2, ss: 2500
7,2,9, ss: 1500
9,7,2, ss: 1500
9,2,7, ss: 1500
2,7,9, ss: 1000
2,9,7, ss: 1000


=== rcno: 4, nData: 186, year: 6, train_course: 0, model: 10 ===
5,9,6,2,8,7

5,9,6, ss: 2500
5,6,9, ss: 1500
9,5,6, ss: 1500
9,6,5, ss: 1500
6,5,9, ss: 1000
6,9,5, ss: 1000


=== rcno: 5, nData: 186, year: 6, train_course: 0, model: 10 ===
1,9,6,2,7,3

1,9,6, ss: 2500
1,6,9, ss: 1500
9,1,6, ss: 1500
9,6,1, ss: 1500
6,1,9, ss: 1000
6,9,1, ss: 1000


=== rcno: 6, nData: 186, year: 6, train_course: 0, model: 10 ===
6,3,5,8,4,1

6,3,5, ss: 2500
6,5,3, ss: 1500
3,6,5, ss: 1500
3,5,6, ss: 1500
5,6,3, ss: 1000
5,3,6, ss: 1000


=== rcno: 7, nData: 186, year: 6, train_course: 0, model: 10 ===
1,9,3,6,5,4

1,9,3, ss: 2500
1,3,9, ss: 1500
9,1,3, ss: 1500
9,3,1, ss: 1500
3,1,9, ss: 1000
3,9,1, ss: 1000


=== rcno: 8, nData: 186, year: 6, train_course: 0, model: 10 ===
6,9,8,3,4,7

6,9,8, ss: 2500
6,8,9, ss: 1500
9,6,8, ss: 1500
9,8,6, ss: 1500
8,6,9, ss: 1000
8,9,6, ss: 1000


=== rcno: 9, nData: 186, year: 6, train_course: 0, model: 10 ===
5,8,11,12,4,6

5,8,11, ss: 2500
5,11,8, ss: 1500
8,5,11, ss: 1500
8,11,5, ss: 1500
11,5,8, ss: 1000
11,8,5, ss: 1000


=== rcno: 10, nData: 186, year: 6, train_course: 0, model: 10 ===
10,1,3,8,9,11

10,1,3, ss: 2500
10,3,1, ss: 1500
1,10,3, ss: 1500
1,3,10, ss: 1500
3,10,1, ss: 1000
3,1,10, ss: 1000


=== rcno: 11, nData: 186, year: 6, train_course: 0, model: 10 ===
7,10,5,8,11,14

7,10,5, ss: 2500
7,5,10, ss: 1500
10,7,5, ss: 1500
10,5,7, ss: 1500
5,7,10, ss: 1000
5,10,7, ss: 1000