


=== rcno: 1, nData: 186, year: 6, train_course: 0, model: 0 ===
5,8,1,9,10,7

5,8,1, ss: 2500
5,1,8, ss: 1500
8,5,1, ss: 1500
8,1,5, ss: 1500
1,5,8, ss: 1000
1,8,5, ss: 1000


=== rcno: 2, nData: 186, year: 6, train_course: 0, model: 0 ===
10,1,4,2,5,3

10,1,4, ss: 2500
10,4,1, ss: 1500
1,10,4, ss: 1500
1,4,10, ss: 1500
4,10,1, ss: 1000
4,1,10, ss: 1000


=== rcno: 3, nData: 186, year: 6, train_course: 0, model: 0 ===
1,3,2,5,7,9

1,3,2, ss: 2500
1,2,3, ss: 1500
3,1,2, ss: 1500
3,2,1, ss: 1500
2,1,3, ss: 1000
2,3,1, ss: 1000


=== rcno: 4, nData: 186, year: 6, train_course: 0, model: 0 ===
3,11,2,1,6,5

3,11,2, ss: 2500
3,2,11, ss: 1500
11,3,2, ss: 1500
11,2,3, ss: 1500
2,3,11, ss: 1000
2,11,3, ss: 1000


=== rcno: 5, nData: 186, year: 6, train_course: 0, model: 0 ===
10,2,11,9,5,4

10,2,11, ss: 2500
10,11,2, ss: 1500
2,10,11, ss: 1500
2,11,10, ss: 1500
11,10,2, ss: 1000
11,2,10, ss: 1000


=== rcno: 6, nData: 186, year: 6, train_course: 0, model: 0 ===
11,7,4,6,8,1

11,7,4, ss: 2500
11,4,7, ss: 1500
7,11,4, ss: 1500
7,4,11, ss: 1500
4,11,7, ss: 1000
4,7,11, ss: 1000


=== rcno: 7, nData: 186, year: 6, train_course: 0, model: 0 ===
10,4,1,11,3,9

10,4,1, ss: 2500
10,1,4, ss: 1500
4,10,1, ss: 1500
4,1,10, ss: 1500
1,10,4, ss: 1000
1,4,10, ss: 1000


=== rcno: 8, nData: 186, year: 6, train_course: 0, model: 0 ===
10,1,4,8,9,2

10,1,4, ss: 2500
10,4,1, ss: 1500
1,10,4, ss: 1500
1,4,10, ss: 1500
4,10,1, ss: 1000
4,1,10, ss: 1000


=== rcno: 9, nData: 186, year: 6, train_course: 0, model: 0 ===
12,10,9,11,6,3

12,10,9, ss: 2500
12,9,10, ss: 1500
10,12,9, ss: 1500
10,9,12, ss: 1500
9,12,10, ss: 1000
9,10,12, ss: 1000


=== rcno: 10, nData: 186, year: 6, train_course: 0, model: 0 ===
12,3,8,9,13,5

12,3,8, ss: 2500
12,8,3, ss: 1500
3,12,8, ss: 1500
3,8,12, ss: 1500
8,12,3, ss: 1000
8,3,12, ss: 1000


=== rcno: 11, nData: 186, year: 6, train_course: 0, model: 0 ===
1,5,10,7,3,6

1,5,10, ss: 2500
1,10,5, ss: 1500
5,1,10, ss: 1500
5,10,1, ss: 1500
10,1,5, ss: 1000
10,5,1, ss: 1000


=== rcno: 1, nData: 186, year: 6, train_course: 0, model: 1 ===
5,8,1,7,9,2

5,8,1, ss: 2500
5,1,8, ss: 1500
8,5,1, ss: 1500
8,1,5, ss: 1500
1,5,8, ss: 1000
1,8,5, ss: 1000


=== rcno: 2, nData: 186, year: 6, train_course: 0, model: 1 ===
10,4,1,9,2,3

10,4,1, ss: 2500
10,1,4, ss: 1500
4,10,1, ss: 1500
4,1,10, ss: 1500
1,10,4, ss: 1000
1,4,10, ss: 1000


=== rcno: 3, nData: 186, year: 6, train_course: 0, model: 1 ===
1,3,2,5,7,4

1,3,2, ss: 2500
1,2,3, ss: 1500
3,1,2, ss: 1500
3,2,1, ss: 1500
2,1,3, ss: 1000
2,3,1, ss: 1000


=== rcno: 4, nData: 186, year: 6, train_course: 0, model: 1 ===
3,11,2,1,5,6

3,11,2, ss: 2500
3,2,11, ss: 1500
11,3,2, ss: 1500
11,2,3, ss: 1500
2,3,11, ss: 1000
2,11,3, ss: 1000


=== rcno: 5, nData: 186, year: 6, train_course: 0, model: 1 ===
10,11,2,9,4,5

10,11,2, ss: 2500
10,2,11, ss: 1500
11,10,2, ss: 1500
11,2,10, ss: 1500
2,10,11, ss: 1000
2,11,10, ss: 1000


=== rcno: 6, nData: 186, year: 6, train_course: 0, model: 1 ===
11,7,8,4,6,1

11,7,8, ss: 2500
11,8,7, ss: 1500
7,11,8, ss: 1500
7,8,11, ss: 1500
8,11,7, ss: 1000
8,7,11, ss: 1000


=== rcno: 7, nData: 186, year: 6, train_course: 0, model: 1 ===
10,4,1,3,11,9

10,4,1, ss: 2500
10,1,4, ss: 1500
4,10,1, ss: 1500
4,1,10, ss: 1500
1,10,4, ss: 1000
1,4,10, ss: 1000


=== rcno: 8, nData: 186, year: 6, train_course: 0, model: 1 ===
10,9,1,4,8,2

10,9,1, ss: 2500
10,1,9, ss: 1500
9,10,1, ss: 1500
9,1,10, ss: 1500
1,10,9, ss: 1000
1,9,10, ss: 1000


=== rcno: 9, nData: 186, year: 6, train_course: 0, model: 1 ===
12,10,9,11,6,3

12,10,9, ss: 2500
12,9,10, ss: 1500
10,12,9, ss: 1500
10,9,12, ss: 1500
9,12,10, ss: 1000
9,10,12, ss: 1000


=== rcno: 10, nData: 186, year: 6, train_course: 0, model: 1 ===
8,12,5,3,13,6

8,12,5, ss: 2500
8,5,12, ss: 1500
12,8,5, ss: 1500
12,5,8, ss: 1500
5,8,12, ss: 1000
5,12,8, ss: 1000


=== rcno: 11, nData: 186, year: 6, train_course: 0, model: 1 ===
1,5,10,3,6,4

1,5,10, ss: 2500
1,10,5, ss: 1500
5,1,10, ss: 1500
5,10,1, ss: 1500
10,1,5, ss: 1000
10,5,1, ss: 1000


=== rcno: 1, nData: 186, year: 6, train_course: 0, model: 2 ===
5,8,1,9,7,10

5,8,1, ss: 2500
5,1,8, ss: 1500
8,5,1, ss: 1500
8,1,5, ss: 1500
1,5,8, ss: 1000
1,8,5, ss: 1000


=== rcno: 2, nData: 186, year: 6, train_course: 0, model: 2 ===
2,10,4,1,9,3

2,10,4, ss: 2500
2,4,10, ss: 1500
10,2,4, ss: 1500
10,4,2, ss: 1500
4,2,10, ss: 1000
4,10,2, ss: 1000


=== rcno: 3, nData: 186, year: 6, train_course: 0, model: 2 ===
1,3,2,5,7,9

1,3,2, ss: 2500
1,2,3, ss: 1500
3,1,2, ss: 1500
3,2,1, ss: 1500
2,1,3, ss: 1000
2,3,1, ss: 1000


=== rcno: 4, nData: 186, year: 6, train_course: 0, model: 2 ===
3,11,1,2,5,6

3,11,1, ss: 2500
3,1,11, ss: 1500
11,3,1, ss: 1500
11,1,3, ss: 1500
1,3,11, ss: 1000
1,11,3, ss: 1000


=== rcno: 5, nData: 186, year: 6, train_course: 0, model: 2 ===
10,2,11,5,4,9

10,2,11, ss: 2500
10,11,2, ss: 1500
2,10,11, ss: 1500
2,11,10, ss: 1500
11,10,2, ss: 1000
11,2,10, ss: 1000


=== rcno: 6, nData: 186, year: 6, train_course: 0, model: 2 ===
11,7,8,6,4,10

11,7,8, ss: 2500
11,8,7, ss: 1500
7,11,8, ss: 1500
7,8,11, ss: 1500
8,11,7, ss: 1000
8,7,11, ss: 1000


=== rcno: 7, nData: 186, year: 6, train_course: 0, model: 2 ===
4,10,1,9,8,5

4,10,1, ss: 2500
4,1,10, ss: 1500
10,4,1, ss: 1500
10,1,4, ss: 1500
1,4,10, ss: 1000
1,10,4, ss: 1000


=== rcno: 8, nData: 186, year: 6, train_course: 0, model: 2 ===
10,4,9,1,8,2

10,4,9, ss: 2500
10,9,4, ss: 1500
4,10,9, ss: 1500
4,9,10, ss: 1500
9,10,4, ss: 1000
9,4,10, ss: 1000


=== rcno: 9, nData: 186, year: 6, train_course: 0, model: 2 ===
12,10,9,11,6,3

12,10,9, ss: 2500
12,9,10, ss: 1500
10,12,9, ss: 1500
10,9,12, ss: 1500
9,12,10, ss: 1000
9,10,12, ss: 1000


=== rcno: 10, nData: 186, year: 6, train_course: 0, model: 2 ===
12,8,13,6,3,7

12,8,13, ss: 2500
12,13,8, ss: 1500
8,12,13, ss: 1500
8,13,12, ss: 1500
13,12,8, ss: 1000
13,8,12, ss: 1000


=== rcno: 11, nData: 186, year: 6, train_course: 0, model: 2 ===
1,5,10,3,6,7

1,5,10, ss: 2500
1,10,5, ss: 1500
5,1,10, ss: 1500
5,10,1, ss: 1500
10,1,5, ss: 1000
10,5,1, ss: 1000


=== rcno: 1, nData: 186, year: 6, train_course: 0, model: 3 ===
5,8,1,9,10,7

5,8,1, ss: 2500
5,1,8, ss: 1500
8,5,1, ss: 1500
8,1,5, ss: 1500
1,5,8, ss: 1000
1,8,5, ss: 1000


=== rcno: 2, nData: 186, year: 6, train_course: 0, model: 3 ===
1,10,4,2,5,3

1,10,4, ss: 2500
1,4,10, ss: 1500
10,1,4, ss: 1500
10,4,1, ss: 1500
4,1,10, ss: 1000
4,10,1, ss: 1000


=== rcno: 3, nData: 186, year: 6, train_course: 0, model: 3 ===
1,3,2,5,7,9

1,3,2, ss: 2500
1,2,3, ss: 1500
3,1,2, ss: 1500
3,2,1, ss: 1500
2,1,3, ss: 1000
2,3,1, ss: 1000


=== rcno: 4, nData: 186, year: 6, train_course: 0, model: 3 ===
11,3,1,2,6,5

11,3,1, ss: 2500
11,1,3, ss: 1500
3,11,1, ss: 1500
3,1,11, ss: 1500
1,11,3, ss: 1000
1,3,11, ss: 1000


=== rcno: 5, nData: 186, year: 6, train_course: 0, model: 3 ===
10,2,11,9,5,4

10,2,11, ss: 2500
10,11,2, ss: 1500
2,10,11, ss: 1500
2,11,10, ss: 1500
11,10,2, ss: 1000
11,2,10, ss: 1000


=== rcno: 6, nData: 186, year: 6, train_course: 0, model: 3 ===
11,7,6,4,8,1

11,7,6, ss: 2500
11,6,7, ss: 1500
7,11,6, ss: 1500
7,6,11, ss: 1500
6,11,7, ss: 1000
6,7,11, ss: 1000


=== rcno: 7, nData: 186, year: 6, train_course: 0, model: 3 ===
10,1,4,11,3,9

10,1,4, ss: 2500
10,4,1, ss: 1500
1,10,4, ss: 1500
1,4,10, ss: 1500
4,10,1, ss: 1000
4,1,10, ss: 1000


=== rcno: 8, nData: 186, year: 6, train_course: 0, model: 3 ===
10,1,4,9,8,2

10,1,4, ss: 2500
10,4,1, ss: 1500
1,10,4, ss: 1500
1,4,10, ss: 1500
4,10,1, ss: 1000
4,1,10, ss: 1000


=== rcno: 9, nData: 186, year: 6, train_course: 0, model: 3 ===
12,10,9,11,3,6

12,10,9, ss: 2500
12,9,10, ss: 1500
10,12,9, ss: 1500
10,9,12, ss: 1500
9,12,10, ss: 1000
9,10,12, ss: 1000


=== rcno: 10, nData: 186, year: 6, train_course: 0, model: 3 ===
12,8,13,3,9,14

12,8,13, ss: 2500
12,13,8, ss: 1500
8,12,13, ss: 1500
8,13,12, ss: 1500
13,12,8, ss: 1000
13,8,12, ss: 1000


=== rcno: 11, nData: 186, year: 6, train_course: 0, model: 3 ===
5,1,10,6,9,7

5,1,10, ss: 2500
5,10,1, ss: 1500
1,5,10, ss: 1500
1,10,5, ss: 1500
10,5,1, ss: 1000
10,1,5, ss: 1000


=== rcno: 1, nData: 186, year: 6, train_course: 0, model: 4 ===
5,1,7,8,9,3

5,1,7, ss: 2500
5,7,1, ss: 1500
1,5,7, ss: 1500
1,7,5, ss: 1500
7,5,1, ss: 1000
7,1,5, ss: 1000


=== rcno: 2, nData: 186, year: 6, train_course: 0, model: 4 ===
10,4,1,9,3,5

10,4,1, ss: 2500
10,1,4, ss: 1500
4,10,1, ss: 1500
4,1,10, ss: 1500
1,10,4, ss: 1000
1,4,10, ss: 1000


=== rcno: 3, nData: 186, year: 6, train_course: 0, model: 4 ===
1,2,3,5,7,9

1,2,3, ss: 2500
1,3,2, ss: 1500
2,1,3, ss: 1500
2,3,1, ss: 1500
3,1,2, ss: 1000
3,2,1, ss: 1000


=== rcno: 4, nData: 186, year: 6, train_course: 0, model: 4 ===
3,11,1,2,5,6

3,11,1, ss: 2500
3,1,11, ss: 1500
11,3,1, ss: 1500
11,1,3, ss: 1500
1,3,11, ss: 1000
1,11,3, ss: 1000


=== rcno: 5, nData: 186, year: 6, train_course: 0, model: 4 ===
10,11,2,4,9,5

10,11,2, ss: 2500
10,2,11, ss: 1500
11,10,2, ss: 1500
11,2,10, ss: 1500
2,10,11, ss: 1000
2,11,10, ss: 1000


=== rcno: 6, nData: 186, year: 6, train_course: 0, model: 4 ===
7,11,4,8,1,6

7,11,4, ss: 2500
7,4,11, ss: 1500
11,7,4, ss: 1500
11,4,7, ss: 1500
4,7,11, ss: 1000
4,11,7, ss: 1000


=== rcno: 7, nData: 186, year: 6, train_course: 0, model: 4 ===
1,4,10,11,9,5

1,4,10, ss: 2500
1,10,4, ss: 1500
4,1,10, ss: 1500
4,10,1, ss: 1500
10,1,4, ss: 1000
10,4,1, ss: 1000


=== rcno: 8, nData: 186, year: 6, train_course: 0, model: 4 ===
1,4,10,9,8,7

1,4,10, ss: 2500
1,10,4, ss: 1500
4,1,10, ss: 1500
4,10,1, ss: 1500
10,1,4, ss: 1000
10,4,1, ss: 1000


=== rcno: 9, nData: 186, year: 6, train_course: 0, model: 4 ===
12,10,11,9,3,6

12,10,11, ss: 2500
12,11,10, ss: 1500
10,12,11, ss: 1500
10,11,12, ss: 1500
11,12,10, ss: 1000
11,10,12, ss: 1000


=== rcno: 10, nData: 186, year: 6, train_course: 0, model: 4 ===
12,8,13,5,3,6

12,8,13, ss: 2500
12,13,8, ss: 1500
8,12,13, ss: 1500
8,13,12, ss: 1500
13,12,8, ss: 1000
13,8,12, ss: 1000


=== rcno: 11, nData: 186, year: 6, train_course: 0, model: 4 ===
1,10,5,3,7,6

1,10,5, ss: 2500
1,5,10, ss: 1500
10,1,5, ss: 1500
10,5,1, ss: 1500
5,1,10, ss: 1000
5,10,1, ss: 1000


=== rcno: 1, nData: 186, year: 6, train_course: 0, model: 5 ===
5,1,8,7,9,3

5,1,8, ss: 2500
5,8,1, ss: 1500
1,5,8, ss: 1500
1,8,5, ss: 1500
8,5,1, ss: 1000
8,1,5, ss: 1000


=== rcno: 2, nData: 186, year: 6, train_course: 0, model: 5 ===
10,4,1,9,2,3

10,4,1, ss: 2500
10,1,4, ss: 1500
4,10,1, ss: 1500
4,1,10, ss: 1500
1,10,4, ss: 1000
1,4,10, ss: 1000


=== rcno: 3, nData: 186, year: 6, train_course: 0, model: 5 ===
1,2,3,5,7,9

1,2,3, ss: 2500
1,3,2, ss: 1500
2,1,3, ss: 1500
2,3,1, ss: 1500
3,1,2, ss: 1000
3,2,1, ss: 1000


=== rcno: 4, nData: 186, year: 6, train_course: 0, model: 5 ===
3,11,1,2,5,6

3,11,1, ss: 2500
3,1,11, ss: 1500
11,3,1, ss: 1500
11,1,3, ss: 1500
1,3,11, ss: 1000
1,11,3, ss: 1000


=== rcno: 5, nData: 186, year: 6, train_course: 0, model: 5 ===
10,11,2,4,5,9

10,11,2, ss: 2500
10,2,11, ss: 1500
11,10,2, ss: 1500
11,2,10, ss: 1500
2,10,11, ss: 1000
2,11,10, ss: 1000


=== rcno: 6, nData: 186, year: 6, train_course: 0, model: 5 ===
11,7,4,8,6,1

11,7,4, ss: 2500
11,4,7, ss: 1500
7,11,4, ss: 1500
7,4,11, ss: 1500
4,11,7, ss: 1000
4,7,11, ss: 1000


=== rcno: 7, nData: 186, year: 6, train_course: 0, model: 5 ===
4,10,1,11,9,5

4,10,1, ss: 2500
4,1,10, ss: 1500
10,4,1, ss: 1500
10,1,4, ss: 1500
1,4,10, ss: 1000
1,10,4, ss: 1000


=== rcno: 8, nData: 186, year: 6, train_course: 0, model: 5 ===
1,4,10,9,8,7

1,4,10, ss: 2500
1,10,4, ss: 1500
4,1,10, ss: 1500
4,10,1, ss: 1500
10,1,4, ss: 1000
10,4,1, ss: 1000


=== rcno: 9, nData: 186, year: 6, train_course: 0, model: 5 ===
12,10,11,9,6,3

12,10,11, ss: 2500
12,11,10, ss: 1500
10,12,11, ss: 1500
10,11,12, ss: 1500
11,12,10, ss: 1000
11,10,12, ss: 1000


=== rcno: 10, nData: 186, year: 6, train_course: 0, model: 5 ===
12,3,8,13,5,6

12,3,8, ss: 2500
12,8,3, ss: 1500
3,12,8, ss: 1500
3,8,12, ss: 1500
8,12,3, ss: 1000
8,3,12, ss: 1000


=== rcno: 11, nData: 186, year: 6, train_course: 0, model: 5 ===
1,10,5,3,7,6

1,10,5, ss: 2500
1,5,10, ss: 1500
10,1,5, ss: 1500
10,5,1, ss: 1500
5,1,10, ss: 1000
5,10,1, ss: 1000


=== rcno: 1, nData: 186, year: 6, train_course: 0, model: 6 ===
5,8,1,9,10,7

5,8,1, ss: 2500
5,1,8, ss: 1500
8,5,1, ss: 1500
8,1,5, ss: 1500
1,5,8, ss: 1000
1,8,5, ss: 1000


=== rcno: 2, nData: 186, year: 6, train_course: 0, model: 6 ===
10,4,1,2,9,5

10,4,1, ss: 2500
10,1,4, ss: 1500
4,10,1, ss: 1500
4,1,10, ss: 1500
1,10,4, ss: 1000
1,4,10, ss: 1000


=== rcno: 3, nData: 186, year: 6, train_course: 0, model: 6 ===
1,3,2,5,7,9

1,3,2, ss: 2500
1,2,3, ss: 1500
3,1,2, ss: 1500
3,2,1, ss: 1500
2,1,3, ss: 1000
2,3,1, ss: 1000


=== rcno: 4, nData: 186, year: 6, train_course: 0, model: 6 ===
3,11,2,6,1,5

3,11,2, ss: 2500
3,2,11, ss: 1500
11,3,2, ss: 1500
11,2,3, ss: 1500
2,3,11, ss: 1000
2,11,3, ss: 1000


=== rcno: 5, nData: 186, year: 6, train_course: 0, model: 6 ===
10,9,5,11,2,4

10,9,5, ss: 2500
10,5,9, ss: 1500
9,10,5, ss: 1500
9,5,10, ss: 1500
5,10,9, ss: 1000
5,9,10, ss: 1000


=== rcno: 6, nData: 186, year: 6, train_course: 0, model: 6 ===
11,7,4,8,1,6

11,7,4, ss: 2500
11,4,7, ss: 1500
7,11,4, ss: 1500
7,4,11, ss: 1500
4,11,7, ss: 1000
4,7,11, ss: 1000


=== rcno: 7, nData: 186, year: 6, train_course: 0, model: 6 ===
10,1,4,11,9,5

10,1,4, ss: 2500
10,4,1, ss: 1500
1,10,4, ss: 1500
1,4,10, ss: 1500
4,10,1, ss: 1000
4,1,10, ss: 1000


=== rcno: 8, nData: 186, year: 6, train_course: 0, model: 6 ===
1,4,8,10,9,2

1,4,8, ss: 2500
1,8,4, ss: 1500
4,1,8, ss: 1500
4,8,1, ss: 1500
8,1,4, ss: 1000
8,4,1, ss: 1000


=== rcno: 9, nData: 186, year: 6, train_course: 0, model: 6 ===
12,10,9,11,6,3

12,10,9, ss: 2500
12,9,10, ss: 1500
10,12,9, ss: 1500
10,9,12, ss: 1500
9,12,10, ss: 1000
9,10,12, ss: 1000


=== rcno: 10, nData: 186, year: 6, train_course: 0, model: 6 ===
12,3,9,13,8,5

12,3,9, ss: 2500
12,9,3, ss: 1500
3,12,9, ss: 1500
3,9,12, ss: 1500
9,12,3, ss: 1000
9,3,12, ss: 1000


=== rcno: 11, nData: 186, year: 6, train_course: 0, model: 6 ===
1,10,5,6,7,9

1,10,5, ss: 2500
1,5,10, ss: 1500
10,1,5, ss: 1500
10,5,1, ss: 1500
5,1,10, ss: 1000
5,10,1, ss: 1000


=== rcno: 1, nData: 186, year: 6, train_course: 0, model: 7 ===
5,8,1,7,9,10

5,8,1, ss: 2500
5,1,8, ss: 1500
8,5,1, ss: 1500
8,1,5, ss: 1500
1,5,8, ss: 1000
1,8,5, ss: 1000


=== rcno: 2, nData: 186, year: 6, train_course: 0, model: 7 ===
10,1,2,4,9,5

10,1,2, ss: 2500
10,2,1, ss: 1500
1,10,2, ss: 1500
1,2,10, ss: 1500
2,10,1, ss: 1000
2,1,10, ss: 1000


=== rcno: 3, nData: 186, year: 6, train_course: 0, model: 7 ===
1,2,3,5,7,9

1,2,3, ss: 2500
1,3,2, ss: 1500
2,1,3, ss: 1500
2,3,1, ss: 1500
3,1,2, ss: 1000
3,2,1, ss: 1000


=== rcno: 4, nData: 186, year: 6, train_course: 0, model: 7 ===
3,11,1,2,5,6

3,11,1, ss: 2500
3,1,11, ss: 1500
11,3,1, ss: 1500
11,1,3, ss: 1500
1,3,11, ss: 1000
1,11,3, ss: 1000


=== rcno: 5, nData: 186, year: 6, train_course: 0, model: 7 ===
10,2,11,4,9,5

10,2,11, ss: 2500
10,11,2, ss: 1500
2,10,11, ss: 1500
2,11,10, ss: 1500
11,10,2, ss: 1000
11,2,10, ss: 1000


=== rcno: 6, nData: 186, year: 6, train_course: 0, model: 7 ===
11,7,4,6,8,1

11,7,4, ss: 2500
11,4,7, ss: 1500
7,11,4, ss: 1500
7,4,11, ss: 1500
4,11,7, ss: 1000
4,7,11, ss: 1000


=== rcno: 7, nData: 186, year: 6, train_course: 0, model: 7 ===
1,4,10,11,3,9

1,4,10, ss: 2500
1,10,4, ss: 1500
4,1,10, ss: 1500
4,10,1, ss: 1500
10,1,4, ss: 1000
10,4,1, ss: 1000


=== rcno: 8, nData: 186, year: 6, train_course: 0, model: 7 ===
10,4,1,9,8,6

10,4,1, ss: 2500
10,1,4, ss: 1500
4,10,1, ss: 1500
4,1,10, ss: 1500
1,10,4, ss: 1000
1,4,10, ss: 1000


=== rcno: 9, nData: 186, year: 6, train_course: 0, model: 7 ===
12,10,9,11,3,6

12,10,9, ss: 2500
12,9,10, ss: 1500
10,12,9, ss: 1500
10,9,12, ss: 1500
9,12,10, ss: 1000
9,10,12, ss: 1000


=== rcno: 10, nData: 186, year: 6, train_course: 0, model: 7 ===
12,8,13,14,5,6

12,8,13, ss: 2500
12,13,8, ss: 1500
8,12,13, ss: 1500
8,13,12, ss: 1500
13,12,8, ss: 1000
13,8,12, ss: 1000


=== rcno: 11, nData: 186, year: 6, train_course: 0, model: 7 ===
1,5,10,3,6,7

1,5,10, ss: 2500
1,10,5, ss: 1500
5,1,10, ss: 1500
5,10,1, ss: 1500
10,1,5, ss: 1000
10,5,1, ss: 1000


=== rcno: 1, nData: 186, year: 6, train_course: 0, model: 8 ===
5,8,1,9,10,7

5,8,1, ss: 2500
5,1,8, ss: 1500
8,5,1, ss: 1500
8,1,5, ss: 1500
1,5,8, ss: 1000
1,8,5, ss: 1000


=== rcno: 2, nData: 186, year: 6, train_course: 0, model: 8 ===
10,1,4,2,5,9

10,1,4, ss: 2500
10,4,1, ss: 1500
1,10,4, ss: 1500
1,4,10, ss: 1500
4,10,1, ss: 1000
4,1,10, ss: 1000


=== rcno: 3, nData: 186, year: 6, train_course: 0, model: 8 ===
1,3,2,5,7,9

1,3,2, ss: 2500
1,2,3, ss: 1500
3,1,2, ss: 1500
3,2,1, ss: 1500
2,1,3, ss: 1000
2,3,1, ss: 1000


=== rcno: 4, nData: 186, year: 6, train_course: 0, model: 8 ===
3,11,2,1,6,5

3,11,2, ss: 2500
3,2,11, ss: 1500
11,3,2, ss: 1500
11,2,3, ss: 1500
2,3,11, ss: 1000
2,11,3, ss: 1000


=== rcno: 5, nData: 186, year: 6, train_course: 0, model: 8 ===
10,11,9,2,5,4

10,11,9, ss: 2500
10,9,11, ss: 1500
11,10,9, ss: 1500
11,9,10, ss: 1500
9,10,11, ss: 1000
9,11,10, ss: 1000


=== rcno: 6, nData: 186, year: 6, train_course: 0, model: 8 ===
11,7,4,1,6,8

11,7,4, ss: 2500
11,4,7, ss: 1500
7,11,4, ss: 1500
7,4,11, ss: 1500
4,11,7, ss: 1000
4,7,11, ss: 1000


=== rcno: 7, nData: 186, year: 6, train_course: 0, model: 8 ===
10,1,4,11,3,9

10,1,4, ss: 2500
10,4,1, ss: 1500
1,10,4, ss: 1500
1,4,10, ss: 1500
4,10,1, ss: 1000
4,1,10, ss: 1000


=== rcno: 8, nData: 186, year: 6, train_course: 0, model: 8 ===
10,1,4,9,8,2

10,1,4, ss: 2500
10,4,1, ss: 1500
1,10,4, ss: 1500
1,4,10, ss: 1500
4,10,1, ss: 1000
4,1,10, ss: 1000


=== rcno: 9, nData: 186, year: 6, train_course: 0, model: 8 ===
12,10,9,11,6,3

12,10,9, ss: 2500
12,9,10, ss: 1500
10,12,9, ss: 1500
10,9,12, ss: 1500
9,12,10, ss: 1000
9,10,12, ss: 1000


=== rcno: 10, nData: 186, year: 6, train_course: 0, model: 8 ===
12,3,13,8,5,9

12,3,13, ss: 2500
12,13,3, ss: 1500
3,12,13, ss: 1500
3,13,12, ss: 1500
13,12,3, ss: 1000
13,3,12, ss: 1000


=== rcno: 11, nData: 186, year: 6, train_course: 0, model: 8 ===
1,5,10,6,7,9

1,5,10, ss: 2500
1,10,5, ss: 1500
5,1,10, ss: 1500
5,10,1, ss: 1500
10,1,5, ss: 1000
10,5,1, ss: 1000


=== rcno: 1, nData: 186, year: 6, train_course: 0, model: 9 ===
8,5,1,7,9,10

8,5,1, ss: 2500
8,1,5, ss: 1500
5,8,1, ss: 1500
5,1,8, ss: 1500
1,8,5, ss: 1000
1,5,8, ss: 1000


=== rcno: 2, nData: 186, year: 6, train_course: 0, model: 9 ===
1,2,4,10,5,9

1,2,4, ss: 2500
1,4,2, ss: 1500
2,1,4, ss: 1500
2,4,1, ss: 1500
4,1,2, ss: 1000
4,2,1, ss: 1000


=== rcno: 3, nData: 186, year: 6, train_course: 0, model: 9 ===
1,2,3,7,5,9

1,2,3, ss: 2500
1,3,2, ss: 1500
2,1,3, ss: 1500
2,3,1, ss: 1500
3,1,2, ss: 1000
3,2,1, ss: 1000


=== rcno: 4, nData: 186, year: 6, train_course: 0, model: 9 ===
11,3,1,2,5,6

11,3,1, ss: 2500
11,1,3, ss: 1500
3,11,1, ss: 1500
3,1,11, ss: 1500
1,11,3, ss: 1000
1,3,11, ss: 1000


=== rcno: 5, nData: 186, year: 6, train_course: 0, model: 9 ===
10,2,11,4,5,6

10,2,11, ss: 2500
10,11,2, ss: 1500
2,10,11, ss: 1500
2,11,10, ss: 1500
11,10,2, ss: 1000
11,2,10, ss: 1000


=== rcno: 6, nData: 186, year: 6, train_course: 0, model: 9 ===
11,6,7,4,8,1

11,6,7, ss: 2500
11,7,6, ss: 1500
6,11,7, ss: 1500
6,7,11, ss: 1500
7,11,6, ss: 1000
7,6,11, ss: 1000


=== rcno: 7, nData: 186, year: 6, train_course: 0, model: 9 ===
1,4,10,11,3,9

1,4,10, ss: 2500
1,10,4, ss: 1500
4,1,10, ss: 1500
4,10,1, ss: 1500
10,1,4, ss: 1000
10,4,1, ss: 1000


=== rcno: 8, nData: 186, year: 6, train_course: 0, model: 9 ===
10,4,1,9,8,6

10,4,1, ss: 2500
10,1,4, ss: 1500
4,10,1, ss: 1500
4,1,10, ss: 1500
1,10,4, ss: 1000
1,4,10, ss: 1000


=== rcno: 9, nData: 186, year: 6, train_course: 0, model: 9 ===
12,10,9,11,3,5

12,10,9, ss: 2500
12,9,10, ss: 1500
10,12,9, ss: 1500
10,9,12, ss: 1500
9,12,10, ss: 1000
9,10,12, ss: 1000


=== rcno: 10, nData: 186, year: 6, train_course: 0, model: 9 ===
12,8,13,14,6,3

12,8,13, ss: 2500
12,13,8, ss: 1500
8,12,13, ss: 1500
8,13,12, ss: 1500
13,12,8, ss: 1000
13,8,12, ss: 1000


=== rcno: 11, nData: 186, year: 6, train_course: 0, model: 9 ===
1,5,10,3,6,7

1,5,10, ss: 2500
1,10,5, ss: 1500
5,1,10, ss: 1500
5,10,1, ss: 1500
10,1,5, ss: 1000
10,5,1, ss: 1000


=== rcno: 1, nData: 186, year: 6, train_course: 0, model: 10 ===
5,8,1,9,7,10

5,8,1, ss: 2500
5,1,8, ss: 1500
8,5,1, ss: 1500
8,1,5, ss: 1500
1,5,8, ss: 1000
1,8,5, ss: 1000


=== rcno: 2, nData: 186, year: 6, train_course: 0, model: 10 ===
10,1,4,2,9,5

10,1,4, ss: 2500
10,4,1, ss: 1500
1,10,4, ss: 1500
1,4,10, ss: 1500
4,10,1, ss: 1000
4,1,10, ss: 1000


=== rcno: 3, nData: 186, year: 6, train_course: 0, model: 10 ===
1,2,3,5,7,9

1,2,3, ss: 2500
1,3,2, ss: 1500
2,1,3, ss: 1500
2,3,1, ss: 1500
3,1,2, ss: 1000
3,2,1, ss: 1000


=== rcno: 4, nData: 186, year: 6, train_course: 0, model: 10 ===
3,11,1,2,5,6

3,11,1, ss: 2500
3,1,11, ss: 1500
11,3,1, ss: 1500
11,1,3, ss: 1500
1,3,11, ss: 1000
1,11,3, ss: 1000


=== rcno: 5, nData: 186, year: 6, train_course: 0, model: 10 ===
10,2,11,9,4,5

10,2,11, ss: 2500
10,11,2, ss: 1500
2,10,11, ss: 1500
2,11,10, ss: 1500
11,10,2, ss: 1000
11,2,10, ss: 1000


=== rcno: 6, nData: 186, year: 6, train_course: 0, model: 10 ===
11,7,4,6,8,1

11,7,4, ss: 2500
11,4,7, ss: 1500
7,11,4, ss: 1500
7,4,11, ss: 1500
4,11,7, ss: 1000
4,7,11, ss: 1000


=== rcno: 7, nData: 186, year: 6, train_course: 0, model: 10 ===
10,4,1,11,9,3

10,4,1, ss: 2500
10,1,4, ss: 1500
4,10,1, ss: 1500
4,1,10, ss: 1500
1,10,4, ss: 1000
1,4,10, ss: 1000


=== rcno: 8, nData: 186, year: 6, train_course: 0, model: 10 ===
10,1,4,9,8,2

10,1,4, ss: 2500
10,4,1, ss: 1500
1,10,4, ss: 1500
1,4,10, ss: 1500
4,10,1, ss: 1000
4,1,10, ss: 1000


=== rcno: 9, nData: 186, year: 6, train_course: 0, model: 10 ===
12,10,9,11,6,3

12,10,9, ss: 2500
12,9,10, ss: 1500
10,12,9, ss: 1500
10,9,12, ss: 1500
9,12,10, ss: 1000
9,10,12, ss: 1000


=== rcno: 10, nData: 186, year: 6, train_course: 0, model: 10 ===
12,8,13,3,5,6

12,8,13, ss: 2500
12,13,8, ss: 1500
8,12,13, ss: 1500
8,13,12, ss: 1500
13,12,8, ss: 1000
13,8,12, ss: 1000


=== rcno: 11, nData: 186, year: 6, train_course: 0, model: 10 ===
1,5,10,3,6,7

1,5,10, ss: 2500
1,10,5, ss: 1500
5,1,10, ss: 1500
5,10,1, ss: 1500
10,1,5, ss: 1000
10,5,1, ss: 1000