


=== rcno: 1, nData: 160, year: 8, train_course: 0, model: 0 ===
2,10,5,3,9,1

2,10,5, ss: 2500
2,5,10, ss: 1500
10,2,5, ss: 1500
10,5,2, ss: 1500
5,2,10, ss: 1000
5,10,2, ss: 1000


=== rcno: 2, nData: 160, year: 8, train_course: 0, model: 0 ===
5,4,7,10,9,6

5,4,7, ss: 2500
5,7,4, ss: 1500
4,5,7, ss: 1500
4,7,5, ss: 1500
7,5,4, ss: 1000
7,4,5, ss: 1000


=== rcno: 3, nData: 160, year: 8, train_course: 0, model: 0 ===
3,10,2,7,5,8

3,10,2, ss: 2500
3,2,10, ss: 1500
10,3,2, ss: 1500
10,2,3, ss: 1500
2,3,10, ss: 1000
2,10,3, ss: 1000


=== rcno: 4, nData: 160, year: 8, train_course: 0, model: 0 ===
1,4,2,7,5,9

1,4,2, ss: 2500
1,2,4, ss: 1500
4,1,2, ss: 1500
4,2,1, ss: 1500
2,1,4, ss: 1000
2,4,1, ss: 1000


=== rcno: 5, nData: 160, year: 8, train_course: 0, model: 0 ===
9,4,7,10,1,5

9,4,7, ss: 2500
9,7,4, ss: 1500
4,9,7, ss: 1500
4,7,9, ss: 1500
7,9,4, ss: 1000
7,4,9, ss: 1000


=== rcno: 6, nData: 160, year: 8, train_course: 0, model: 0 ===
5,7,12,4,1,6

5,7,12, ss: 2500
5,12,7, ss: 1500
7,5,12, ss: 1500
7,12,5, ss: 1500
12,5,7, ss: 1000
12,7,5, ss: 1000


=== rcno: 7, nData: 160, year: 8, train_course: 0, model: 0 ===
9,3,10,7,2,6

9,3,10, ss: 2500
9,10,3, ss: 1500
3,9,10, ss: 1500
3,10,9, ss: 1500
10,9,3, ss: 1000
10,3,9, ss: 1000


=== rcno: 8, nData: 160, year: 8, train_course: 0, model: 0 ===
7,9,10,4,8,3

7,9,10, ss: 2500
7,10,9, ss: 1500
9,7,10, ss: 1500
9,10,7, ss: 1500
10,7,9, ss: 1000
10,9,7, ss: 1000


=== rcno: 9, nData: 160, year: 8, train_course: 0, model: 0 ===
3,1,8,2,4,7

3,1,8, ss: 2500
3,8,1, ss: 1500
1,3,8, ss: 1500
1,8,3, ss: 1500
8,3,1, ss: 1000
8,1,3, ss: 1000


=== rcno: 1, nData: 160, year: 8, train_course: 0, model: 1 ===
2,10,5,3,9,1

2,10,5, ss: 2500
2,5,10, ss: 1500
10,2,5, ss: 1500
10,5,2, ss: 1500
5,2,10, ss: 1000
5,10,2, ss: 1000


=== rcno: 2, nData: 160, year: 8, train_course: 0, model: 1 ===
5,4,7,10,9,6

5,4,7, ss: 2500
5,7,4, ss: 1500
4,5,7, ss: 1500
4,7,5, ss: 1500
7,5,4, ss: 1000
7,4,5, ss: 1000


=== rcno: 3, nData: 160, year: 8, train_course: 0, model: 1 ===
3,10,2,7,5,8

3,10,2, ss: 2500
3,2,10, ss: 1500
10,3,2, ss: 1500
10,2,3, ss: 1500
2,3,10, ss: 1000
2,10,3, ss: 1000


=== rcno: 4, nData: 160, year: 8, train_course: 0, model: 1 ===
1,4,2,7,5,9

1,4,2, ss: 2500
1,2,4, ss: 1500
4,1,2, ss: 1500
4,2,1, ss: 1500
2,1,4, ss: 1000
2,4,1, ss: 1000


=== rcno: 5, nData: 160, year: 8, train_course: 0, model: 1 ===
9,4,7,10,1,5

9,4,7, ss: 2500
9,7,4, ss: 1500
4,9,7, ss: 1500
4,7,9, ss: 1500
7,9,4, ss: 1000
7,4,9, ss: 1000


=== rcno: 6, nData: 160, year: 8, train_course: 0, model: 1 ===
5,7,12,4,1,6

5,7,12, ss: 2500
5,12,7, ss: 1500
7,5,12, ss: 1500
7,12,5, ss: 1500
12,5,7, ss: 1000
12,7,5, ss: 1000


=== rcno: 7, nData: 160, year: 8, train_course: 0, model: 1 ===
9,3,10,7,2,6

9,3,10, ss: 2500
9,10,3, ss: 1500
3,9,10, ss: 1500
3,10,9, ss: 1500
10,9,3, ss: 1000
10,3,9, ss: 1000


=== rcno: 8, nData: 160, year: 8, train_course: 0, model: 1 ===
7,9,10,4,8,3

7,9,10, ss: 2500
7,10,9, ss: 1500
9,7,10, ss: 1500
9,10,7, ss: 1500
10,7,9, ss: 1000
10,9,7, ss: 1000


=== rcno: 9, nData: 160, year: 8, train_course: 0, model: 1 ===
3,1,8,2,4,7

3,1,8, ss: 2500
3,8,1, ss: 1500
1,3,8, ss: 1500
1,8,3, ss: 1500
8,3,1, ss: 1000
8,1,3, ss: 1000


=== rcno: 1, nData: 160, year: 8, train_course: 0, model: 2 ===
2,10,5,3,9,1

2,10,5, ss: 2500
2,5,10, ss: 1500
10,2,5, ss: 1500
10,5,2, ss: 1500
5,2,10, ss: 1000
5,10,2, ss: 1000


=== rcno: 2, nData: 160, year: 8, train_course: 0, model: 2 ===
5,4,7,10,9,6

5,4,7, ss: 2500
5,7,4, ss: 1500
4,5,7, ss: 1500
4,7,5, ss: 1500
7,5,4, ss: 1000
7,4,5, ss: 1000


=== rcno: 3, nData: 160, year: 8, train_course: 0, model: 2 ===
3,10,2,7,5,8

3,10,2, ss: 2500
3,2,10, ss: 1500
10,3,2, ss: 1500
10,2,3, ss: 1500
2,3,10, ss: 1000
2,10,3, ss: 1000


=== rcno: 4, nData: 160, year: 8, train_course: 0, model: 2 ===
1,4,2,7,5,9

1,4,2, ss: 2500
1,2,4, ss: 1500
4,1,2, ss: 1500
4,2,1, ss: 1500
2,1,4, ss: 1000
2,4,1, ss: 1000


=== rcno: 5, nData: 160, year: 8, train_course: 0, model: 2 ===
9,4,7,10,1,5

9,4,7, ss: 2500
9,7,4, ss: 1500
4,9,7, ss: 1500
4,7,9, ss: 1500
7,9,4, ss: 1000
7,4,9, ss: 1000


=== rcno: 6, nData: 160, year: 8, train_course: 0, model: 2 ===
5,7,12,4,1,6

5,7,12, ss: 2500
5,12,7, ss: 1500
7,5,12, ss: 1500
7,12,5, ss: 1500
12,5,7, ss: 1000
12,7,5, ss: 1000


=== rcno: 7, nData: 160, year: 8, train_course: 0, model: 2 ===
9,3,10,7,2,6

9,3,10, ss: 2500
9,10,3, ss: 1500
3,9,10, ss: 1500
3,10,9, ss: 1500
10,9,3, ss: 1000
10,3,9, ss: 1000


=== rcno: 8, nData: 160, year: 8, train_course: 0, model: 2 ===
7,9,10,4,8,3

7,9,10, ss: 2500
7,10,9, ss: 1500
9,7,10, ss: 1500
9,10,7, ss: 1500
10,7,9, ss: 1000
10,9,7, ss: 1000


=== rcno: 9, nData: 160, year: 8, train_course: 0, model: 2 ===
3,1,8,2,4,7

3,1,8, ss: 2500
3,8,1, ss: 1500
1,3,8, ss: 1500
1,8,3, ss: 1500
8,3,1, ss: 1000
8,1,3, ss: 1000


=== rcno: 1, nData: 160, year: 8, train_course: 0, model: 3 ===
2,10,5,3,9,1

2,10,5, ss: 2500
2,5,10, ss: 1500
10,2,5, ss: 1500
10,5,2, ss: 1500
5,2,10, ss: 1000
5,10,2, ss: 1000


=== rcno: 2, nData: 160, year: 8, train_course: 0, model: 3 ===
5,4,7,10,9,6

5,4,7, ss: 2500
5,7,4, ss: 1500
4,5,7, ss: 1500
4,7,5, ss: 1500
7,5,4, ss: 1000
7,4,5, ss: 1000


=== rcno: 3, nData: 160, year: 8, train_course: 0, model: 3 ===
3,10,2,7,5,8

3,10,2, ss: 2500
3,2,10, ss: 1500
10,3,2, ss: 1500
10,2,3, ss: 1500
2,3,10, ss: 1000
2,10,3, ss: 1000


=== rcno: 4, nData: 160, year: 8, train_course: 0, model: 3 ===
1,4,2,7,5,9

1,4,2, ss: 2500
1,2,4, ss: 1500
4,1,2, ss: 1500
4,2,1, ss: 1500
2,1,4, ss: 1000
2,4,1, ss: 1000


=== rcno: 5, nData: 160, year: 8, train_course: 0, model: 3 ===
9,4,7,10,1,5

9,4,7, ss: 2500
9,7,4, ss: 1500
4,9,7, ss: 1500
4,7,9, ss: 1500
7,9,4, ss: 1000
7,4,9, ss: 1000


=== rcno: 6, nData: 160, year: 8, train_course: 0, model: 3 ===
5,7,12,4,1,6

5,7,12, ss: 2500
5,12,7, ss: 1500
7,5,12, ss: 1500
7,12,5, ss: 1500
12,5,7, ss: 1000
12,7,5, ss: 1000


=== rcno: 7, nData: 160, year: 8, train_course: 0, model: 3 ===
9,3,10,7,2,6

9,3,10, ss: 2500
9,10,3, ss: 1500
3,9,10, ss: 1500
3,10,9, ss: 1500
10,9,3, ss: 1000
10,3,9, ss: 1000


=== rcno: 8, nData: 160, year: 8, train_course: 0, model: 3 ===
7,9,10,4,8,3

7,9,10, ss: 2500
7,10,9, ss: 1500
9,7,10, ss: 1500
9,10,7, ss: 1500
10,7,9, ss: 1000
10,9,7, ss: 1000


=== rcno: 9, nData: 160, year: 8, train_course: 0, model: 3 ===
3,1,8,2,4,7

3,1,8, ss: 2500
3,8,1, ss: 1500
1,3,8, ss: 1500
1,8,3, ss: 1500
8,3,1, ss: 1000
8,1,3, ss: 1000


=== rcno: 1, nData: 160, year: 8, train_course: 0, model: 4 ===
2,10,5,3,9,1

2,10,5, ss: 2500
2,5,10, ss: 1500
10,2,5, ss: 1500
10,5,2, ss: 1500
5,2,10, ss: 1000
5,10,2, ss: 1000


=== rcno: 2, nData: 160, year: 8, train_course: 0, model: 4 ===
5,4,7,10,9,6

5,4,7, ss: 2500
5,7,4, ss: 1500
4,5,7, ss: 1500
4,7,5, ss: 1500
7,5,4, ss: 1000
7,4,5, ss: 1000


=== rcno: 3, nData: 160, year: 8, train_course: 0, model: 4 ===
3,10,2,7,5,8

3,10,2, ss: 2500
3,2,10, ss: 1500
10,3,2, ss: 1500
10,2,3, ss: 1500
2,3,10, ss: 1000
2,10,3, ss: 1000


=== rcno: 4, nData: 160, year: 8, train_course: 0, model: 4 ===
1,4,2,7,5,9

1,4,2, ss: 2500
1,2,4, ss: 1500
4,1,2, ss: 1500
4,2,1, ss: 1500
2,1,4, ss: 1000
2,4,1, ss: 1000


=== rcno: 5, nData: 160, year: 8, train_course: 0, model: 4 ===
9,4,7,10,1,5

9,4,7, ss: 2500
9,7,4, ss: 1500
4,9,7, ss: 1500
4,7,9, ss: 1500
7,9,4, ss: 1000
7,4,9, ss: 1000


=== rcno: 6, nData: 160, year: 8, train_course: 0, model: 4 ===
5,7,12,4,1,6

5,7,12, ss: 2500
5,12,7, ss: 1500
7,5,12, ss: 1500
7,12,5, ss: 1500
12,5,7, ss: 1000
12,7,5, ss: 1000


=== rcno: 7, nData: 160, year: 8, train_course: 0, model: 4 ===
9,3,10,7,2,6

9,3,10, ss: 2500
9,10,3, ss: 1500
3,9,10, ss: 1500
3,10,9, ss: 1500
10,9,3, ss: 1000
10,3,9, ss: 1000


=== rcno: 8, nData: 160, year: 8, train_course: 0, model: 4 ===
7,9,10,4,8,3

7,9,10, ss: 2500
7,10,9, ss: 1500
9,7,10, ss: 1500
9,10,7, ss: 1500
10,7,9, ss: 1000
10,9,7, ss: 1000


=== rcno: 9, nData: 160, year: 8, train_course: 0, model: 4 ===
3,1,8,2,4,7

3,1,8, ss: 2500
3,8,1, ss: 1500
1,3,8, ss: 1500
1,8,3, ss: 1500
8,3,1, ss: 1000
8,1,3, ss: 1000


=== rcno: 1, nData: 160, year: 8, train_course: 0, model: 5 ===
2,10,5,3,9,1

2,10,5, ss: 2500
2,5,10, ss: 1500
10,2,5, ss: 1500
10,5,2, ss: 1500
5,2,10, ss: 1000
5,10,2, ss: 1000


=== rcno: 2, nData: 160, year: 8, train_course: 0, model: 5 ===
5,4,7,10,9,6

5,4,7, ss: 2500
5,7,4, ss: 1500
4,5,7, ss: 1500
4,7,5, ss: 1500
7,5,4, ss: 1000
7,4,5, ss: 1000


=== rcno: 3, nData: 160, year: 8, train_course: 0, model: 5 ===
3,10,2,7,5,8

3,10,2, ss: 2500
3,2,10, ss: 1500
10,3,2, ss: 1500
10,2,3, ss: 1500
2,3,10, ss: 1000
2,10,3, ss: 1000


=== rcno: 4, nData: 160, year: 8, train_course: 0, model: 5 ===
1,4,2,7,5,9

1,4,2, ss: 2500
1,2,4, ss: 1500
4,1,2, ss: 1500
4,2,1, ss: 1500
2,1,4, ss: 1000
2,4,1, ss: 1000


=== rcno: 5, nData: 160, year: 8, train_course: 0, model: 5 ===
9,4,7,10,1,5

9,4,7, ss: 2500
9,7,4, ss: 1500
4,9,7, ss: 1500
4,7,9, ss: 1500
7,9,4, ss: 1000
7,4,9, ss: 1000


=== rcno: 6, nData: 160, year: 8, train_course: 0, model: 5 ===
5,7,12,4,1,6

5,7,12, ss: 2500
5,12,7, ss: 1500
7,5,12, ss: 1500
7,12,5, ss: 1500
12,5,7, ss: 1000
12,7,5, ss: 1000


=== rcno: 7, nData: 160, year: 8, train_course: 0, model: 5 ===
9,3,10,7,2,6

9,3,10, ss: 2500
9,10,3, ss: 1500
3,9,10, ss: 1500
3,10,9, ss: 1500
10,9,3, ss: 1000
10,3,9, ss: 1000


=== rcno: 8, nData: 160, year: 8, train_course: 0, model: 5 ===
7,9,10,4,8,3

7,9,10, ss: 2500
7,10,9, ss: 1500
9,7,10, ss: 1500
9,10,7, ss: 1500
10,7,9, ss: 1000
10,9,7, ss: 1000


=== rcno: 9, nData: 160, year: 8, train_course: 0, model: 5 ===
3,1,8,2,4,7

3,1,8, ss: 2500
3,8,1, ss: 1500
1,3,8, ss: 1500
1,8,3, ss: 1500
8,3,1, ss: 1000
8,1,3, ss: 1000


=== rcno: 1, nData: 160, year: 8, train_course: 0, model: 6 ===
2,10,5,3,9,1

2,10,5, ss: 2500
2,5,10, ss: 1500
10,2,5, ss: 1500
10,5,2, ss: 1500
5,2,10, ss: 1000
5,10,2, ss: 1000


=== rcno: 2, nData: 160, year: 8, train_course: 0, model: 6 ===
5,4,7,10,9,6

5,4,7, ss: 2500
5,7,4, ss: 1500
4,5,7, ss: 1500
4,7,5, ss: 1500
7,5,4, ss: 1000
7,4,5, ss: 1000


=== rcno: 3, nData: 160, year: 8, train_course: 0, model: 6 ===
3,10,2,7,5,8

3,10,2, ss: 2500
3,2,10, ss: 1500
10,3,2, ss: 1500
10,2,3, ss: 1500
2,3,10, ss: 1000
2,10,3, ss: 1000


=== rcno: 4, nData: 160, year: 8, train_course: 0, model: 6 ===
1,4,2,7,5,9

1,4,2, ss: 2500
1,2,4, ss: 1500
4,1,2, ss: 1500
4,2,1, ss: 1500
2,1,4, ss: 1000
2,4,1, ss: 1000


=== rcno: 5, nData: 160, year: 8, train_course: 0, model: 6 ===
9,4,7,10,1,5

9,4,7, ss: 2500
9,7,4, ss: 1500
4,9,7, ss: 1500
4,7,9, ss: 1500
7,9,4, ss: 1000
7,4,9, ss: 1000


=== rcno: 6, nData: 160, year: 8, train_course: 0, model: 6 ===
5,7,12,4,1,6

5,7,12, ss: 2500
5,12,7, ss: 1500
7,5,12, ss: 1500
7,12,5, ss: 1500
12,5,7, ss: 1000
12,7,5, ss: 1000


=== rcno: 7, nData: 160, year: 8, train_course: 0, model: 6 ===
9,3,10,7,2,6

9,3,10, ss: 2500
9,10,3, ss: 1500
3,9,10, ss: 1500
3,10,9, ss: 1500
10,9,3, ss: 1000
10,3,9, ss: 1000


=== rcno: 8, nData: 160, year: 8, train_course: 0, model: 6 ===
7,9,10,4,8,3

7,9,10, ss: 2500
7,10,9, ss: 1500
9,7,10, ss: 1500
9,10,7, ss: 1500
10,7,9, ss: 1000
10,9,7, ss: 1000


=== rcno: 9, nData: 160, year: 8, train_course: 0, model: 6 ===
3,1,8,2,4,7

3,1,8, ss: 2500
3,8,1, ss: 1500
1,3,8, ss: 1500
1,8,3, ss: 1500
8,3,1, ss: 1000
8,1,3, ss: 1000


=== rcno: 1, nData: 160, year: 8, train_course: 0, model: 7 ===
2,10,5,3,9,1

2,10,5, ss: 2500
2,5,10, ss: 1500
10,2,5, ss: 1500
10,5,2, ss: 1500
5,2,10, ss: 1000
5,10,2, ss: 1000


=== rcno: 2, nData: 160, year: 8, train_course: 0, model: 7 ===
5,4,7,10,9,6

5,4,7, ss: 2500
5,7,4, ss: 1500
4,5,7, ss: 1500
4,7,5, ss: 1500
7,5,4, ss: 1000
7,4,5, ss: 1000


=== rcno: 3, nData: 160, year: 8, train_course: 0, model: 7 ===
3,10,2,7,5,8

3,10,2, ss: 2500
3,2,10, ss: 1500
10,3,2, ss: 1500
10,2,3, ss: 1500
2,3,10, ss: 1000
2,10,3, ss: 1000


=== rcno: 4, nData: 160, year: 8, train_course: 0, model: 7 ===
1,4,2,7,5,9

1,4,2, ss: 2500
1,2,4, ss: 1500
4,1,2, ss: 1500
4,2,1, ss: 1500
2,1,4, ss: 1000
2,4,1, ss: 1000


=== rcno: 5, nData: 160, year: 8, train_course: 0, model: 7 ===
9,4,7,10,1,5

9,4,7, ss: 2500
9,7,4, ss: 1500
4,9,7, ss: 1500
4,7,9, ss: 1500
7,9,4, ss: 1000
7,4,9, ss: 1000


=== rcno: 6, nData: 160, year: 8, train_course: 0, model: 7 ===
5,7,12,4,1,6

5,7,12, ss: 2500
5,12,7, ss: 1500
7,5,12, ss: 1500
7,12,5, ss: 1500
12,5,7, ss: 1000
12,7,5, ss: 1000


=== rcno: 7, nData: 160, year: 8, train_course: 0, model: 7 ===
9,3,10,7,2,6

9,3,10, ss: 2500
9,10,3, ss: 1500
3,9,10, ss: 1500
3,10,9, ss: 1500
10,9,3, ss: 1000
10,3,9, ss: 1000


=== rcno: 8, nData: 160, year: 8, train_course: 0, model: 7 ===
7,9,10,4,8,3

7,9,10, ss: 2500
7,10,9, ss: 1500
9,7,10, ss: 1500
9,10,7, ss: 1500
10,7,9, ss: 1000
10,9,7, ss: 1000


=== rcno: 9, nData: 160, year: 8, train_course: 0, model: 7 ===
3,1,8,2,4,7

3,1,8, ss: 2500
3,8,1, ss: 1500
1,3,8, ss: 1500
1,8,3, ss: 1500
8,3,1, ss: 1000
8,1,3, ss: 1000


=== rcno: 1, nData: 160, year: 8, train_course: 0, model: 8 ===
2,10,5,3,9,1

2,10,5, ss: 2500
2,5,10, ss: 1500
10,2,5, ss: 1500
10,5,2, ss: 1500
5,2,10, ss: 1000
5,10,2, ss: 1000


=== rcno: 2, nData: 160, year: 8, train_course: 0, model: 8 ===
5,4,7,10,9,6

5,4,7, ss: 2500
5,7,4, ss: 1500
4,5,7, ss: 1500
4,7,5, ss: 1500
7,5,4, ss: 1000
7,4,5, ss: 1000


=== rcno: 3, nData: 160, year: 8, train_course: 0, model: 8 ===
3,10,2,7,5,8

3,10,2, ss: 2500
3,2,10, ss: 1500
10,3,2, ss: 1500
10,2,3, ss: 1500
2,3,10, ss: 1000
2,10,3, ss: 1000


=== rcno: 4, nData: 160, year: 8, train_course: 0, model: 8 ===
1,4,2,7,5,9

1,4,2, ss: 2500
1,2,4, ss: 1500
4,1,2, ss: 1500
4,2,1, ss: 1500
2,1,4, ss: 1000
2,4,1, ss: 1000


=== rcno: 5, nData: 160, year: 8, train_course: 0, model: 8 ===
9,4,7,10,1,5

9,4,7, ss: 2500
9,7,4, ss: 1500
4,9,7, ss: 1500
4,7,9, ss: 1500
7,9,4, ss: 1000
7,4,9, ss: 1000


=== rcno: 6, nData: 160, year: 8, train_course: 0, model: 8 ===
5,7,12,4,1,6

5,7,12, ss: 2500
5,12,7, ss: 1500
7,5,12, ss: 1500
7,12,5, ss: 1500
12,5,7, ss: 1000
12,7,5, ss: 1000


=== rcno: 7, nData: 160, year: 8, train_course: 0, model: 8 ===
9,3,10,7,2,6

9,3,10, ss: 2500
9,10,3, ss: 1500
3,9,10, ss: 1500
3,10,9, ss: 1500
10,9,3, ss: 1000
10,3,9, ss: 1000


=== rcno: 8, nData: 160, year: 8, train_course: 0, model: 8 ===
7,9,10,4,8,3

7,9,10, ss: 2500
7,10,9, ss: 1500
9,7,10, ss: 1500
9,10,7, ss: 1500
10,7,9, ss: 1000
10,9,7, ss: 1000


=== rcno: 9, nData: 160, year: 8, train_course: 0, model: 8 ===
3,1,8,2,4,7

3,1,8, ss: 2500
3,8,1, ss: 1500
1,3,8, ss: 1500
1,8,3, ss: 1500
8,3,1, ss: 1000
8,1,3, ss: 1000


=== rcno: 1, nData: 160, year: 8, train_course: 0, model: 9 ===
2,10,5,3,9,1

2,10,5, ss: 2500
2,5,10, ss: 1500
10,2,5, ss: 1500
10,5,2, ss: 1500
5,2,10, ss: 1000
5,10,2, ss: 1000


=== rcno: 2, nData: 160, year: 8, train_course: 0, model: 9 ===
5,4,7,10,9,6

5,4,7, ss: 2500
5,7,4, ss: 1500
4,5,7, ss: 1500
4,7,5, ss: 1500
7,5,4, ss: 1000
7,4,5, ss: 1000


=== rcno: 3, nData: 160, year: 8, train_course: 0, model: 9 ===
3,10,2,7,5,8

3,10,2, ss: 2500
3,2,10, ss: 1500
10,3,2, ss: 1500
10,2,3, ss: 1500
2,3,10, ss: 1000
2,10,3, ss: 1000


=== rcno: 4, nData: 160, year: 8, train_course: 0, model: 9 ===
1,4,2,7,5,9

1,4,2, ss: 2500
1,2,4, ss: 1500
4,1,2, ss: 1500
4,2,1, ss: 1500
2,1,4, ss: 1000
2,4,1, ss: 1000


=== rcno: 5, nData: 160, year: 8, train_course: 0, model: 9 ===
9,4,7,10,1,5

9,4,7, ss: 2500
9,7,4, ss: 1500
4,9,7, ss: 1500
4,7,9, ss: 1500
7,9,4, ss: 1000
7,4,9, ss: 1000


=== rcno: 6, nData: 160, year: 8, train_course: 0, model: 9 ===
5,7,12,4,1,6

5,7,12, ss: 2500
5,12,7, ss: 1500
7,5,12, ss: 1500
7,12,5, ss: 1500
12,5,7, ss: 1000
12,7,5, ss: 1000


=== rcno: 7, nData: 160, year: 8, train_course: 0, model: 9 ===
9,3,10,7,2,6

9,3,10, ss: 2500
9,10,3, ss: 1500
3,9,10, ss: 1500
3,10,9, ss: 1500
10,9,3, ss: 1000
10,3,9, ss: 1000


=== rcno: 8, nData: 160, year: 8, train_course: 0, model: 9 ===
7,9,10,4,8,3

7,9,10, ss: 2500
7,10,9, ss: 1500
9,7,10, ss: 1500
9,10,7, ss: 1500
10,7,9, ss: 1000
10,9,7, ss: 1000


=== rcno: 9, nData: 160, year: 8, train_course: 0, model: 9 ===
3,1,8,2,4,7

3,1,8, ss: 2500
3,8,1, ss: 1500
1,3,8, ss: 1500
1,8,3, ss: 1500
8,3,1, ss: 1000
8,1,3, ss: 1000


=== rcno: 1, nData: 160, year: 8, train_course: 0, model: 10 ===
2,10,5,3,9,1

2,10,5, ss: 2500
2,5,10, ss: 1500
10,2,5, ss: 1500
10,5,2, ss: 1500
5,2,10, ss: 1000
5,10,2, ss: 1000


=== rcno: 2, nData: 160, year: 8, train_course: 0, model: 10 ===
5,4,7,10,9,6

5,4,7, ss: 2500
5,7,4, ss: 1500
4,5,7, ss: 1500
4,7,5, ss: 1500
7,5,4, ss: 1000
7,4,5, ss: 1000


=== rcno: 3, nData: 160, year: 8, train_course: 0, model: 10 ===
3,10,2,7,5,8

3,10,2, ss: 2500
3,2,10, ss: 1500
10,3,2, ss: 1500
10,2,3, ss: 1500
2,3,10, ss: 1000
2,10,3, ss: 1000


=== rcno: 4, nData: 160, year: 8, train_course: 0, model: 10 ===
1,4,2,7,5,9

1,4,2, ss: 2500
1,2,4, ss: 1500
4,1,2, ss: 1500
4,2,1, ss: 1500
2,1,4, ss: 1000
2,4,1, ss: 1000


=== rcno: 5, nData: 160, year: 8, train_course: 0, model: 10 ===
9,4,7,10,1,5

9,4,7, ss: 2500
9,7,4, ss: 1500
4,9,7, ss: 1500
4,7,9, ss: 1500
7,9,4, ss: 1000
7,4,9, ss: 1000


=== rcno: 6, nData: 160, year: 8, train_course: 0, model: 10 ===
5,7,12,4,1,6

5,7,12, ss: 2500
5,12,7, ss: 1500
7,5,12, ss: 1500
7,12,5, ss: 1500
12,5,7, ss: 1000
12,7,5, ss: 1000


=== rcno: 7, nData: 160, year: 8, train_course: 0, model: 10 ===
9,3,10,7,2,6

9,3,10, ss: 2500
9,10,3, ss: 1500
3,9,10, ss: 1500
3,10,9, ss: 1500
10,9,3, ss: 1000
10,3,9, ss: 1000


=== rcno: 8, nData: 160, year: 8, train_course: 0, model: 10 ===
7,9,10,4,8,3

7,9,10, ss: 2500
7,10,9, ss: 1500
9,7,10, ss: 1500
9,10,7, ss: 1500
10,7,9, ss: 1000
10,9,7, ss: 1000


=== rcno: 9, nData: 160, year: 8, train_course: 0, model: 10 ===
3,1,8,2,4,7

3,1,8, ss: 2500
3,8,1, ss: 1500
1,3,8, ss: 1500
1,8,3, ss: 1500
8,3,1, ss: 1000
8,1,3, ss: 1000