


=== rcno: 1, nData: 160, year: 8, train_course: 0, model: 0 ===
6,1,2,9,8,3

6,1,2, ss: 2500
6,2,1, ss: 1500
1,6,2, ss: 1500
1,2,6, ss: 1500
2,6,1, ss: 1000
2,1,6, ss: 1000


=== rcno: 2, nData: 160, year: 8, train_course: 0, model: 0 ===
8,3,1,7,5,2

8,3,1, ss: 2500
8,1,3, ss: 1500
3,8,1, ss: 1500
3,1,8, ss: 1500
1,8,3, ss: 1000
1,3,8, ss: 1000


=== rcno: 3, nData: 160, year: 8, train_course: 0, model: 0 ===
9,1,6,4,7,8

9,1,6, ss: 2500
9,6,1, ss: 1500
1,9,6, ss: 1500
1,6,9, ss: 1500
6,9,1, ss: 1000
6,1,9, ss: 1000


=== rcno: 4, nData: 160, year: 8, train_course: 0, model: 0 ===
2,8,10,9,7,1

2,8,10, ss: 2500
2,10,8, ss: 1500
8,2,10, ss: 1500
8,10,2, ss: 1500
10,2,8, ss: 1000
10,8,2, ss: 1000


=== rcno: 5, nData: 160, year: 8, train_course: 0, model: 0 ===
7,8,6,2,9,4

7,8,6, ss: 2500
7,6,8, ss: 1500
8,7,6, ss: 1500
8,6,7, ss: 1500
6,7,8, ss: 1000
6,8,7, ss: 1000


=== rcno: 6, nData: 160, year: 8, train_course: 0, model: 0 ===
4,5,10,8,3,7

4,5,10, ss: 2500
4,10,5, ss: 1500
5,4,10, ss: 1500
5,10,4, ss: 1500
10,4,5, ss: 1000
10,5,4, ss: 1000


=== rcno: 7, nData: 160, year: 8, train_course: 0, model: 0 ===
11,6,9,8,1,5

11,6,9, ss: 2500
11,9,6, ss: 1500
6,11,9, ss: 1500
6,9,11, ss: 1500
9,11,6, ss: 1000
9,6,11, ss: 1000


=== rcno: 8, nData: 160, year: 8, train_course: 0, model: 0 ===
7,6,8,10,5,3

7,6,8, ss: 2500
7,8,6, ss: 1500
6,7,8, ss: 1500
6,8,7, ss: 1500
8,7,6, ss: 1000
8,6,7, ss: 1000


=== rcno: 9, nData: 160, year: 8, train_course: 0, model: 0 ===
6,1,4,3,5,8

6,1,4, ss: 2500
6,4,1, ss: 1500
1,6,4, ss: 1500
1,4,6, ss: 1500
4,6,1, ss: 1000
4,1,6, ss: 1000


=== rcno: 1, nData: 160, year: 8, train_course: 0, model: 1 ===
6,1,2,9,8,3

6,1,2, ss: 2500
6,2,1, ss: 1500
1,6,2, ss: 1500
1,2,6, ss: 1500
2,6,1, ss: 1000
2,1,6, ss: 1000


=== rcno: 2, nData: 160, year: 8, train_course: 0, model: 1 ===
8,3,1,7,5,2

8,3,1, ss: 2500
8,1,3, ss: 1500
3,8,1, ss: 1500
3,1,8, ss: 1500
1,8,3, ss: 1000
1,3,8, ss: 1000


=== rcno: 3, nData: 160, year: 8, train_course: 0, model: 1 ===
9,1,6,4,7,8

9,1,6, ss: 2500
9,6,1, ss: 1500
1,9,6, ss: 1500
1,6,9, ss: 1500
6,9,1, ss: 1000
6,1,9, ss: 1000


=== rcno: 4, nData: 160, year: 8, train_course: 0, model: 1 ===
2,8,10,9,7,1

2,8,10, ss: 2500
2,10,8, ss: 1500
8,2,10, ss: 1500
8,10,2, ss: 1500
10,2,8, ss: 1000
10,8,2, ss: 1000


=== rcno: 5, nData: 160, year: 8, train_course: 0, model: 1 ===
7,8,6,2,9,4

7,8,6, ss: 2500
7,6,8, ss: 1500
8,7,6, ss: 1500
8,6,7, ss: 1500
6,7,8, ss: 1000
6,8,7, ss: 1000


=== rcno: 6, nData: 160, year: 8, train_course: 0, model: 1 ===
4,5,10,8,3,7

4,5,10, ss: 2500
4,10,5, ss: 1500
5,4,10, ss: 1500
5,10,4, ss: 1500
10,4,5, ss: 1000
10,5,4, ss: 1000


=== rcno: 7, nData: 160, year: 8, train_course: 0, model: 1 ===
11,6,9,8,1,5

11,6,9, ss: 2500
11,9,6, ss: 1500
6,11,9, ss: 1500
6,9,11, ss: 1500
9,11,6, ss: 1000
9,6,11, ss: 1000


=== rcno: 8, nData: 160, year: 8, train_course: 0, model: 1 ===
7,6,8,10,5,3

7,6,8, ss: 2500
7,8,6, ss: 1500
6,7,8, ss: 1500
6,8,7, ss: 1500
8,7,6, ss: 1000
8,6,7, ss: 1000


=== rcno: 9, nData: 160, year: 8, train_course: 0, model: 1 ===
6,1,4,3,5,8

6,1,4, ss: 2500
6,4,1, ss: 1500
1,6,4, ss: 1500
1,4,6, ss: 1500
4,6,1, ss: 1000
4,1,6, ss: 1000


=== rcno: 1, nData: 160, year: 8, train_course: 0, model: 2 ===
6,1,2,9,8,3

6,1,2, ss: 2500
6,2,1, ss: 1500
1,6,2, ss: 1500
1,2,6, ss: 1500
2,6,1, ss: 1000
2,1,6, ss: 1000


=== rcno: 2, nData: 160, year: 8, train_course: 0, model: 2 ===
8,3,1,7,5,2

8,3,1, ss: 2500
8,1,3, ss: 1500
3,8,1, ss: 1500
3,1,8, ss: 1500
1,8,3, ss: 1000
1,3,8, ss: 1000


=== rcno: 3, nData: 160, year: 8, train_course: 0, model: 2 ===
9,1,6,4,7,8

9,1,6, ss: 2500
9,6,1, ss: 1500
1,9,6, ss: 1500
1,6,9, ss: 1500
6,9,1, ss: 1000
6,1,9, ss: 1000


=== rcno: 4, nData: 160, year: 8, train_course: 0, model: 2 ===
2,8,10,9,7,1

2,8,10, ss: 2500
2,10,8, ss: 1500
8,2,10, ss: 1500
8,10,2, ss: 1500
10,2,8, ss: 1000
10,8,2, ss: 1000


=== rcno: 5, nData: 160, year: 8, train_course: 0, model: 2 ===
7,8,6,2,9,4

7,8,6, ss: 2500
7,6,8, ss: 1500
8,7,6, ss: 1500
8,6,7, ss: 1500
6,7,8, ss: 1000
6,8,7, ss: 1000


=== rcno: 6, nData: 160, year: 8, train_course: 0, model: 2 ===
4,5,10,8,3,7

4,5,10, ss: 2500
4,10,5, ss: 1500
5,4,10, ss: 1500
5,10,4, ss: 1500
10,4,5, ss: 1000
10,5,4, ss: 1000


=== rcno: 7, nData: 160, year: 8, train_course: 0, model: 2 ===
11,6,9,8,1,5

11,6,9, ss: 2500
11,9,6, ss: 1500
6,11,9, ss: 1500
6,9,11, ss: 1500
9,11,6, ss: 1000
9,6,11, ss: 1000


=== rcno: 8, nData: 160, year: 8, train_course: 0, model: 2 ===
7,6,8,10,5,3

7,6,8, ss: 2500
7,8,6, ss: 1500
6,7,8, ss: 1500
6,8,7, ss: 1500
8,7,6, ss: 1000
8,6,7, ss: 1000


=== rcno: 9, nData: 160, year: 8, train_course: 0, model: 2 ===
6,1,4,3,5,8

6,1,4, ss: 2500
6,4,1, ss: 1500
1,6,4, ss: 1500
1,4,6, ss: 1500
4,6,1, ss: 1000
4,1,6, ss: 1000


=== rcno: 1, nData: 160, year: 8, train_course: 0, model: 3 ===
6,1,2,9,8,3

6,1,2, ss: 2500
6,2,1, ss: 1500
1,6,2, ss: 1500
1,2,6, ss: 1500
2,6,1, ss: 1000
2,1,6, ss: 1000


=== rcno: 2, nData: 160, year: 8, train_course: 0, model: 3 ===
8,3,1,7,5,2

8,3,1, ss: 2500
8,1,3, ss: 1500
3,8,1, ss: 1500
3,1,8, ss: 1500
1,8,3, ss: 1000
1,3,8, ss: 1000


=== rcno: 3, nData: 160, year: 8, train_course: 0, model: 3 ===
9,1,6,4,7,8

9,1,6, ss: 2500
9,6,1, ss: 1500
1,9,6, ss: 1500
1,6,9, ss: 1500
6,9,1, ss: 1000
6,1,9, ss: 1000


=== rcno: 4, nData: 160, year: 8, train_course: 0, model: 3 ===
2,8,10,9,7,1

2,8,10, ss: 2500
2,10,8, ss: 1500
8,2,10, ss: 1500
8,10,2, ss: 1500
10,2,8, ss: 1000
10,8,2, ss: 1000


=== rcno: 5, nData: 160, year: 8, train_course: 0, model: 3 ===
7,8,6,2,9,4

7,8,6, ss: 2500
7,6,8, ss: 1500
8,7,6, ss: 1500
8,6,7, ss: 1500
6,7,8, ss: 1000
6,8,7, ss: 1000


=== rcno: 6, nData: 160, year: 8, train_course: 0, model: 3 ===
4,5,10,8,3,7

4,5,10, ss: 2500
4,10,5, ss: 1500
5,4,10, ss: 1500
5,10,4, ss: 1500
10,4,5, ss: 1000
10,5,4, ss: 1000


=== rcno: 7, nData: 160, year: 8, train_course: 0, model: 3 ===
11,6,9,8,1,5

11,6,9, ss: 2500
11,9,6, ss: 1500
6,11,9, ss: 1500
6,9,11, ss: 1500
9,11,6, ss: 1000
9,6,11, ss: 1000


=== rcno: 8, nData: 160, year: 8, train_course: 0, model: 3 ===
7,6,8,10,5,3

7,6,8, ss: 2500
7,8,6, ss: 1500
6,7,8, ss: 1500
6,8,7, ss: 1500
8,7,6, ss: 1000
8,6,7, ss: 1000


=== rcno: 9, nData: 160, year: 8, train_course: 0, model: 3 ===
6,1,4,3,5,8

6,1,4, ss: 2500
6,4,1, ss: 1500
1,6,4, ss: 1500
1,4,6, ss: 1500
4,6,1, ss: 1000
4,1,6, ss: 1000


=== rcno: 1, nData: 160, year: 8, train_course: 0, model: 4 ===
6,1,2,9,8,3

6,1,2, ss: 2500
6,2,1, ss: 1500
1,6,2, ss: 1500
1,2,6, ss: 1500
2,6,1, ss: 1000
2,1,6, ss: 1000


=== rcno: 2, nData: 160, year: 8, train_course: 0, model: 4 ===
8,3,1,7,5,2

8,3,1, ss: 2500
8,1,3, ss: 1500
3,8,1, ss: 1500
3,1,8, ss: 1500
1,8,3, ss: 1000
1,3,8, ss: 1000


=== rcno: 3, nData: 160, year: 8, train_course: 0, model: 4 ===
9,1,6,4,7,8

9,1,6, ss: 2500
9,6,1, ss: 1500
1,9,6, ss: 1500
1,6,9, ss: 1500
6,9,1, ss: 1000
6,1,9, ss: 1000


=== rcno: 4, nData: 160, year: 8, train_course: 0, model: 4 ===
2,8,10,9,7,1

2,8,10, ss: 2500
2,10,8, ss: 1500
8,2,10, ss: 1500
8,10,2, ss: 1500
10,2,8, ss: 1000
10,8,2, ss: 1000


=== rcno: 5, nData: 160, year: 8, train_course: 0, model: 4 ===
7,8,6,2,9,4

7,8,6, ss: 2500
7,6,8, ss: 1500
8,7,6, ss: 1500
8,6,7, ss: 1500
6,7,8, ss: 1000
6,8,7, ss: 1000


=== rcno: 6, nData: 160, year: 8, train_course: 0, model: 4 ===
4,5,10,8,3,7

4,5,10, ss: 2500
4,10,5, ss: 1500
5,4,10, ss: 1500
5,10,4, ss: 1500
10,4,5, ss: 1000
10,5,4, ss: 1000


=== rcno: 7, nData: 160, year: 8, train_course: 0, model: 4 ===
11,6,9,8,1,5

11,6,9, ss: 2500
11,9,6, ss: 1500
6,11,9, ss: 1500
6,9,11, ss: 1500
9,11,6, ss: 1000
9,6,11, ss: 1000


=== rcno: 8, nData: 160, year: 8, train_course: 0, model: 4 ===
7,6,8,10,5,3

7,6,8, ss: 2500
7,8,6, ss: 1500
6,7,8, ss: 1500
6,8,7, ss: 1500
8,7,6, ss: 1000
8,6,7, ss: 1000


=== rcno: 9, nData: 160, year: 8, train_course: 0, model: 4 ===
6,1,4,3,5,8

6,1,4, ss: 2500
6,4,1, ss: 1500
1,6,4, ss: 1500
1,4,6, ss: 1500
4,6,1, ss: 1000
4,1,6, ss: 1000


=== rcno: 1, nData: 160, year: 8, train_course: 0, model: 5 ===
6,1,2,9,8,3

6,1,2, ss: 2500
6,2,1, ss: 1500
1,6,2, ss: 1500
1,2,6, ss: 1500
2,6,1, ss: 1000
2,1,6, ss: 1000


=== rcno: 2, nData: 160, year: 8, train_course: 0, model: 5 ===
8,3,1,7,5,2

8,3,1, ss: 2500
8,1,3, ss: 1500
3,8,1, ss: 1500
3,1,8, ss: 1500
1,8,3, ss: 1000
1,3,8, ss: 1000


=== rcno: 3, nData: 160, year: 8, train_course: 0, model: 5 ===
9,1,6,4,7,8

9,1,6, ss: 2500
9,6,1, ss: 1500
1,9,6, ss: 1500
1,6,9, ss: 1500
6,9,1, ss: 1000
6,1,9, ss: 1000


=== rcno: 4, nData: 160, year: 8, train_course: 0, model: 5 ===
2,8,10,9,7,1

2,8,10, ss: 2500
2,10,8, ss: 1500
8,2,10, ss: 1500
8,10,2, ss: 1500
10,2,8, ss: 1000
10,8,2, ss: 1000


=== rcno: 5, nData: 160, year: 8, train_course: 0, model: 5 ===
7,8,6,2,9,4

7,8,6, ss: 2500
7,6,8, ss: 1500
8,7,6, ss: 1500
8,6,7, ss: 1500
6,7,8, ss: 1000
6,8,7, ss: 1000


=== rcno: 6, nData: 160, year: 8, train_course: 0, model: 5 ===
4,5,10,8,3,7

4,5,10, ss: 2500
4,10,5, ss: 1500
5,4,10, ss: 1500
5,10,4, ss: 1500
10,4,5, ss: 1000
10,5,4, ss: 1000


=== rcno: 7, nData: 160, year: 8, train_course: 0, model: 5 ===
11,6,9,8,1,5

11,6,9, ss: 2500
11,9,6, ss: 1500
6,11,9, ss: 1500
6,9,11, ss: 1500
9,11,6, ss: 1000
9,6,11, ss: 1000


=== rcno: 8, nData: 160, year: 8, train_course: 0, model: 5 ===
7,6,8,10,5,3

7,6,8, ss: 2500
7,8,6, ss: 1500
6,7,8, ss: 1500
6,8,7, ss: 1500
8,7,6, ss: 1000
8,6,7, ss: 1000


=== rcno: 9, nData: 160, year: 8, train_course: 0, model: 5 ===
6,1,4,3,5,8

6,1,4, ss: 2500
6,4,1, ss: 1500
1,6,4, ss: 1500
1,4,6, ss: 1500
4,6,1, ss: 1000
4,1,6, ss: 1000


=== rcno: 1, nData: 160, year: 8, train_course: 0, model: 6 ===
6,1,2,9,8,3

6,1,2, ss: 2500
6,2,1, ss: 1500
1,6,2, ss: 1500
1,2,6, ss: 1500
2,6,1, ss: 1000
2,1,6, ss: 1000


=== rcno: 2, nData: 160, year: 8, train_course: 0, model: 6 ===
8,3,1,7,5,2

8,3,1, ss: 2500
8,1,3, ss: 1500
3,8,1, ss: 1500
3,1,8, ss: 1500
1,8,3, ss: 1000
1,3,8, ss: 1000


=== rcno: 3, nData: 160, year: 8, train_course: 0, model: 6 ===
9,1,6,4,7,8

9,1,6, ss: 2500
9,6,1, ss: 1500
1,9,6, ss: 1500
1,6,9, ss: 1500
6,9,1, ss: 1000
6,1,9, ss: 1000


=== rcno: 4, nData: 160, year: 8, train_course: 0, model: 6 ===
2,8,10,9,7,1

2,8,10, ss: 2500
2,10,8, ss: 1500
8,2,10, ss: 1500
8,10,2, ss: 1500
10,2,8, ss: 1000
10,8,2, ss: 1000


=== rcno: 5, nData: 160, year: 8, train_course: 0, model: 6 ===
7,8,6,2,9,4

7,8,6, ss: 2500
7,6,8, ss: 1500
8,7,6, ss: 1500
8,6,7, ss: 1500
6,7,8, ss: 1000
6,8,7, ss: 1000


=== rcno: 6, nData: 160, year: 8, train_course: 0, model: 6 ===
4,5,10,8,3,7

4,5,10, ss: 2500
4,10,5, ss: 1500
5,4,10, ss: 1500
5,10,4, ss: 1500
10,4,5, ss: 1000
10,5,4, ss: 1000


=== rcno: 7, nData: 160, year: 8, train_course: 0, model: 6 ===
11,6,9,8,1,5

11,6,9, ss: 2500
11,9,6, ss: 1500
6,11,9, ss: 1500
6,9,11, ss: 1500
9,11,6, ss: 1000
9,6,11, ss: 1000


=== rcno: 8, nData: 160, year: 8, train_course: 0, model: 6 ===
7,6,8,10,5,3

7,6,8, ss: 2500
7,8,6, ss: 1500
6,7,8, ss: 1500
6,8,7, ss: 1500
8,7,6, ss: 1000
8,6,7, ss: 1000


=== rcno: 9, nData: 160, year: 8, train_course: 0, model: 6 ===
6,1,4,3,5,8

6,1,4, ss: 2500
6,4,1, ss: 1500
1,6,4, ss: 1500
1,4,6, ss: 1500
4,6,1, ss: 1000
4,1,6, ss: 1000


=== rcno: 1, nData: 160, year: 8, train_course: 0, model: 7 ===
6,1,2,9,8,3

6,1,2, ss: 2500
6,2,1, ss: 1500
1,6,2, ss: 1500
1,2,6, ss: 1500
2,6,1, ss: 1000
2,1,6, ss: 1000


=== rcno: 2, nData: 160, year: 8, train_course: 0, model: 7 ===
8,3,1,7,5,2

8,3,1, ss: 2500
8,1,3, ss: 1500
3,8,1, ss: 1500
3,1,8, ss: 1500
1,8,3, ss: 1000
1,3,8, ss: 1000


=== rcno: 3, nData: 160, year: 8, train_course: 0, model: 7 ===
9,1,6,4,7,8

9,1,6, ss: 2500
9,6,1, ss: 1500
1,9,6, ss: 1500
1,6,9, ss: 1500
6,9,1, ss: 1000
6,1,9, ss: 1000


=== rcno: 4, nData: 160, year: 8, train_course: 0, model: 7 ===
2,8,10,9,7,1

2,8,10, ss: 2500
2,10,8, ss: 1500
8,2,10, ss: 1500
8,10,2, ss: 1500
10,2,8, ss: 1000
10,8,2, ss: 1000


=== rcno: 5, nData: 160, year: 8, train_course: 0, model: 7 ===
7,8,6,2,9,4

7,8,6, ss: 2500
7,6,8, ss: 1500
8,7,6, ss: 1500
8,6,7, ss: 1500
6,7,8, ss: 1000
6,8,7, ss: 1000


=== rcno: 6, nData: 160, year: 8, train_course: 0, model: 7 ===
4,5,10,8,3,7

4,5,10, ss: 2500
4,10,5, ss: 1500
5,4,10, ss: 1500
5,10,4, ss: 1500
10,4,5, ss: 1000
10,5,4, ss: 1000


=== rcno: 7, nData: 160, year: 8, train_course: 0, model: 7 ===
11,6,9,8,1,5

11,6,9, ss: 2500
11,9,6, ss: 1500
6,11,9, ss: 1500
6,9,11, ss: 1500
9,11,6, ss: 1000
9,6,11, ss: 1000


=== rcno: 8, nData: 160, year: 8, train_course: 0, model: 7 ===
7,6,8,10,5,3

7,6,8, ss: 2500
7,8,6, ss: 1500
6,7,8, ss: 1500
6,8,7, ss: 1500
8,7,6, ss: 1000
8,6,7, ss: 1000


=== rcno: 9, nData: 160, year: 8, train_course: 0, model: 7 ===
6,1,4,3,5,8

6,1,4, ss: 2500
6,4,1, ss: 1500
1,6,4, ss: 1500
1,4,6, ss: 1500
4,6,1, ss: 1000
4,1,6, ss: 1000


=== rcno: 1, nData: 160, year: 8, train_course: 0, model: 8 ===
6,1,2,9,8,3

6,1,2, ss: 2500
6,2,1, ss: 1500
1,6,2, ss: 1500
1,2,6, ss: 1500
2,6,1, ss: 1000
2,1,6, ss: 1000


=== rcno: 2, nData: 160, year: 8, train_course: 0, model: 8 ===
8,3,1,7,5,2

8,3,1, ss: 2500
8,1,3, ss: 1500
3,8,1, ss: 1500
3,1,8, ss: 1500
1,8,3, ss: 1000
1,3,8, ss: 1000


=== rcno: 3, nData: 160, year: 8, train_course: 0, model: 8 ===
9,1,6,4,7,8

9,1,6, ss: 2500
9,6,1, ss: 1500
1,9,6, ss: 1500
1,6,9, ss: 1500
6,9,1, ss: 1000
6,1,9, ss: 1000


=== rcno: 4, nData: 160, year: 8, train_course: 0, model: 8 ===
2,8,10,9,7,1

2,8,10, ss: 2500
2,10,8, ss: 1500
8,2,10, ss: 1500
8,10,2, ss: 1500
10,2,8, ss: 1000
10,8,2, ss: 1000


=== rcno: 5, nData: 160, year: 8, train_course: 0, model: 8 ===
7,8,6,2,9,4

7,8,6, ss: 2500
7,6,8, ss: 1500
8,7,6, ss: 1500
8,6,7, ss: 1500
6,7,8, ss: 1000
6,8,7, ss: 1000


=== rcno: 6, nData: 160, year: 8, train_course: 0, model: 8 ===
4,5,10,8,3,7

4,5,10, ss: 2500
4,10,5, ss: 1500
5,4,10, ss: 1500
5,10,4, ss: 1500
10,4,5, ss: 1000
10,5,4, ss: 1000


=== rcno: 7, nData: 160, year: 8, train_course: 0, model: 8 ===
11,6,9,8,1,5

11,6,9, ss: 2500
11,9,6, ss: 1500
6,11,9, ss: 1500
6,9,11, ss: 1500
9,11,6, ss: 1000
9,6,11, ss: 1000


=== rcno: 8, nData: 160, year: 8, train_course: 0, model: 8 ===
7,6,8,10,5,3

7,6,8, ss: 2500
7,8,6, ss: 1500
6,7,8, ss: 1500
6,8,7, ss: 1500
8,7,6, ss: 1000
8,6,7, ss: 1000


=== rcno: 9, nData: 160, year: 8, train_course: 0, model: 8 ===
6,1,4,3,5,8

6,1,4, ss: 2500
6,4,1, ss: 1500
1,6,4, ss: 1500
1,4,6, ss: 1500
4,6,1, ss: 1000
4,1,6, ss: 1000


=== rcno: 1, nData: 160, year: 8, train_course: 0, model: 9 ===
6,1,2,9,8,3

6,1,2, ss: 2500
6,2,1, ss: 1500
1,6,2, ss: 1500
1,2,6, ss: 1500
2,6,1, ss: 1000
2,1,6, ss: 1000


=== rcno: 2, nData: 160, year: 8, train_course: 0, model: 9 ===
8,3,1,7,5,2

8,3,1, ss: 2500
8,1,3, ss: 1500
3,8,1, ss: 1500
3,1,8, ss: 1500
1,8,3, ss: 1000
1,3,8, ss: 1000


=== rcno: 3, nData: 160, year: 8, train_course: 0, model: 9 ===
9,1,6,4,7,8

9,1,6, ss: 2500
9,6,1, ss: 1500
1,9,6, ss: 1500
1,6,9, ss: 1500
6,9,1, ss: 1000
6,1,9, ss: 1000


=== rcno: 4, nData: 160, year: 8, train_course: 0, model: 9 ===
2,8,10,9,7,1

2,8,10, ss: 2500
2,10,8, ss: 1500
8,2,10, ss: 1500
8,10,2, ss: 1500
10,2,8, ss: 1000
10,8,2, ss: 1000


=== rcno: 5, nData: 160, year: 8, train_course: 0, model: 9 ===
7,8,6,2,9,4

7,8,6, ss: 2500
7,6,8, ss: 1500
8,7,6, ss: 1500
8,6,7, ss: 1500
6,7,8, ss: 1000
6,8,7, ss: 1000


=== rcno: 6, nData: 160, year: 8, train_course: 0, model: 9 ===
4,5,10,8,3,7

4,5,10, ss: 2500
4,10,5, ss: 1500
5,4,10, ss: 1500
5,10,4, ss: 1500
10,4,5, ss: 1000
10,5,4, ss: 1000


=== rcno: 7, nData: 160, year: 8, train_course: 0, model: 9 ===
11,6,9,8,1,5

11,6,9, ss: 2500
11,9,6, ss: 1500
6,11,9, ss: 1500
6,9,11, ss: 1500
9,11,6, ss: 1000
9,6,11, ss: 1000


=== rcno: 8, nData: 160, year: 8, train_course: 0, model: 9 ===
7,6,8,10,5,3

7,6,8, ss: 2500
7,8,6, ss: 1500
6,7,8, ss: 1500
6,8,7, ss: 1500
8,7,6, ss: 1000
8,6,7, ss: 1000


=== rcno: 9, nData: 160, year: 8, train_course: 0, model: 9 ===
6,1,4,3,5,8

6,1,4, ss: 2500
6,4,1, ss: 1500
1,6,4, ss: 1500
1,4,6, ss: 1500
4,6,1, ss: 1000
4,1,6, ss: 1000


=== rcno: 1, nData: 160, year: 8, train_course: 0, model: 10 ===
6,1,2,9,8,3

6,1,2, ss: 2500
6,2,1, ss: 1500
1,6,2, ss: 1500
1,2,6, ss: 1500
2,6,1, ss: 1000
2,1,6, ss: 1000


=== rcno: 2, nData: 160, year: 8, train_course: 0, model: 10 ===
8,3,1,7,5,2

8,3,1, ss: 2500
8,1,3, ss: 1500
3,8,1, ss: 1500
3,1,8, ss: 1500
1,8,3, ss: 1000
1,3,8, ss: 1000


=== rcno: 3, nData: 160, year: 8, train_course: 0, model: 10 ===
9,1,6,4,7,8

9,1,6, ss: 2500
9,6,1, ss: 1500
1,9,6, ss: 1500
1,6,9, ss: 1500
6,9,1, ss: 1000
6,1,9, ss: 1000


=== rcno: 4, nData: 160, year: 8, train_course: 0, model: 10 ===
2,8,10,9,7,1

2,8,10, ss: 2500
2,10,8, ss: 1500
8,2,10, ss: 1500
8,10,2, ss: 1500
10,2,8, ss: 1000
10,8,2, ss: 1000


=== rcno: 5, nData: 160, year: 8, train_course: 0, model: 10 ===
7,8,6,2,9,4

7,8,6, ss: 2500
7,6,8, ss: 1500
8,7,6, ss: 1500
8,6,7, ss: 1500
6,7,8, ss: 1000
6,8,7, ss: 1000


=== rcno: 6, nData: 160, year: 8, train_course: 0, model: 10 ===
4,5,10,8,3,7

4,5,10, ss: 2500
4,10,5, ss: 1500
5,4,10, ss: 1500
5,10,4, ss: 1500
10,4,5, ss: 1000
10,5,4, ss: 1000


=== rcno: 7, nData: 160, year: 8, train_course: 0, model: 10 ===
11,6,9,8,1,5

11,6,9, ss: 2500
11,9,6, ss: 1500
6,11,9, ss: 1500
6,9,11, ss: 1500
9,11,6, ss: 1000
9,6,11, ss: 1000


=== rcno: 8, nData: 160, year: 8, train_course: 0, model: 10 ===
7,6,8,10,5,3

7,6,8, ss: 2500
7,8,6, ss: 1500
6,7,8, ss: 1500
6,8,7, ss: 1500
8,7,6, ss: 1000
8,6,7, ss: 1000


=== rcno: 9, nData: 160, year: 8, train_course: 0, model: 10 ===
6,1,4,3,5,8

6,1,4, ss: 2500
6,4,1, ss: 1500
1,6,4, ss: 1500
1,4,6, ss: 1500
4,6,1, ss: 1000
4,1,6, ss: 1000