


=== rcno: 1, nData: 186, year: 6, train_course: 0, model: 0 ===
1,6,10,5,2,7

1,6,10, ss: 3500
1,10,6, ss: 2000
6,1,10, ss: 2000
6,10,1, ss: 2000
10,1,6, ss: 1500
10,6,1, ss: 1500


=== rcno: 2, nData: 186, year: 6, train_course: 0, model: 0 ===
10,5,7,1,9,4

10,5,7, ss: 3500
10,7,5, ss: 2000
5,10,7, ss: 2000
5,7,10, ss: 2000
7,10,5, ss: 1500
7,5,10, ss: 1500


=== rcno: 3, nData: 186, year: 6, train_course: 0, model: 0 ===
3,10,8,12,9,7

3,10,8, ss: 3500
3,8,10, ss: 2000
10,3,8, ss: 2000
10,8,3, ss: 2000
8,3,10, ss: 1500
8,10,3, ss: 1500


=== rcno: 4, nData: 186, year: 6, train_course: 0, model: 0 ===
3,4,12,2,5,11

3,4,12, ss: 3500
3,12,4, ss: 2000
4,3,12, ss: 2000
4,12,3, ss: 2000
12,3,4, ss: 1500
12,4,3, ss: 1500


=== rcno: 5, nData: 186, year: 6, train_course: 0, model: 0 ===
5,12,9,3,8,6

5,12,9, ss: 3500
5,9,12, ss: 2000
12,5,9, ss: 2000
12,9,5, ss: 2000
9,5,12, ss: 1500
9,12,5, ss: 1500


=== rcno: 6, nData: 186, year: 6, train_course: 0, model: 0 ===
3,11,10,6,5,7

3,11,10, ss: 3500
3,10,11, ss: 2000
11,3,10, ss: 2000
11,10,3, ss: 2000
10,3,11, ss: 1500
10,11,3, ss: 1500


=== rcno: 7, nData: 186, year: 6, train_course: 0, model: 0 ===
3,12,4,11,1,2

3,12,4, ss: 3500
3,4,12, ss: 2000
12,3,4, ss: 2000
12,4,3, ss: 2000
4,3,12, ss: 1500
4,12,3, ss: 1500


=== rcno: 8, nData: 186, year: 6, train_course: 0, model: 0 ===
2,8,1,10,12,6

2,8,1, ss: 3500
2,1,8, ss: 2000
8,2,1, ss: 2000
8,1,2, ss: 2000
1,2,8, ss: 1500
1,8,2, ss: 1500


=== rcno: 9, nData: 186, year: 6, train_course: 0, model: 0 ===
4,2,10,6,11,1

4,2,10, ss: 3500
4,10,2, ss: 2000
2,4,10, ss: 2000
2,10,4, ss: 2000
10,4,2, ss: 1500
10,2,4, ss: 1500


=== rcno: 10, nData: 186, year: 6, train_course: 0, model: 0 ===
8,5,1,10,6,2

8,5,1, ss: 3500
8,1,5, ss: 2000
5,8,1, ss: 2000
5,1,8, ss: 2000
1,8,5, ss: 1500
1,5,8, ss: 1500


=== rcno: 11, nData: 186, year: 6, train_course: 0, model: 0 ===
10,3,11,6,8,7

10,3,11, ss: 3500
10,11,3, ss: 2000
3,10,11, ss: 2000
3,11,10, ss: 2000
11,10,3, ss: 1500
11,3,10, ss: 1500


=== rcno: 1, nData: 186, year: 6, train_course: 0, model: 1 ===
1,6,7,8,11,5

1,6,7, ss: 3500
1,7,6, ss: 2000
6,1,7, ss: 2000
6,7,1, ss: 2000
7,1,6, ss: 1500
7,6,1, ss: 1500


=== rcno: 2, nData: 186, year: 6, train_course: 0, model: 1 ===
10,5,7,4,9,1

10,5,7, ss: 3500
10,7,5, ss: 2000
5,10,7, ss: 2000
5,7,10, ss: 2000
7,10,5, ss: 1500
7,5,10, ss: 1500


=== rcno: 3, nData: 186, year: 6, train_course: 0, model: 1 ===
3,10,9,8,12,6

3,10,9, ss: 3500
3,9,10, ss: 2000
10,3,9, ss: 2000
10,9,3, ss: 2000
9,3,10, ss: 1500
9,10,3, ss: 1500


=== rcno: 4, nData: 186, year: 6, train_course: 0, model: 1 ===
3,12,2,5,4,6

3,12,2, ss: 3500
3,2,12, ss: 2000
12,3,2, ss: 2000
12,2,3, ss: 2000
2,3,12, ss: 1500
2,12,3, ss: 1500


=== rcno: 5, nData: 186, year: 6, train_course: 0, model: 1 ===
5,12,9,3,8,11

5,12,9, ss: 3500
5,9,12, ss: 2000
12,5,9, ss: 2000
12,9,5, ss: 2000
9,5,12, ss: 1500
9,12,5, ss: 1500


=== rcno: 6, nData: 186, year: 6, train_course: 0, model: 1 ===
11,10,7,3,5,12

11,10,7, ss: 3500
11,7,10, ss: 2000
10,11,7, ss: 2000
10,7,11, ss: 2000
7,11,10, ss: 1500
7,10,11, ss: 1500


=== rcno: 7, nData: 186, year: 6, train_course: 0, model: 1 ===
3,4,12,11,1,2

3,4,12, ss: 3500
3,12,4, ss: 2000
4,3,12, ss: 2000
4,12,3, ss: 2000
12,3,4, ss: 1500
12,4,3, ss: 1500


=== rcno: 8, nData: 186, year: 6, train_course: 0, model: 1 ===
2,8,12,1,10,6

2,8,12, ss: 3500
2,12,8, ss: 2000
8,2,12, ss: 2000
8,12,2, ss: 2000
12,2,8, ss: 1500
12,8,2, ss: 1500


=== rcno: 9, nData: 186, year: 6, train_course: 0, model: 1 ===
2,10,4,1,6,11

2,10,4, ss: 3500
2,4,10, ss: 2000
10,2,4, ss: 2000
10,4,2, ss: 2000
4,2,10, ss: 1500
4,10,2, ss: 1500


=== rcno: 10, nData: 186, year: 6, train_course: 0, model: 1 ===
5,2,8,6,10,1

5,2,8, ss: 3500
5,8,2, ss: 2000
2,5,8, ss: 2000
2,8,5, ss: 2000
8,5,2, ss: 1500
8,2,5, ss: 1500


=== rcno: 11, nData: 186, year: 6, train_course: 0, model: 1 ===
10,3,11,7,6,8

10,3,11, ss: 3500
10,11,3, ss: 2000
3,10,11, ss: 2000
3,11,10, ss: 2000
11,10,3, ss: 1500
11,3,10, ss: 1500


=== rcno: 1, nData: 186, year: 6, train_course: 0, model: 2 ===
1,7,6,11,8,5

1,7,6, ss: 3500
1,6,7, ss: 2000
7,1,6, ss: 2000
7,6,1, ss: 2000
6,1,7, ss: 1500
6,7,1, ss: 1500


=== rcno: 2, nData: 186, year: 6, train_course: 0, model: 2 ===
10,5,7,4,9,1

10,5,7, ss: 3500
10,7,5, ss: 2000
5,10,7, ss: 2000
5,7,10, ss: 2000
7,10,5, ss: 1500
7,5,10, ss: 1500


=== rcno: 3, nData: 186, year: 6, train_course: 0, model: 2 ===
3,10,9,8,12,7

3,10,9, ss: 3500
3,9,10, ss: 2000
10,3,9, ss: 2000
10,9,3, ss: 2000
9,3,10, ss: 1500
9,10,3, ss: 1500


=== rcno: 4, nData: 186, year: 6, train_course: 0, model: 2 ===
3,5,12,2,6,4

3,5,12, ss: 3500
3,12,5, ss: 2000
5,3,12, ss: 2000
5,12,3, ss: 2000
12,3,5, ss: 1500
12,5,3, ss: 1500


=== rcno: 5, nData: 186, year: 6, train_course: 0, model: 2 ===
5,9,8,3,11,12

5,9,8, ss: 3500
5,8,9, ss: 2000
9,5,8, ss: 2000
9,8,5, ss: 2000
8,5,9, ss: 1500
8,9,5, ss: 1500


=== rcno: 6, nData: 186, year: 6, train_course: 0, model: 2 ===
11,10,5,2,3,7

11,10,5, ss: 3500
11,5,10, ss: 2000
10,11,5, ss: 2000
10,5,11, ss: 2000
5,11,10, ss: 1500
5,10,11, ss: 1500


=== rcno: 7, nData: 186, year: 6, train_course: 0, model: 2 ===
4,3,12,1,11,2

4,3,12, ss: 3500
4,12,3, ss: 2000
3,4,12, ss: 2000
3,12,4, ss: 2000
12,4,3, ss: 1500
12,3,4, ss: 1500


=== rcno: 8, nData: 186, year: 6, train_course: 0, model: 2 ===
2,8,12,1,10,6

2,8,12, ss: 3500
2,12,8, ss: 2000
8,2,12, ss: 2000
8,12,2, ss: 2000
12,2,8, ss: 1500
12,8,2, ss: 1500


=== rcno: 9, nData: 186, year: 6, train_course: 0, model: 2 ===
1,2,4,7,8,10

1,2,4, ss: 3500
1,4,2, ss: 2000
2,1,4, ss: 2000
2,4,1, ss: 2000
4,1,2, ss: 1500
4,2,1, ss: 1500


=== rcno: 10, nData: 186, year: 6, train_course: 0, model: 2 ===
5,2,6,8,10,7

5,2,6, ss: 3500
5,6,2, ss: 2000
2,5,6, ss: 2000
2,6,5, ss: 2000
6,5,2, ss: 1500
6,2,5, ss: 1500


=== rcno: 11, nData: 186, year: 6, train_course: 0, model: 2 ===
10,3,11,7,9,8

10,3,11, ss: 3500
10,11,3, ss: 2000
3,10,11, ss: 2000
3,11,10, ss: 2000
11,10,3, ss: 1500
11,3,10, ss: 1500


=== rcno: 1, nData: 186, year: 6, train_course: 0, model: 3 ===
1,6,10,5,7,11

1,6,10, ss: 3500
1,10,6, ss: 2000
6,1,10, ss: 2000
6,10,1, ss: 2000
10,1,6, ss: 1500
10,6,1, ss: 1500


=== rcno: 2, nData: 186, year: 6, train_course: 0, model: 3 ===
10,5,7,1,4,9

10,5,7, ss: 3500
10,7,5, ss: 2000
5,10,7, ss: 2000
5,7,10, ss: 2000
7,10,5, ss: 1500
7,5,10, ss: 1500


=== rcno: 3, nData: 186, year: 6, train_course: 0, model: 3 ===
3,10,6,9,7,8

3,10,6, ss: 3500
3,6,10, ss: 2000
10,3,6, ss: 2000
10,6,3, ss: 2000
6,3,10, ss: 1500
6,10,3, ss: 1500


=== rcno: 4, nData: 186, year: 6, train_course: 0, model: 3 ===
3,4,12,2,5,6

3,4,12, ss: 3500
3,12,4, ss: 2000
4,3,12, ss: 2000
4,12,3, ss: 2000
12,3,4, ss: 1500
12,4,3, ss: 1500


=== rcno: 5, nData: 186, year: 6, train_course: 0, model: 3 ===
5,12,9,8,3,1

5,12,9, ss: 3500
5,9,12, ss: 2000
12,5,9, ss: 2000
12,9,5, ss: 2000
9,5,12, ss: 1500
9,12,5, ss: 1500


=== rcno: 6, nData: 186, year: 6, train_course: 0, model: 3 ===
3,6,11,5,7,10

3,6,11, ss: 3500
3,11,6, ss: 2000
6,3,11, ss: 2000
6,11,3, ss: 2000
11,3,6, ss: 1500
11,6,3, ss: 1500


=== rcno: 7, nData: 186, year: 6, train_course: 0, model: 3 ===
3,12,4,11,1,2

3,12,4, ss: 3500
3,4,12, ss: 2000
12,3,4, ss: 2000
12,4,3, ss: 2000
4,3,12, ss: 1500
4,12,3, ss: 1500


=== rcno: 8, nData: 186, year: 6, train_course: 0, model: 3 ===
2,8,1,10,12,6

2,8,1, ss: 3500
2,1,8, ss: 2000
8,2,1, ss: 2000
8,1,2, ss: 2000
1,2,8, ss: 1500
1,8,2, ss: 1500


=== rcno: 9, nData: 186, year: 6, train_course: 0, model: 3 ===
4,2,1,11,6,8

4,2,1, ss: 3500
4,1,2, ss: 2000
2,4,1, ss: 2000
2,1,4, ss: 2000
1,4,2, ss: 1500
1,2,4, ss: 1500


=== rcno: 10, nData: 186, year: 6, train_course: 0, model: 3 ===
5,8,2,1,6,10

5,8,2, ss: 3500
5,2,8, ss: 2000
8,5,2, ss: 2000
8,2,5, ss: 2000
2,5,8, ss: 1500
2,8,5, ss: 1500


=== rcno: 11, nData: 186, year: 6, train_course: 0, model: 3 ===
10,3,11,7,6,9

10,3,11, ss: 3500
10,11,3, ss: 2000
3,10,11, ss: 2000
3,11,10, ss: 2000
11,10,3, ss: 1500
11,3,10, ss: 1500


=== rcno: 1, nData: 186, year: 6, train_course: 0, model: 4 ===
1,6,7,5,10,2

1,6,7, ss: 3500
1,7,6, ss: 2000
6,1,7, ss: 2000
6,7,1, ss: 2000
7,1,6, ss: 1500
7,6,1, ss: 1500


=== rcno: 2, nData: 186, year: 6, train_course: 0, model: 4 ===
10,7,5,1,4,9

10,7,5, ss: 3500
10,5,7, ss: 2000
7,10,5, ss: 2000
7,5,10, ss: 2000
5,10,7, ss: 1500
5,7,10, ss: 1500


=== rcno: 3, nData: 186, year: 6, train_course: 0, model: 4 ===
3,10,9,6,12,8

3,10,9, ss: 3500
3,9,10, ss: 2000
10,3,9, ss: 2000
10,9,3, ss: 2000
9,3,10, ss: 1500
9,10,3, ss: 1500


=== rcno: 4, nData: 186, year: 6, train_course: 0, model: 4 ===
3,2,12,5,4,6

3,2,12, ss: 3500
3,12,2, ss: 2000
2,3,12, ss: 2000
2,12,3, ss: 2000
12,3,2, ss: 1500
12,2,3, ss: 1500


=== rcno: 5, nData: 186, year: 6, train_course: 0, model: 4 ===
5,12,3,9,11,8

5,12,3, ss: 3500
5,3,12, ss: 2000
12,5,3, ss: 2000
12,3,5, ss: 2000
3,5,12, ss: 1500
3,12,5, ss: 1500


=== rcno: 6, nData: 186, year: 6, train_course: 0, model: 4 ===
3,5,11,10,7,12

3,5,11, ss: 3500
3,11,5, ss: 2000
5,3,11, ss: 2000
5,11,3, ss: 2000
11,3,5, ss: 1500
11,5,3, ss: 1500


=== rcno: 7, nData: 186, year: 6, train_course: 0, model: 4 ===
4,3,12,7,1,11

4,3,12, ss: 3500
4,12,3, ss: 2000
3,4,12, ss: 2000
3,12,4, ss: 2000
12,4,3, ss: 1500
12,3,4, ss: 1500


=== rcno: 8, nData: 186, year: 6, train_course: 0, model: 4 ===
2,8,12,1,10,6

2,8,12, ss: 3500
2,12,8, ss: 2000
8,2,12, ss: 2000
8,12,2, ss: 2000
12,2,8, ss: 1500
12,8,2, ss: 1500


=== rcno: 9, nData: 186, year: 6, train_course: 0, model: 4 ===
2,10,1,4,11,6

2,10,1, ss: 3500
2,1,10, ss: 2000
10,2,1, ss: 2000
10,1,2, ss: 2000
1,2,10, ss: 1500
1,10,2, ss: 1500


=== rcno: 10, nData: 186, year: 6, train_course: 0, model: 4 ===
5,8,2,10,6,4

5,8,2, ss: 3500
5,2,8, ss: 2000
8,5,2, ss: 2000
8,2,5, ss: 2000
2,5,8, ss: 1500
2,8,5, ss: 1500


=== rcno: 11, nData: 186, year: 6, train_course: 0, model: 4 ===
10,3,11,7,6,8

10,3,11, ss: 3500
10,11,3, ss: 2000
3,10,11, ss: 2000
3,11,10, ss: 2000
11,10,3, ss: 1500
11,3,10, ss: 1500


=== rcno: 1, nData: 186, year: 6, train_course: 0, model: 5 ===
1,6,7,8,11,5

1,6,7, ss: 3500
1,7,6, ss: 2000
6,1,7, ss: 2000
6,7,1, ss: 2000
7,1,6, ss: 1500
7,6,1, ss: 1500


=== rcno: 2, nData: 186, year: 6, train_course: 0, model: 5 ===
10,5,7,4,9,1

10,5,7, ss: 3500
10,7,5, ss: 2000
5,10,7, ss: 2000
5,7,10, ss: 2000
7,10,5, ss: 1500
7,5,10, ss: 1500


=== rcno: 3, nData: 186, year: 6, train_course: 0, model: 5 ===
3,10,9,8,12,6

3,10,9, ss: 3500
3,9,10, ss: 2000
10,3,9, ss: 2000
10,9,3, ss: 2000
9,3,10, ss: 1500
9,10,3, ss: 1500


=== rcno: 4, nData: 186, year: 6, train_course: 0, model: 5 ===
3,12,2,5,4,6

3,12,2, ss: 3500
3,2,12, ss: 2000
12,3,2, ss: 2000
12,2,3, ss: 2000
2,3,12, ss: 1500
2,12,3, ss: 1500


=== rcno: 5, nData: 186, year: 6, train_course: 0, model: 5 ===
5,12,9,3,8,11

5,12,9, ss: 3500
5,9,12, ss: 2000
12,5,9, ss: 2000
12,9,5, ss: 2000
9,5,12, ss: 1500
9,12,5, ss: 1500


=== rcno: 6, nData: 186, year: 6, train_course: 0, model: 5 ===
11,10,7,3,5,12

11,10,7, ss: 3500
11,7,10, ss: 2000
10,11,7, ss: 2000
10,7,11, ss: 2000
7,11,10, ss: 1500
7,10,11, ss: 1500


=== rcno: 7, nData: 186, year: 6, train_course: 0, model: 5 ===
3,4,12,11,1,2

3,4,12, ss: 3500
3,12,4, ss: 2000
4,3,12, ss: 2000
4,12,3, ss: 2000
12,3,4, ss: 1500
12,4,3, ss: 1500


=== rcno: 8, nData: 186, year: 6, train_course: 0, model: 5 ===
2,8,12,1,10,6

2,8,12, ss: 3500
2,12,8, ss: 2000
8,2,12, ss: 2000
8,12,2, ss: 2000
12,2,8, ss: 1500
12,8,2, ss: 1500


=== rcno: 9, nData: 186, year: 6, train_course: 0, model: 5 ===
2,10,4,1,6,11

2,10,4, ss: 3500
2,4,10, ss: 2000
10,2,4, ss: 2000
10,4,2, ss: 2000
4,2,10, ss: 1500
4,10,2, ss: 1500


=== rcno: 10, nData: 186, year: 6, train_course: 0, model: 5 ===
5,2,8,6,10,1

5,2,8, ss: 3500
5,8,2, ss: 2000
2,5,8, ss: 2000
2,8,5, ss: 2000
8,5,2, ss: 1500
8,2,5, ss: 1500


=== rcno: 11, nData: 186, year: 6, train_course: 0, model: 5 ===
10,3,11,7,6,8

10,3,11, ss: 3500
10,11,3, ss: 2000
3,10,11, ss: 2000
3,11,10, ss: 2000
11,10,3, ss: 1500
11,3,10, ss: 1500


=== rcno: 1, nData: 186, year: 6, train_course: 0, model: 6 ===
1,7,6,11,8,5

1,7,6, ss: 3500
1,6,7, ss: 2000
7,1,6, ss: 2000
7,6,1, ss: 2000
6,1,7, ss: 1500
6,7,1, ss: 1500


=== rcno: 2, nData: 186, year: 6, train_course: 0, model: 6 ===
10,5,7,4,9,1

10,5,7, ss: 3500
10,7,5, ss: 2000
5,10,7, ss: 2000
5,7,10, ss: 2000
7,10,5, ss: 1500
7,5,10, ss: 1500


=== rcno: 3, nData: 186, year: 6, train_course: 0, model: 6 ===
3,10,9,8,12,7

3,10,9, ss: 3500
3,9,10, ss: 2000
10,3,9, ss: 2000
10,9,3, ss: 2000
9,3,10, ss: 1500
9,10,3, ss: 1500


=== rcno: 4, nData: 186, year: 6, train_course: 0, model: 6 ===
3,5,12,2,6,4

3,5,12, ss: 3500
3,12,5, ss: 2000
5,3,12, ss: 2000
5,12,3, ss: 2000
12,3,5, ss: 1500
12,5,3, ss: 1500


=== rcno: 5, nData: 186, year: 6, train_course: 0, model: 6 ===
5,9,8,3,11,12

5,9,8, ss: 3500
5,8,9, ss: 2000
9,5,8, ss: 2000
9,8,5, ss: 2000
8,5,9, ss: 1500
8,9,5, ss: 1500


=== rcno: 6, nData: 186, year: 6, train_course: 0, model: 6 ===
11,10,5,2,3,7

11,10,5, ss: 3500
11,5,10, ss: 2000
10,11,5, ss: 2000
10,5,11, ss: 2000
5,11,10, ss: 1500
5,10,11, ss: 1500


=== rcno: 7, nData: 186, year: 6, train_course: 0, model: 6 ===
4,3,12,1,11,2

4,3,12, ss: 3500
4,12,3, ss: 2000
3,4,12, ss: 2000
3,12,4, ss: 2000
12,4,3, ss: 1500
12,3,4, ss: 1500


=== rcno: 8, nData: 186, year: 6, train_course: 0, model: 6 ===
2,8,12,1,10,6

2,8,12, ss: 3500
2,12,8, ss: 2000
8,2,12, ss: 2000
8,12,2, ss: 2000
12,2,8, ss: 1500
12,8,2, ss: 1500


=== rcno: 9, nData: 186, year: 6, train_course: 0, model: 6 ===
1,2,4,7,8,10

1,2,4, ss: 3500
1,4,2, ss: 2000
2,1,4, ss: 2000
2,4,1, ss: 2000
4,1,2, ss: 1500
4,2,1, ss: 1500


=== rcno: 10, nData: 186, year: 6, train_course: 0, model: 6 ===
5,2,6,8,10,7

5,2,6, ss: 3500
5,6,2, ss: 2000
2,5,6, ss: 2000
2,6,5, ss: 2000
6,5,2, ss: 1500
6,2,5, ss: 1500


=== rcno: 11, nData: 186, year: 6, train_course: 0, model: 6 ===
10,3,11,7,9,8

10,3,11, ss: 3500
10,11,3, ss: 2000
3,10,11, ss: 2000
3,11,10, ss: 2000
11,10,3, ss: 1500
11,3,10, ss: 1500


=== rcno: 1, nData: 186, year: 6, train_course: 0, model: 7 ===
1,6,7,8,11,5

1,6,7, ss: 3500
1,7,6, ss: 2000
6,1,7, ss: 2000
6,7,1, ss: 2000
7,1,6, ss: 1500
7,6,1, ss: 1500


=== rcno: 2, nData: 186, year: 6, train_course: 0, model: 7 ===
10,5,7,4,1,9

10,5,7, ss: 3500
10,7,5, ss: 2000
5,10,7, ss: 2000
5,7,10, ss: 2000
7,10,5, ss: 1500
7,5,10, ss: 1500


=== rcno: 3, nData: 186, year: 6, train_course: 0, model: 7 ===
3,10,9,8,12,6

3,10,9, ss: 3500
3,9,10, ss: 2000
10,3,9, ss: 2000
10,9,3, ss: 2000
9,3,10, ss: 1500
9,10,3, ss: 1500


=== rcno: 4, nData: 186, year: 6, train_course: 0, model: 7 ===
3,12,2,5,4,6

3,12,2, ss: 3500
3,2,12, ss: 2000
12,3,2, ss: 2000
12,2,3, ss: 2000
2,3,12, ss: 1500
2,12,3, ss: 1500


=== rcno: 5, nData: 186, year: 6, train_course: 0, model: 7 ===
5,9,12,3,8,11

5,9,12, ss: 3500
5,12,9, ss: 2000
9,5,12, ss: 2000
9,12,5, ss: 2000
12,5,9, ss: 1500
12,9,5, ss: 1500


=== rcno: 6, nData: 186, year: 6, train_course: 0, model: 7 ===
11,3,10,5,7,12

11,3,10, ss: 3500
11,10,3, ss: 2000
3,11,10, ss: 2000
3,10,11, ss: 2000
10,11,3, ss: 1500
10,3,11, ss: 1500


=== rcno: 7, nData: 186, year: 6, train_course: 0, model: 7 ===
3,4,12,11,1,2

3,4,12, ss: 3500
3,12,4, ss: 2000
4,3,12, ss: 2000
4,12,3, ss: 2000
12,3,4, ss: 1500
12,4,3, ss: 1500


=== rcno: 8, nData: 186, year: 6, train_course: 0, model: 7 ===
2,8,1,12,10,6

2,8,1, ss: 3500
2,1,8, ss: 2000
8,2,1, ss: 2000
8,1,2, ss: 2000
1,2,8, ss: 1500
1,8,2, ss: 1500


=== rcno: 9, nData: 186, year: 6, train_course: 0, model: 7 ===
2,4,1,10,11,6

2,4,1, ss: 3500
2,1,4, ss: 2000
4,2,1, ss: 2000
4,1,2, ss: 2000
1,2,4, ss: 1500
1,4,2, ss: 1500


=== rcno: 10, nData: 186, year: 6, train_course: 0, model: 7 ===
5,2,8,6,10,1

5,2,8, ss: 3500
5,8,2, ss: 2000
2,5,8, ss: 2000
2,8,5, ss: 2000
8,5,2, ss: 1500
8,2,5, ss: 1500


=== rcno: 11, nData: 186, year: 6, train_course: 0, model: 7 ===
10,3,11,7,6,9

10,3,11, ss: 3500
10,11,3, ss: 2000
3,10,11, ss: 2000
3,11,10, ss: 2000
11,10,3, ss: 1500
11,3,10, ss: 1500