


=== rcno: 1, nData: 160, year: 8, train_course: 0, model: 0 ===
3,2,8,1,7,5

3,2,8, ss: 1500
3,8,2, ss: 1500
2,3,8, ss: 1500
2,8,3, ss: 1500
8,3,2, ss: 1500
8,2,3, ss: 1500


=== rcno: 2, nData: 160, year: 8, train_course: 0, model: 0 ===
8,1,7,2,3,5

8,1,7, ss: 1500
8,7,1, ss: 1500
1,8,7, ss: 1500
1,7,8, ss: 1500
7,8,1, ss: 1500
7,1,8, ss: 1500


=== rcno: 3, nData: 160, year: 8, train_course: 0, model: 0 ===
1,7,10,3,4,8

1,7,10, ss: 1500
1,10,7, ss: 1500
7,1,10, ss: 1500
7,10,1, ss: 1500
10,1,7, ss: 1500
10,7,1, ss: 1500


=== rcno: 4, nData: 160, year: 8, train_course: 0, model: 0 ===
6,9,3,1,4,7

6,9,3, ss: 1500
6,3,9, ss: 1500
9,6,3, ss: 1500
9,3,6, ss: 1500
3,6,9, ss: 1500
3,9,6, ss: 1500


=== rcno: 5, nData: 160, year: 8, train_course: 0, model: 0 ===
1,5,9,3,8,4

1,5,9, ss: 1500
1,9,5, ss: 1500
5,1,9, ss: 1500
5,9,1, ss: 1500
9,1,5, ss: 1500
9,5,1, ss: 1500


=== rcno: 6, nData: 160, year: 8, train_course: 0, model: 0 ===
4,3,6,7,8,12

4,3,6, ss: 1500
4,6,3, ss: 1500
3,4,6, ss: 1500
3,6,4, ss: 1500
6,4,3, ss: 1500
6,3,4, ss: 1500


=== rcno: 7, nData: 160, year: 8, train_course: 0, model: 0 ===
4,6,7,9,2,10

4,6,7, ss: 1500
4,7,6, ss: 1500
6,4,7, ss: 1500
6,7,4, ss: 1500
7,4,6, ss: 1500
7,6,4, ss: 1500


=== rcno: 8, nData: 160, year: 8, train_course: 0, model: 0 ===
6,5,4,9,7,1

6,5,4, ss: 1500
6,4,5, ss: 1500
5,6,4, ss: 1500
5,4,6, ss: 1500
4,6,5, ss: 1500
4,5,6, ss: 1500


=== rcno: 9, nData: 160, year: 8, train_course: 0, model: 0 ===
5,3,7,4,2,1

5,3,7, ss: 1500
5,7,3, ss: 1500
3,5,7, ss: 1500
3,7,5, ss: 1500
7,5,3, ss: 1500
7,3,5, ss: 1500


=== rcno: 1, nData: 160, year: 8, train_course: 0, model: 1 ===
8,1,2,3,4,5

8,1,2, ss: 1500
8,2,1, ss: 1500
1,8,2, ss: 1500
1,2,8, ss: 1500
2,8,1, ss: 1500
2,1,8, ss: 1500


=== rcno: 2, nData: 160, year: 8, train_course: 0, model: 1 ===
1,8,6,2,5,7

1,8,6, ss: 1500
1,6,8, ss: 1500
8,1,6, ss: 1500
8,6,1, ss: 1500
6,1,8, ss: 1500
6,8,1, ss: 1500


=== rcno: 3, nData: 160, year: 8, train_course: 0, model: 1 ===
7,5,4,9,6,10

7,5,4, ss: 1500
7,4,5, ss: 1500
5,7,4, ss: 1500
5,4,7, ss: 1500
4,7,5, ss: 1500
4,5,7, ss: 1500


=== rcno: 4, nData: 160, year: 8, train_course: 0, model: 1 ===
6,9,3,1,4,7

6,9,3, ss: 1500
6,3,9, ss: 1500
9,6,3, ss: 1500
9,3,6, ss: 1500
3,6,9, ss: 1500
3,9,6, ss: 1500


=== rcno: 5, nData: 160, year: 8, train_course: 0, model: 1 ===
1,9,3,7,5,10

1,9,3, ss: 1500
1,3,9, ss: 1500
9,1,3, ss: 1500
9,3,1, ss: 1500
3,1,9, ss: 1500
3,9,1, ss: 1500


=== rcno: 6, nData: 160, year: 8, train_course: 0, model: 1 ===
9,1,3,7,4,6

9,1,3, ss: 1500
9,3,1, ss: 1500
1,9,3, ss: 1500
1,3,9, ss: 1500
3,9,1, ss: 1500
3,1,9, ss: 1500


=== rcno: 7, nData: 160, year: 8, train_course: 0, model: 1 ===
4,7,9,2,6,3

4,7,9, ss: 1500
4,9,7, ss: 1500
7,4,9, ss: 1500
7,9,4, ss: 1500
9,4,7, ss: 1500
9,7,4, ss: 1500


=== rcno: 8, nData: 160, year: 8, train_course: 0, model: 1 ===
6,9,7,4,5,1

6,9,7, ss: 1500
6,7,9, ss: 1500
9,6,7, ss: 1500
9,7,6, ss: 1500
7,6,9, ss: 1500
7,9,6, ss: 1500


=== rcno: 9, nData: 160, year: 8, train_course: 0, model: 1 ===
5,6,3,7,4,1

5,6,3, ss: 1500
5,3,6, ss: 1500
6,5,3, ss: 1500
6,3,5, ss: 1500
3,5,6, ss: 1500
3,6,5, ss: 1500


=== rcno: 1, nData: 160, year: 8, train_course: 0, model: 2 ===
2,3,8,7,1,4

2,3,8, ss: 1500
2,8,3, ss: 1500
3,2,8, ss: 1500
3,8,2, ss: 1500
8,2,3, ss: 1500
8,3,2, ss: 1500


=== rcno: 2, nData: 160, year: 8, train_course: 0, model: 2 ===
1,8,2,7,5,3

1,8,2, ss: 1500
1,2,8, ss: 1500
8,1,2, ss: 1500
8,2,1, ss: 1500
2,1,8, ss: 1500
2,8,1, ss: 1500


=== rcno: 3, nData: 160, year: 8, train_course: 0, model: 2 ===
1,7,4,3,6,10

1,7,4, ss: 1500
1,4,7, ss: 1500
7,1,4, ss: 1500
7,4,1, ss: 1500
4,1,7, ss: 1500
4,7,1, ss: 1500


=== rcno: 4, nData: 160, year: 8, train_course: 0, model: 2 ===
6,3,1,9,4,5

6,3,1, ss: 1500
6,1,3, ss: 1500
3,6,1, ss: 1500
3,1,6, ss: 1500
1,6,3, ss: 1500
1,3,6, ss: 1500


=== rcno: 5, nData: 160, year: 8, train_course: 0, model: 2 ===
1,3,9,8,7,2

1,3,9, ss: 1500
1,9,3, ss: 1500
3,1,9, ss: 1500
3,9,1, ss: 1500
9,1,3, ss: 1500
9,3,1, ss: 1500


=== rcno: 6, nData: 160, year: 8, train_course: 0, model: 2 ===
9,3,7,12,6,5

9,3,7, ss: 1500
9,7,3, ss: 1500
3,9,7, ss: 1500
3,7,9, ss: 1500
7,9,3, ss: 1500
7,3,9, ss: 1500


=== rcno: 7, nData: 160, year: 8, train_course: 0, model: 2 ===
6,7,9,2,4,3

6,7,9, ss: 1500
6,9,7, ss: 1500
7,6,9, ss: 1500
7,9,6, ss: 1500
9,6,7, ss: 1500
9,7,6, ss: 1500


=== rcno: 8, nData: 160, year: 8, train_course: 0, model: 2 ===
6,4,9,5,7,1

6,4,9, ss: 1500
6,9,4, ss: 1500
4,6,9, ss: 1500
4,9,6, ss: 1500
9,6,4, ss: 1500
9,4,6, ss: 1500


=== rcno: 9, nData: 160, year: 8, train_course: 0, model: 2 ===
5,7,3,6,2,4

5,7,3, ss: 1500
5,3,7, ss: 1500
7,5,3, ss: 1500
7,3,5, ss: 1500
3,5,7, ss: 1500
3,7,5, ss: 1500


=== rcno: 1, nData: 160, year: 8, train_course: 0, model: 3 ===
3,8,1,7,4,2

3,8,1, ss: 1500
3,1,8, ss: 1500
8,3,1, ss: 1500
8,1,3, ss: 1500
1,3,8, ss: 1500
1,8,3, ss: 1500


=== rcno: 2, nData: 160, year: 8, train_course: 0, model: 3 ===
8,1,7,2,6,5

8,1,7, ss: 1500
8,7,1, ss: 1500
1,8,7, ss: 1500
1,7,8, ss: 1500
7,8,1, ss: 1500
7,1,8, ss: 1500


=== rcno: 3, nData: 160, year: 8, train_course: 0, model: 3 ===
7,10,4,1,3,8

7,10,4, ss: 1500
7,4,10, ss: 1500
10,7,4, ss: 1500
10,4,7, ss: 1500
4,7,10, ss: 1500
4,10,7, ss: 1500


=== rcno: 4, nData: 160, year: 8, train_course: 0, model: 3 ===
6,1,9,4,3,7

6,1,9, ss: 1500
6,9,1, ss: 1500
1,6,9, ss: 1500
1,9,6, ss: 1500
9,6,1, ss: 1500
9,1,6, ss: 1500


=== rcno: 5, nData: 160, year: 8, train_course: 0, model: 3 ===
1,3,9,6,2,8

1,3,9, ss: 1500
1,9,3, ss: 1500
3,1,9, ss: 1500
3,9,1, ss: 1500
9,1,3, ss: 1500
9,3,1, ss: 1500


=== rcno: 6, nData: 160, year: 8, train_course: 0, model: 3 ===
7,9,3,1,5,8

7,9,3, ss: 1500
7,3,9, ss: 1500
9,7,3, ss: 1500
9,3,7, ss: 1500
3,7,9, ss: 1500
3,9,7, ss: 1500


=== rcno: 7, nData: 160, year: 8, train_course: 0, model: 3 ===
7,6,9,2,4,3

7,6,9, ss: 1500
7,9,6, ss: 1500
6,7,9, ss: 1500
6,9,7, ss: 1500
9,7,6, ss: 1500
9,6,7, ss: 1500


=== rcno: 8, nData: 160, year: 8, train_course: 0, model: 3 ===
7,5,6,9,4,3

7,5,6, ss: 1500
7,6,5, ss: 1500
5,7,6, ss: 1500
5,6,7, ss: 1500
6,7,5, ss: 1500
6,5,7, ss: 1500


=== rcno: 9, nData: 160, year: 8, train_course: 0, model: 3 ===
7,5,3,6,4,1

7,5,3, ss: 1500
7,3,5, ss: 1500
5,7,3, ss: 1500
5,3,7, ss: 1500
3,7,5, ss: 1500
3,5,7, ss: 1500


=== rcno: 1, nData: 160, year: 8, train_course: 0, model: 4 ===
3,4,8,1,5,6

3,4,8, ss: 1500
3,8,4, ss: 1500
4,3,8, ss: 1500
4,8,3, ss: 1500
8,3,4, ss: 1500
8,4,3, ss: 1500


=== rcno: 2, nData: 160, year: 8, train_course: 0, model: 4 ===
1,8,4,5,2,6

1,8,4, ss: 1500
1,4,8, ss: 1500
8,1,4, ss: 1500
8,4,1, ss: 1500
4,1,8, ss: 1500
4,8,1, ss: 1500


=== rcno: 3, nData: 160, year: 8, train_course: 0, model: 4 ===
6,4,8,10,7,3

6,4,8, ss: 1500
6,8,4, ss: 1500
4,6,8, ss: 1500
4,8,6, ss: 1500
8,6,4, ss: 1500
8,4,6, ss: 1500


=== rcno: 4, nData: 160, year: 8, train_course: 0, model: 4 ===
3,6,1,4,8,2

3,6,1, ss: 1500
3,1,6, ss: 1500
6,3,1, ss: 1500
6,1,3, ss: 1500
1,3,6, ss: 1500
1,6,3, ss: 1500


=== rcno: 5, nData: 160, year: 8, train_course: 0, model: 4 ===
1,3,9,7,8,2

1,3,9, ss: 1500
1,9,3, ss: 1500
3,1,9, ss: 1500
3,9,1, ss: 1500
9,1,3, ss: 1500
9,3,1, ss: 1500


=== rcno: 6, nData: 160, year: 8, train_course: 0, model: 4 ===
3,7,9,6,8,1

3,7,9, ss: 1500
3,9,7, ss: 1500
7,3,9, ss: 1500
7,9,3, ss: 1500
9,3,7, ss: 1500
9,7,3, ss: 1500


=== rcno: 7, nData: 160, year: 8, train_course: 0, model: 4 ===
4,7,2,9,6,3

4,7,2, ss: 1500
4,2,7, ss: 1500
7,4,2, ss: 1500
7,2,4, ss: 1500
2,4,7, ss: 1500
2,7,4, ss: 1500


=== rcno: 8, nData: 160, year: 8, train_course: 0, model: 4 ===
6,9,4,5,7,1

6,9,4, ss: 1500
6,4,9, ss: 1500
9,6,4, ss: 1500
9,4,6, ss: 1500
4,6,9, ss: 1500
4,9,6, ss: 1500


=== rcno: 9, nData: 160, year: 8, train_course: 0, model: 4 ===
5,4,7,3,6,1

5,4,7, ss: 1500
5,7,4, ss: 1500
4,5,7, ss: 1500
4,7,5, ss: 1500
7,5,4, ss: 1500
7,4,5, ss: 1500


=== rcno: 1, nData: 160, year: 8, train_course: 0, model: 5 ===
8,7,2,4,6,1

8,7,2, ss: 1500
8,2,7, ss: 1500
7,8,2, ss: 1500
7,2,8, ss: 1500
2,8,7, ss: 1500
2,7,8, ss: 1500


=== rcno: 2, nData: 160, year: 8, train_course: 0, model: 5 ===
1,2,7,6,4,3

1,2,7, ss: 1500
1,7,2, ss: 1500
2,1,7, ss: 1500
2,7,1, ss: 1500
7,1,2, ss: 1500
7,2,1, ss: 1500


=== rcno: 3, nData: 160, year: 8, train_course: 0, model: 5 ===
4,7,1,10,6,3

4,7,1, ss: 1500
4,1,7, ss: 1500
7,4,1, ss: 1500
7,1,4, ss: 1500
1,4,7, ss: 1500
1,7,4, ss: 1500


=== rcno: 4, nData: 160, year: 8, train_course: 0, model: 5 ===
9,6,4,3,1,2

9,6,4, ss: 1500
9,4,6, ss: 1500
6,9,4, ss: 1500
6,4,9, ss: 1500
4,9,6, ss: 1500
4,6,9, ss: 1500


=== rcno: 5, nData: 160, year: 8, train_course: 0, model: 5 ===
3,1,9,8,7,5

3,1,9, ss: 1500
3,9,1, ss: 1500
1,3,9, ss: 1500
1,9,3, ss: 1500
9,3,1, ss: 1500
9,1,3, ss: 1500


=== rcno: 6, nData: 160, year: 8, train_course: 0, model: 5 ===
9,6,7,12,8,5

9,6,7, ss: 1500
9,7,6, ss: 1500
6,9,7, ss: 1500
6,7,9, ss: 1500
7,9,6, ss: 1500
7,6,9, ss: 1500


=== rcno: 7, nData: 160, year: 8, train_course: 0, model: 5 ===
2,4,6,1,7,9

2,4,6, ss: 1500
2,6,4, ss: 1500
4,2,6, ss: 1500
4,6,2, ss: 1500
6,2,4, ss: 1500
6,4,2, ss: 1500


=== rcno: 8, nData: 160, year: 8, train_course: 0, model: 5 ===
6,9,5,4,1,7

6,9,5, ss: 1500
6,5,9, ss: 1500
9,6,5, ss: 1500
9,5,6, ss: 1500
5,6,9, ss: 1500
5,9,6, ss: 1500


=== rcno: 9, nData: 160, year: 8, train_course: 0, model: 5 ===
5,3,7,6,1,4

5,3,7, ss: 1500
5,7,3, ss: 1500
3,5,7, ss: 1500
3,7,5, ss: 1500
7,5,3, ss: 1500
7,3,5, ss: 1500


=== rcno: 1, nData: 160, year: 8, train_course: 0, model: 6 ===
3,8,2,1,4,5

3,8,2, ss: 1500
3,2,8, ss: 1500
8,3,2, ss: 1500
8,2,3, ss: 1500
2,3,8, ss: 1500
2,8,3, ss: 1500


=== rcno: 2, nData: 160, year: 8, train_course: 0, model: 6 ===
1,5,8,6,2,7

1,5,8, ss: 1500
1,8,5, ss: 1500
5,1,8, ss: 1500
5,8,1, ss: 1500
8,1,5, ss: 1500
8,5,1, ss: 1500


=== rcno: 3, nData: 160, year: 8, train_course: 0, model: 6 ===
1,2,6,4,7,10

1,2,6, ss: 1500
1,6,2, ss: 1500
2,1,6, ss: 1500
2,6,1, ss: 1500
6,1,2, ss: 1500
6,2,1, ss: 1500


=== rcno: 4, nData: 160, year: 8, train_course: 0, model: 6 ===
6,1,2,3,4,9

6,1,2, ss: 1500
6,2,1, ss: 1500
1,6,2, ss: 1500
1,2,6, ss: 1500
2,6,1, ss: 1500
2,1,6, ss: 1500


=== rcno: 5, nData: 160, year: 8, train_course: 0, model: 6 ===
1,9,3,5,8,6

1,9,3, ss: 1500
1,3,9, ss: 1500
9,1,3, ss: 1500
9,3,1, ss: 1500
3,1,9, ss: 1500
3,9,1, ss: 1500


=== rcno: 6, nData: 160, year: 8, train_course: 0, model: 6 ===
9,8,7,3,6,5

9,8,7, ss: 1500
9,7,8, ss: 1500
8,9,7, ss: 1500
8,7,9, ss: 1500
7,9,8, ss: 1500
7,8,9, ss: 1500


=== rcno: 7, nData: 160, year: 8, train_course: 0, model: 6 ===
6,4,7,9,2,3

6,4,7, ss: 1500
6,7,4, ss: 1500
4,6,7, ss: 1500
4,7,6, ss: 1500
7,6,4, ss: 1500
7,4,6, ss: 1500


=== rcno: 8, nData: 160, year: 8, train_course: 0, model: 6 ===
7,9,6,4,5,1

7,9,6, ss: 1500
7,6,9, ss: 1500
9,7,6, ss: 1500
9,6,7, ss: 1500
6,7,9, ss: 1500
6,9,7, ss: 1500


=== rcno: 9, nData: 160, year: 8, train_course: 0, model: 6 ===
5,7,6,3,2,4

5,7,6, ss: 1500
5,6,7, ss: 1500
7,5,6, ss: 1500
7,6,5, ss: 1500
6,5,7, ss: 1500
6,7,5, ss: 1500


=== rcno: 1, nData: 160, year: 8, train_course: 0, model: 7 ===
3,8,2,1,4,6

3,8,2, ss: 1500
3,2,8, ss: 1500
8,3,2, ss: 1500
8,2,3, ss: 1500
2,3,8, ss: 1500
2,8,3, ss: 1500


=== rcno: 2, nData: 160, year: 8, train_course: 0, model: 7 ===
1,8,5,2,6,7

1,8,5, ss: 1500
1,5,8, ss: 1500
8,1,5, ss: 1500
8,5,1, ss: 1500
5,1,8, ss: 1500
5,8,1, ss: 1500


=== rcno: 3, nData: 160, year: 8, train_course: 0, model: 7 ===
10,9,8,7,6,4

10,9,8, ss: 1500
10,8,9, ss: 1500
9,10,8, ss: 1500
9,8,10, ss: 1500
8,10,9, ss: 1500
8,9,10, ss: 1500


=== rcno: 4, nData: 160, year: 8, train_course: 0, model: 7 ===
6,1,4,3,9,2

6,1,4, ss: 1500
6,4,1, ss: 1500
1,6,4, ss: 1500
1,4,6, ss: 1500
4,6,1, ss: 1500
4,1,6, ss: 1500


=== rcno: 5, nData: 160, year: 8, train_course: 0, model: 7 ===
1,9,7,6,3,8

1,9,7, ss: 1500
1,7,9, ss: 1500
9,1,7, ss: 1500
9,7,1, ss: 1500
7,1,9, ss: 1500
7,9,1, ss: 1500


=== rcno: 6, nData: 160, year: 8, train_course: 0, model: 7 ===
9,7,5,6,1,4

9,7,5, ss: 1500
9,5,7, ss: 1500
7,9,5, ss: 1500
7,5,9, ss: 1500
5,9,7, ss: 1500
5,7,9, ss: 1500


=== rcno: 7, nData: 160, year: 8, train_course: 0, model: 7 ===
4,6,9,7,2,3

4,6,9, ss: 1500
4,9,6, ss: 1500
6,4,9, ss: 1500
6,9,4, ss: 1500
9,4,6, ss: 1500
9,6,4, ss: 1500


=== rcno: 8, nData: 160, year: 8, train_course: 0, model: 7 ===
7,6,4,9,5,1

7,6,4, ss: 1500
7,4,6, ss: 1500
6,7,4, ss: 1500
6,4,7, ss: 1500
4,7,6, ss: 1500
4,6,7, ss: 1500


=== rcno: 9, nData: 160, year: 8, train_course: 0, model: 7 ===
5,3,6,4,7,2

5,3,6, ss: 1500
5,6,3, ss: 1500
3,5,6, ss: 1500
3,6,5, ss: 1500
6,5,3, ss: 1500
6,3,5, ss: 1500


=== rcno: 1, nData: 160, year: 8, train_course: 0, model: 8 ===
3,8,2,1,5,4

3,8,2, ss: 1500
3,2,8, ss: 1500
8,3,2, ss: 1500
8,2,3, ss: 1500
2,3,8, ss: 1500
2,8,3, ss: 1500


=== rcno: 2, nData: 160, year: 8, train_course: 0, model: 8 ===
8,2,6,7,5,1

8,2,6, ss: 1500
8,6,2, ss: 1500
2,8,6, ss: 1500
2,6,8, ss: 1500
6,8,2, ss: 1500
6,2,8, ss: 1500


=== rcno: 3, nData: 160, year: 8, train_course: 0, model: 8 ===
7,10,4,6,1,3

7,10,4, ss: 1500
7,4,10, ss: 1500
10,7,4, ss: 1500
10,4,7, ss: 1500
4,7,10, ss: 1500
4,10,7, ss: 1500


=== rcno: 4, nData: 160, year: 8, train_course: 0, model: 8 ===
6,1,9,4,3,2

6,1,9, ss: 1500
6,9,1, ss: 1500
1,6,9, ss: 1500
1,9,6, ss: 1500
9,6,1, ss: 1500
9,1,6, ss: 1500


=== rcno: 5, nData: 160, year: 8, train_course: 0, model: 8 ===
1,7,9,8,6,3

1,7,9, ss: 1500
1,9,7, ss: 1500
7,1,9, ss: 1500
7,9,1, ss: 1500
9,1,7, ss: 1500
9,7,1, ss: 1500


=== rcno: 6, nData: 160, year: 8, train_course: 0, model: 8 ===
9,8,4,7,3,5

9,8,4, ss: 1500
9,4,8, ss: 1500
8,9,4, ss: 1500
8,4,9, ss: 1500
4,9,8, ss: 1500
4,8,9, ss: 1500


=== rcno: 7, nData: 160, year: 8, train_course: 0, model: 8 ===
4,2,9,7,6,1

4,2,9, ss: 1500
4,9,2, ss: 1500
2,4,9, ss: 1500
2,9,4, ss: 1500
9,4,2, ss: 1500
9,2,4, ss: 1500


=== rcno: 8, nData: 160, year: 8, train_course: 0, model: 8 ===
7,9,6,1,4,5

7,9,6, ss: 1500
7,6,9, ss: 1500
9,7,6, ss: 1500
9,6,7, ss: 1500
6,7,9, ss: 1500
6,9,7, ss: 1500


=== rcno: 9, nData: 160, year: 8, train_course: 0, model: 8 ===
5,3,7,4,6,2

5,3,7, ss: 1500
5,7,3, ss: 1500
3,5,7, ss: 1500
3,7,5, ss: 1500
7,5,3, ss: 1500
7,3,5, ss: 1500


=== rcno: 1, nData: 160, year: 8, train_course: 0, model: 9 ===
3,1,2,7,8,4

3,1,2, ss: 1500
3,2,1, ss: 1500
1,3,2, ss: 1500
1,2,3, ss: 1500
2,3,1, ss: 1500
2,1,3, ss: 1500


=== rcno: 2, nData: 160, year: 8, train_course: 0, model: 9 ===
8,1,6,7,5,4

8,1,6, ss: 1500
8,6,1, ss: 1500
1,8,6, ss: 1500
1,6,8, ss: 1500
6,8,1, ss: 1500
6,1,8, ss: 1500


=== rcno: 3, nData: 160, year: 8, train_course: 0, model: 9 ===
7,10,2,9,4,3

7,10,2, ss: 1500
7,2,10, ss: 1500
10,7,2, ss: 1500
10,2,7, ss: 1500
2,7,10, ss: 1500
2,10,7, ss: 1500


=== rcno: 4, nData: 160, year: 8, train_course: 0, model: 9 ===
6,9,1,4,3,7

6,9,1, ss: 1500
6,1,9, ss: 1500
9,6,1, ss: 1500
9,1,6, ss: 1500
1,6,9, ss: 1500
1,9,6, ss: 1500


=== rcno: 5, nData: 160, year: 8, train_course: 0, model: 9 ===
1,9,3,5,7,8

1,9,3, ss: 1500
1,3,9, ss: 1500
9,1,3, ss: 1500
9,3,1, ss: 1500
3,1,9, ss: 1500
3,9,1, ss: 1500


=== rcno: 6, nData: 160, year: 8, train_course: 0, model: 9 ===
4,9,3,6,7,12

4,9,3, ss: 1500
4,3,9, ss: 1500
9,4,3, ss: 1500
9,3,4, ss: 1500
3,4,9, ss: 1500
3,9,4, ss: 1500


=== rcno: 7, nData: 160, year: 8, train_course: 0, model: 9 ===
4,6,7,9,2,3

4,6,7, ss: 1500
4,7,6, ss: 1500
6,4,7, ss: 1500
6,7,4, ss: 1500
7,4,6, ss: 1500
7,6,4, ss: 1500


=== rcno: 8, nData: 160, year: 8, train_course: 0, model: 9 ===
6,4,5,7,9,1

6,4,5, ss: 1500
6,5,4, ss: 1500
4,6,5, ss: 1500
4,5,6, ss: 1500
5,6,4, ss: 1500
5,4,6, ss: 1500


=== rcno: 9, nData: 160, year: 8, train_course: 0, model: 9 ===
5,7,6,4,2,3

5,7,6, ss: 1500
5,6,7, ss: 1500
7,5,6, ss: 1500
7,6,5, ss: 1500
6,5,7, ss: 1500
6,7,5, ss: 1500


=== rcno: 1, nData: 160, year: 8, train_course: 0, model: 10 ===
3,8,2,1,4,7

3,8,2, ss: 1500
3,2,8, ss: 1500
8,3,2, ss: 1500
8,2,3, ss: 1500
2,3,8, ss: 1500
2,8,3, ss: 1500


=== rcno: 2, nData: 160, year: 8, train_course: 0, model: 10 ===
1,8,2,7,5,6

1,8,2, ss: 1500
1,2,8, ss: 1500
8,1,2, ss: 1500
8,2,1, ss: 1500
2,1,8, ss: 1500
2,8,1, ss: 1500


=== rcno: 3, nData: 160, year: 8, train_course: 0, model: 10 ===
7,10,1,4,6,3

7,10,1, ss: 1500
7,1,10, ss: 1500
10,7,1, ss: 1500
10,1,7, ss: 1500
1,7,10, ss: 1500
1,10,7, ss: 1500


=== rcno: 4, nData: 160, year: 8, train_course: 0, model: 10 ===
6,1,3,9,4,2

6,1,3, ss: 1500
6,3,1, ss: 1500
1,6,3, ss: 1500
1,3,6, ss: 1500
3,6,1, ss: 1500
3,1,6, ss: 1500


=== rcno: 5, nData: 160, year: 8, train_course: 0, model: 10 ===
1,9,3,8,7,5

1,9,3, ss: 1500
1,3,9, ss: 1500
9,1,3, ss: 1500
9,3,1, ss: 1500
3,1,9, ss: 1500
3,9,1, ss: 1500


=== rcno: 6, nData: 160, year: 8, train_course: 0, model: 10 ===
9,7,3,6,8,5

9,7,3, ss: 1500
9,3,7, ss: 1500
7,9,3, ss: 1500
7,3,9, ss: 1500
3,9,7, ss: 1500
3,7,9, ss: 1500


=== rcno: 7, nData: 160, year: 8, train_course: 0, model: 10 ===
4,6,7,9,2,3

4,6,7, ss: 1500
4,7,6, ss: 1500
6,4,7, ss: 1500
6,7,4, ss: 1500
7,4,6, ss: 1500
7,6,4, ss: 1500


=== rcno: 8, nData: 160, year: 8, train_course: 0, model: 10 ===
6,9,7,4,5,1

6,9,7, ss: 1500
6,7,9, ss: 1500
9,6,7, ss: 1500
9,7,6, ss: 1500
7,6,9, ss: 1500
7,9,6, ss: 1500


=== rcno: 9, nData: 160, year: 8, train_course: 0, model: 10 ===
5,7,3,6,4,2

5,7,3, ss: 1500
5,3,7, ss: 1500
7,5,3, ss: 1500
7,3,5, ss: 1500
3,5,7, ss: 1500
3,7,5, ss: 1500