


=== rcno: 1, nData: 160, year: 8, train_course: 0, model: 0 ===
6,5,4,2,8,9

6,5,4, ss: 1500
6,4,5, ss: 1500
5,6,4, ss: 1500
5,4,6, ss: 1500
4,6,5, ss: 1500
4,5,6, ss: 1500


=== rcno: 2, nData: 160, year: 8, train_course: 0, model: 0 ===
1,5,6,8,7,4

1,5,6, ss: 1500
1,6,5, ss: 1500
5,1,6, ss: 1500
5,6,1, ss: 1500
6,1,5, ss: 1500
6,5,1, ss: 1500


=== rcno: 3, nData: 160, year: 8, train_course: 0, model: 0 ===
2,5,7,8,6,4

2,5,7, ss: 1500
2,7,5, ss: 1500
5,2,7, ss: 1500
5,7,2, ss: 1500
7,2,5, ss: 1500
7,5,2, ss: 1500


=== rcno: 4, nData: 160, year: 8, train_course: 0, model: 0 ===
1,4,6,5,8,3

1,4,6, ss: 1500
1,6,4, ss: 1500
4,1,6, ss: 1500
4,6,1, ss: 1500
6,1,4, ss: 1500
6,4,1, ss: 1500


=== rcno: 5, nData: 160, year: 8, train_course: 0, model: 0 ===
9,10,4,6,8,1

9,10,4, ss: 1500
9,4,10, ss: 1500
10,9,4, ss: 1500
10,4,9, ss: 1500
4,9,10, ss: 1500
4,10,9, ss: 1500


=== rcno: 6, nData: 160, year: 8, train_course: 0, model: 0 ===
7,5,10,1,11,2

7,5,10, ss: 1500
7,10,5, ss: 1500
5,7,10, ss: 1500
5,10,7, ss: 1500
10,7,5, ss: 1500
10,5,7, ss: 1500


=== rcno: 7, nData: 160, year: 8, train_course: 0, model: 0 ===
7,6,3,12,2,1

7,6,3, ss: 1500
7,3,6, ss: 1500
6,7,3, ss: 1500
6,3,7, ss: 1500
3,7,6, ss: 1500
3,6,7, ss: 1500


=== rcno: 8, nData: 160, year: 8, train_course: 0, model: 0 ===
5,2,4,6,8,9

5,2,4, ss: 1500
5,4,2, ss: 1500
2,5,4, ss: 1500
2,4,5, ss: 1500
4,5,2, ss: 1500
4,2,5, ss: 1500


=== rcno: 9, nData: 160, year: 8, train_course: 0, model: 0 ===
4,2,3,1,6,5

4,2,3, ss: 1500
4,3,2, ss: 1500
2,4,3, ss: 1500
2,3,4, ss: 1500
3,4,2, ss: 1500
3,2,4, ss: 1500


=== rcno: 1, nData: 160, year: 8, train_course: 0, model: 1 ===
9,6,8,2,5,4

9,6,8, ss: 1500
9,8,6, ss: 1500
6,9,8, ss: 1500
6,8,9, ss: 1500
8,9,6, ss: 1500
8,6,9, ss: 1500


=== rcno: 2, nData: 160, year: 8, train_course: 0, model: 1 ===
9,5,1,4,6,8

9,5,1, ss: 1500
9,1,5, ss: 1500
5,9,1, ss: 1500
5,1,9, ss: 1500
1,9,5, ss: 1500
1,5,9, ss: 1500


=== rcno: 3, nData: 160, year: 8, train_course: 0, model: 1 ===
2,7,4,5,1,3

2,7,4, ss: 1500
2,4,7, ss: 1500
7,2,4, ss: 1500
7,4,2, ss: 1500
4,2,7, ss: 1500
4,7,2, ss: 1500


=== rcno: 4, nData: 160, year: 8, train_course: 0, model: 1 ===
6,5,4,3,1,2

6,5,4, ss: 1500
6,4,5, ss: 1500
5,6,4, ss: 1500
5,4,6, ss: 1500
4,6,5, ss: 1500
4,5,6, ss: 1500


=== rcno: 5, nData: 160, year: 8, train_course: 0, model: 1 ===
1,8,9,10,6,4

1,8,9, ss: 1500
1,9,8, ss: 1500
8,1,9, ss: 1500
8,9,1, ss: 1500
9,1,8, ss: 1500
9,8,1, ss: 1500


=== rcno: 6, nData: 160, year: 8, train_course: 0, model: 1 ===
2,11,7,10,6,9

2,11,7, ss: 1500
2,7,11, ss: 1500
11,2,7, ss: 1500
11,7,2, ss: 1500
7,2,11, ss: 1500
7,11,2, ss: 1500


=== rcno: 7, nData: 160, year: 8, train_course: 0, model: 1 ===
10,7,12,4,1,5

10,7,12, ss: 1500
10,12,7, ss: 1500
7,10,12, ss: 1500
7,12,10, ss: 1500
12,10,7, ss: 1500
12,7,10, ss: 1500


=== rcno: 8, nData: 160, year: 8, train_course: 0, model: 1 ===
7,6,8,4,2,5

7,6,8, ss: 1500
7,8,6, ss: 1500
6,7,8, ss: 1500
6,8,7, ss: 1500
8,7,6, ss: 1500
8,6,7, ss: 1500


=== rcno: 9, nData: 160, year: 8, train_course: 0, model: 1 ===
2,7,4,3,1,5

2,7,4, ss: 1500
2,4,7, ss: 1500
7,2,4, ss: 1500
7,4,2, ss: 1500
4,2,7, ss: 1500
4,7,2, ss: 1500


=== rcno: 1, nData: 160, year: 8, train_course: 0, model: 2 ===
1,6,7,8,4,2

1,6,7, ss: 1500
1,7,6, ss: 1500
6,1,7, ss: 1500
6,7,1, ss: 1500
7,1,6, ss: 1500
7,6,1, ss: 1500


=== rcno: 2, nData: 160, year: 8, train_course: 0, model: 2 ===
1,4,9,7,8,5

1,4,9, ss: 1500
1,9,4, ss: 1500
4,1,9, ss: 1500
4,9,1, ss: 1500
9,1,4, ss: 1500
9,4,1, ss: 1500


=== rcno: 3, nData: 160, year: 8, train_course: 0, model: 2 ===
2,7,5,3,1,4

2,7,5, ss: 1500
2,5,7, ss: 1500
7,2,5, ss: 1500
7,5,2, ss: 1500
5,2,7, ss: 1500
5,7,2, ss: 1500


=== rcno: 4, nData: 160, year: 8, train_course: 0, model: 2 ===
4,1,6,7,3,8

4,1,6, ss: 1500
4,6,1, ss: 1500
1,4,6, ss: 1500
1,6,4, ss: 1500
6,4,1, ss: 1500
6,1,4, ss: 1500


=== rcno: 5, nData: 160, year: 8, train_course: 0, model: 2 ===
10,9,8,4,5,2

10,9,8, ss: 1500
10,8,9, ss: 1500
9,10,8, ss: 1500
9,8,10, ss: 1500
8,10,9, ss: 1500
8,9,10, ss: 1500


=== rcno: 6, nData: 160, year: 8, train_course: 0, model: 2 ===
11,7,5,1,10,9

11,7,5, ss: 1500
11,5,7, ss: 1500
7,11,5, ss: 1500
7,5,11, ss: 1500
5,11,7, ss: 1500
5,7,11, ss: 1500


=== rcno: 7, nData: 160, year: 8, train_course: 0, model: 2 ===
12,1,6,3,7,8

12,1,6, ss: 1500
12,6,1, ss: 1500
1,12,6, ss: 1500
1,6,12, ss: 1500
6,12,1, ss: 1500
6,1,12, ss: 1500


=== rcno: 8, nData: 160, year: 8, train_course: 0, model: 2 ===
2,4,3,8,6,1

2,4,3, ss: 1500
2,3,4, ss: 1500
4,2,3, ss: 1500
4,3,2, ss: 1500
3,2,4, ss: 1500
3,4,2, ss: 1500


=== rcno: 9, nData: 160, year: 8, train_course: 0, model: 2 ===
4,3,2,5,1,6

4,3,2, ss: 1500
4,2,3, ss: 1500
3,4,2, ss: 1500
3,2,4, ss: 1500
2,4,3, ss: 1500
2,3,4, ss: 1500


=== rcno: 1, nData: 160, year: 8, train_course: 0, model: 3 ===
6,5,9,8,7,3

6,5,9, ss: 1500
6,9,5, ss: 1500
5,6,9, ss: 1500
5,9,6, ss: 1500
9,6,5, ss: 1500
9,5,6, ss: 1500


=== rcno: 2, nData: 160, year: 8, train_course: 0, model: 3 ===
1,4,9,6,5,8

1,4,9, ss: 1500
1,9,4, ss: 1500
4,1,9, ss: 1500
4,9,1, ss: 1500
9,1,4, ss: 1500
9,4,1, ss: 1500


=== rcno: 3, nData: 160, year: 8, train_course: 0, model: 3 ===
2,5,7,4,1,8

2,5,7, ss: 1500
2,7,5, ss: 1500
5,2,7, ss: 1500
5,7,2, ss: 1500
7,2,5, ss: 1500
7,5,2, ss: 1500


=== rcno: 4, nData: 160, year: 8, train_course: 0, model: 3 ===
4,6,1,3,5,2

4,6,1, ss: 1500
4,1,6, ss: 1500
6,4,1, ss: 1500
6,1,4, ss: 1500
1,4,6, ss: 1500
1,6,4, ss: 1500


=== rcno: 5, nData: 160, year: 8, train_course: 0, model: 3 ===
9,10,1,8,2,5

9,10,1, ss: 1500
9,1,10, ss: 1500
10,9,1, ss: 1500
10,1,9, ss: 1500
1,9,10, ss: 1500
1,10,9, ss: 1500


=== rcno: 6, nData: 160, year: 8, train_course: 0, model: 3 ===
7,2,10,5,1,3

7,2,10, ss: 1500
7,10,2, ss: 1500
2,7,10, ss: 1500
2,10,7, ss: 1500
10,7,2, ss: 1500
10,2,7, ss: 1500


=== rcno: 7, nData: 160, year: 8, train_course: 0, model: 3 ===
3,7,5,11,12,4

3,7,5, ss: 1500
3,5,7, ss: 1500
7,3,5, ss: 1500
7,5,3, ss: 1500
5,3,7, ss: 1500
5,7,3, ss: 1500


=== rcno: 8, nData: 160, year: 8, train_course: 0, model: 3 ===
6,4,8,2,9,1

6,4,8, ss: 1500
6,8,4, ss: 1500
4,6,8, ss: 1500
4,8,6, ss: 1500
8,6,4, ss: 1500
8,4,6, ss: 1500


=== rcno: 9, nData: 160, year: 8, train_course: 0, model: 3 ===
3,4,2,1,6,7

3,4,2, ss: 1500
3,2,4, ss: 1500
4,3,2, ss: 1500
4,2,3, ss: 1500
2,3,4, ss: 1500
2,4,3, ss: 1500


=== rcno: 1, nData: 160, year: 8, train_course: 0, model: 4 ===
6,4,8,5,1,7

6,4,8, ss: 1500
6,8,4, ss: 1500
4,6,8, ss: 1500
4,8,6, ss: 1500
8,6,4, ss: 1500
8,4,6, ss: 1500


=== rcno: 2, nData: 160, year: 8, train_course: 0, model: 4 ===
4,1,6,9,5,2

4,1,6, ss: 1500
4,6,1, ss: 1500
1,4,6, ss: 1500
1,6,4, ss: 1500
6,4,1, ss: 1500
6,1,4, ss: 1500


=== rcno: 3, nData: 160, year: 8, train_course: 0, model: 4 ===
2,7,5,6,4,1

2,7,5, ss: 1500
2,5,7, ss: 1500
7,2,5, ss: 1500
7,5,2, ss: 1500
5,2,7, ss: 1500
5,7,2, ss: 1500


=== rcno: 4, nData: 160, year: 8, train_course: 0, model: 4 ===
6,5,1,4,3,2

6,5,1, ss: 1500
6,1,5, ss: 1500
5,6,1, ss: 1500
5,1,6, ss: 1500
1,6,5, ss: 1500
1,5,6, ss: 1500


=== rcno: 5, nData: 160, year: 8, train_course: 0, model: 4 ===
6,9,1,8,3,7

6,9,1, ss: 1500
6,1,9, ss: 1500
9,6,1, ss: 1500
9,1,6, ss: 1500
1,6,9, ss: 1500
1,9,6, ss: 1500


=== rcno: 6, nData: 160, year: 8, train_course: 0, model: 4 ===
7,10,2,11,1,5

7,10,2, ss: 1500
7,2,10, ss: 1500
10,7,2, ss: 1500
10,2,7, ss: 1500
2,7,10, ss: 1500
2,10,7, ss: 1500


=== rcno: 7, nData: 160, year: 8, train_course: 0, model: 4 ===
6,7,3,11,1,10

6,7,3, ss: 1500
6,3,7, ss: 1500
7,6,3, ss: 1500
7,3,6, ss: 1500
3,6,7, ss: 1500
3,7,6, ss: 1500


=== rcno: 8, nData: 160, year: 8, train_course: 0, model: 4 ===
7,9,5,4,2,6

7,9,5, ss: 1500
7,5,9, ss: 1500
9,7,5, ss: 1500
9,5,7, ss: 1500
5,7,9, ss: 1500
5,9,7, ss: 1500


=== rcno: 9, nData: 160, year: 8, train_course: 0, model: 4 ===
4,2,1,3,5,7

4,2,1, ss: 1500
4,1,2, ss: 1500
2,4,1, ss: 1500
2,1,4, ss: 1500
1,4,2, ss: 1500
1,2,4, ss: 1500


=== rcno: 1, nData: 160, year: 8, train_course: 0, model: 5 ===
6,3,5,9,7,1

6,3,5, ss: 1500
6,5,3, ss: 1500
3,6,5, ss: 1500
3,5,6, ss: 1500
5,6,3, ss: 1500
5,3,6, ss: 1500


=== rcno: 2, nData: 160, year: 8, train_course: 0, model: 5 ===
1,6,9,8,5,4

1,6,9, ss: 1500
1,9,6, ss: 1500
6,1,9, ss: 1500
6,9,1, ss: 1500
9,1,6, ss: 1500
9,6,1, ss: 1500


=== rcno: 3, nData: 160, year: 8, train_course: 0, model: 5 ===
2,5,7,4,1,3

2,5,7, ss: 1500
2,7,5, ss: 1500
5,2,7, ss: 1500
5,7,2, ss: 1500
7,2,5, ss: 1500
7,5,2, ss: 1500


=== rcno: 4, nData: 160, year: 8, train_course: 0, model: 5 ===
3,2,6,1,5,4

3,2,6, ss: 1500
3,6,2, ss: 1500
2,3,6, ss: 1500
2,6,3, ss: 1500
6,3,2, ss: 1500
6,2,3, ss: 1500


=== rcno: 5, nData: 160, year: 8, train_course: 0, model: 5 ===
10,8,9,4,6,1

10,8,9, ss: 1500
10,9,8, ss: 1500
8,10,9, ss: 1500
8,9,10, ss: 1500
9,10,8, ss: 1500
9,8,10, ss: 1500


=== rcno: 6, nData: 160, year: 8, train_course: 0, model: 5 ===
10,7,5,11,9,1

10,7,5, ss: 1500
10,5,7, ss: 1500
7,10,5, ss: 1500
7,5,10, ss: 1500
5,10,7, ss: 1500
5,7,10, ss: 1500


=== rcno: 7, nData: 160, year: 8, train_course: 0, model: 5 ===
12,6,3,7,2,8

12,6,3, ss: 1500
12,3,6, ss: 1500
6,12,3, ss: 1500
6,3,12, ss: 1500
3,12,6, ss: 1500
3,6,12, ss: 1500


=== rcno: 8, nData: 160, year: 8, train_course: 0, model: 5 ===
9,7,8,5,6,4

9,7,8, ss: 1500
9,8,7, ss: 1500
7,9,8, ss: 1500
7,8,9, ss: 1500
8,9,7, ss: 1500
8,7,9, ss: 1500


=== rcno: 9, nData: 160, year: 8, train_course: 0, model: 5 ===
3,4,2,1,6,7

3,4,2, ss: 1500
3,2,4, ss: 1500
4,3,2, ss: 1500
4,2,3, ss: 1500
2,3,4, ss: 1500
2,4,3, ss: 1500


=== rcno: 1, nData: 160, year: 8, train_course: 0, model: 6 ===
5,7,6,1,4,9

5,7,6, ss: 1500
5,6,7, ss: 1500
7,5,6, ss: 1500
7,6,5, ss: 1500
6,5,7, ss: 1500
6,7,5, ss: 1500


=== rcno: 2, nData: 160, year: 8, train_course: 0, model: 6 ===
4,1,9,8,6,5

4,1,9, ss: 1500
4,9,1, ss: 1500
1,4,9, ss: 1500
1,9,4, ss: 1500
9,4,1, ss: 1500
9,1,4, ss: 1500


=== rcno: 3, nData: 160, year: 8, train_course: 0, model: 6 ===
2,5,7,3,8,1

2,5,7, ss: 1500
2,7,5, ss: 1500
5,2,7, ss: 1500
5,7,2, ss: 1500
7,2,5, ss: 1500
7,5,2, ss: 1500


=== rcno: 4, nData: 160, year: 8, train_course: 0, model: 6 ===
6,3,5,4,2,1

6,3,5, ss: 1500
6,5,3, ss: 1500
3,6,5, ss: 1500
3,5,6, ss: 1500
5,6,3, ss: 1500
5,3,6, ss: 1500


=== rcno: 5, nData: 160, year: 8, train_course: 0, model: 6 ===
10,8,1,6,9,7

10,8,1, ss: 1500
10,1,8, ss: 1500
8,10,1, ss: 1500
8,1,10, ss: 1500
1,10,8, ss: 1500
1,8,10, ss: 1500


=== rcno: 6, nData: 160, year: 8, train_course: 0, model: 6 ===
7,10,5,3,9,4

7,10,5, ss: 1500
7,5,10, ss: 1500
10,7,5, ss: 1500
10,5,7, ss: 1500
5,7,10, ss: 1500
5,10,7, ss: 1500


=== rcno: 7, nData: 160, year: 8, train_course: 0, model: 6 ===
7,11,3,6,10,4

7,11,3, ss: 1500
7,3,11, ss: 1500
11,7,3, ss: 1500
11,3,7, ss: 1500
3,7,11, ss: 1500
3,11,7, ss: 1500


=== rcno: 8, nData: 160, year: 8, train_course: 0, model: 6 ===
6,8,7,4,1,5

6,8,7, ss: 1500
6,7,8, ss: 1500
8,6,7, ss: 1500
8,7,6, ss: 1500
7,6,8, ss: 1500
7,8,6, ss: 1500


=== rcno: 9, nData: 160, year: 8, train_course: 0, model: 6 ===
2,3,4,6,5,1

2,3,4, ss: 1500
2,4,3, ss: 1500
3,2,4, ss: 1500
3,4,2, ss: 1500
4,2,3, ss: 1500
4,3,2, ss: 1500


=== rcno: 1, nData: 160, year: 8, train_course: 0, model: 7 ===
6,5,9,2,8,7

6,5,9, ss: 1500
6,9,5, ss: 1500
5,6,9, ss: 1500
5,9,6, ss: 1500
9,6,5, ss: 1500
9,5,6, ss: 1500


=== rcno: 2, nData: 160, year: 8, train_course: 0, model: 7 ===
5,6,4,1,8,3

5,6,4, ss: 1500
5,4,6, ss: 1500
6,5,4, ss: 1500
6,4,5, ss: 1500
4,5,6, ss: 1500
4,6,5, ss: 1500


=== rcno: 3, nData: 160, year: 8, train_course: 0, model: 7 ===
2,5,7,1,4,8

2,5,7, ss: 1500
2,7,5, ss: 1500
5,2,7, ss: 1500
5,7,2, ss: 1500
7,2,5, ss: 1500
7,5,2, ss: 1500


=== rcno: 4, nData: 160, year: 8, train_course: 0, model: 7 ===
6,4,5,7,1,3

6,4,5, ss: 1500
6,5,4, ss: 1500
4,6,5, ss: 1500
4,5,6, ss: 1500
5,6,4, ss: 1500
5,4,6, ss: 1500


=== rcno: 5, nData: 160, year: 8, train_course: 0, model: 7 ===
6,10,1,8,9,4

6,10,1, ss: 1500
6,1,10, ss: 1500
10,6,1, ss: 1500
10,1,6, ss: 1500
1,6,10, ss: 1500
1,10,6, ss: 1500


=== rcno: 6, nData: 160, year: 8, train_course: 0, model: 7 ===
10,5,7,11,2,6

10,5,7, ss: 1500
10,7,5, ss: 1500
5,10,7, ss: 1500
5,7,10, ss: 1500
7,10,5, ss: 1500
7,5,10, ss: 1500


=== rcno: 7, nData: 160, year: 8, train_course: 0, model: 7 ===
10,2,7,6,1,5

10,2,7, ss: 1500
10,7,2, ss: 1500
2,10,7, ss: 1500
2,7,10, ss: 1500
7,10,2, ss: 1500
7,2,10, ss: 1500


=== rcno: 8, nData: 160, year: 8, train_course: 0, model: 7 ===
6,5,8,9,2,3

6,5,8, ss: 1500
6,8,5, ss: 1500
5,6,8, ss: 1500
5,8,6, ss: 1500
8,6,5, ss: 1500
8,5,6, ss: 1500


=== rcno: 9, nData: 160, year: 8, train_course: 0, model: 7 ===
3,4,2,1,5,7

3,4,2, ss: 1500
3,2,4, ss: 1500
4,3,2, ss: 1500
4,2,3, ss: 1500
2,3,4, ss: 1500
2,4,3, ss: 1500


=== rcno: 1, nData: 160, year: 8, train_course: 0, model: 8 ===
6,5,1,9,7,8

6,5,1, ss: 1500
6,1,5, ss: 1500
5,6,1, ss: 1500
5,1,6, ss: 1500
1,6,5, ss: 1500
1,5,6, ss: 1500


=== rcno: 2, nData: 160, year: 8, train_course: 0, model: 8 ===
1,4,5,6,3,9

1,4,5, ss: 1500
1,5,4, ss: 1500
4,1,5, ss: 1500
4,5,1, ss: 1500
5,1,4, ss: 1500
5,4,1, ss: 1500


=== rcno: 3, nData: 160, year: 8, train_course: 0, model: 8 ===
2,5,7,1,4,3

2,5,7, ss: 1500
2,7,5, ss: 1500
5,2,7, ss: 1500
5,7,2, ss: 1500
7,2,5, ss: 1500
7,5,2, ss: 1500


=== rcno: 4, nData: 160, year: 8, train_course: 0, model: 8 ===
6,4,3,1,5,8

6,4,3, ss: 1500
6,3,4, ss: 1500
4,6,3, ss: 1500
4,3,6, ss: 1500
3,6,4, ss: 1500
3,4,6, ss: 1500


=== rcno: 5, nData: 160, year: 8, train_course: 0, model: 8 ===
9,8,10,6,1,5

9,8,10, ss: 1500
9,10,8, ss: 1500
8,9,10, ss: 1500
8,10,9, ss: 1500
10,9,8, ss: 1500
10,8,9, ss: 1500


=== rcno: 6, nData: 160, year: 8, train_course: 0, model: 8 ===
5,7,10,2,11,6

5,7,10, ss: 1500
5,10,7, ss: 1500
7,5,10, ss: 1500
7,10,5, ss: 1500
10,5,7, ss: 1500
10,7,5, ss: 1500


=== rcno: 7, nData: 160, year: 8, train_course: 0, model: 8 ===
6,12,3,7,11,5

6,12,3, ss: 1500
6,3,12, ss: 1500
12,6,3, ss: 1500
12,3,6, ss: 1500
3,6,12, ss: 1500
3,12,6, ss: 1500


=== rcno: 8, nData: 160, year: 8, train_course: 0, model: 8 ===
2,8,4,6,1,3

2,8,4, ss: 1500
2,4,8, ss: 1500
8,2,4, ss: 1500
8,4,2, ss: 1500
4,2,8, ss: 1500
4,8,2, ss: 1500


=== rcno: 9, nData: 160, year: 8, train_course: 0, model: 8 ===
3,2,1,4,7,6

3,2,1, ss: 1500
3,1,2, ss: 1500
2,3,1, ss: 1500
2,1,3, ss: 1500
1,3,2, ss: 1500
1,2,3, ss: 1500


=== rcno: 1, nData: 160, year: 8, train_course: 0, model: 9 ===
3,6,9,8,5,4

3,6,9, ss: 1500
3,9,6, ss: 1500
6,3,9, ss: 1500
6,9,3, ss: 1500
9,3,6, ss: 1500
9,6,3, ss: 1500


=== rcno: 2, nData: 160, year: 8, train_course: 0, model: 9 ===
1,8,9,4,5,3

1,8,9, ss: 1500
1,9,8, ss: 1500
8,1,9, ss: 1500
8,9,1, ss: 1500
9,1,8, ss: 1500
9,8,1, ss: 1500


=== rcno: 3, nData: 160, year: 8, train_course: 0, model: 9 ===
2,7,5,8,1,4

2,7,5, ss: 1500
2,5,7, ss: 1500
7,2,5, ss: 1500
7,5,2, ss: 1500
5,2,7, ss: 1500
5,7,2, ss: 1500


=== rcno: 4, nData: 160, year: 8, train_course: 0, model: 9 ===
6,4,5,1,7,3

6,4,5, ss: 1500
6,5,4, ss: 1500
4,6,5, ss: 1500
4,5,6, ss: 1500
5,6,4, ss: 1500
5,4,6, ss: 1500


=== rcno: 5, nData: 160, year: 8, train_course: 0, model: 9 ===
6,10,8,1,9,5

6,10,8, ss: 1500
6,8,10, ss: 1500
10,6,8, ss: 1500
10,8,6, ss: 1500
8,6,10, ss: 1500
8,10,6, ss: 1500


=== rcno: 6, nData: 160, year: 8, train_course: 0, model: 9 ===
4,5,9,8,7,10

4,5,9, ss: 1500
4,9,5, ss: 1500
5,4,9, ss: 1500
5,9,4, ss: 1500
9,4,5, ss: 1500
9,5,4, ss: 1500


=== rcno: 7, nData: 160, year: 8, train_course: 0, model: 9 ===
3,12,1,6,7,10

3,12,1, ss: 1500
3,1,12, ss: 1500
12,3,1, ss: 1500
12,1,3, ss: 1500
1,3,12, ss: 1500
1,12,3, ss: 1500


=== rcno: 8, nData: 160, year: 8, train_course: 0, model: 9 ===
6,7,5,9,8,2

6,7,5, ss: 1500
6,5,7, ss: 1500
7,6,5, ss: 1500
7,5,6, ss: 1500
5,6,7, ss: 1500
5,7,6, ss: 1500


=== rcno: 9, nData: 160, year: 8, train_course: 0, model: 9 ===
2,4,3,5,1,6

2,4,3, ss: 1500
2,3,4, ss: 1500
4,2,3, ss: 1500
4,3,2, ss: 1500
3,2,4, ss: 1500
3,4,2, ss: 1500


=== rcno: 1, nData: 160, year: 8, train_course: 0, model: 10 ===
6,5,9,8,1,7

6,5,9, ss: 1500
6,9,5, ss: 1500
5,6,9, ss: 1500
5,9,6, ss: 1500
9,6,5, ss: 1500
9,5,6, ss: 1500


=== rcno: 2, nData: 160, year: 8, train_course: 0, model: 10 ===
1,4,9,5,6,8

1,4,9, ss: 1500
1,9,4, ss: 1500
4,1,9, ss: 1500
4,9,1, ss: 1500
9,1,4, ss: 1500
9,4,1, ss: 1500


=== rcno: 3, nData: 160, year: 8, train_course: 0, model: 10 ===
2,5,7,4,1,8

2,5,7, ss: 1500
2,7,5, ss: 1500
5,2,7, ss: 1500
5,7,2, ss: 1500
7,2,5, ss: 1500
7,5,2, ss: 1500


=== rcno: 4, nData: 160, year: 8, train_course: 0, model: 10 ===
6,4,5,1,3,2

6,4,5, ss: 1500
6,5,4, ss: 1500
4,6,5, ss: 1500
4,5,6, ss: 1500
5,6,4, ss: 1500
5,4,6, ss: 1500


=== rcno: 5, nData: 160, year: 8, train_course: 0, model: 10 ===
10,9,8,6,1,4

10,9,8, ss: 1500
10,8,9, ss: 1500
9,10,8, ss: 1500
9,8,10, ss: 1500
8,10,9, ss: 1500
8,9,10, ss: 1500


=== rcno: 6, nData: 160, year: 8, train_course: 0, model: 10 ===
7,10,5,2,11,4

7,10,5, ss: 1500
7,5,10, ss: 1500
10,7,5, ss: 1500
10,5,7, ss: 1500
5,7,10, ss: 1500
5,10,7, ss: 1500


=== rcno: 7, nData: 160, year: 8, train_course: 0, model: 10 ===
7,12,3,6,10,11

7,12,3, ss: 1500
7,3,12, ss: 1500
12,7,3, ss: 1500
12,3,7, ss: 1500
3,7,12, ss: 1500
3,12,7, ss: 1500


=== rcno: 8, nData: 160, year: 8, train_course: 0, model: 10 ===
6,8,2,4,5,7

6,8,2, ss: 1500
6,2,8, ss: 1500
8,6,2, ss: 1500
8,2,6, ss: 1500
2,6,8, ss: 1500
2,8,6, ss: 1500


=== rcno: 9, nData: 160, year: 8, train_course: 0, model: 10 ===
4,2,3,1,6,7

4,2,3, ss: 1500
4,3,2, ss: 1500
2,4,3, ss: 1500
2,3,4, ss: 1500
3,4,2, ss: 1500
3,2,4, ss: 1500