


=== rcno: 1, nData: 186, year: 6, train_course: 0, model: 0 ===
10,7,6,2,4,1

10,7,6, ss: 2500
10,6,7, ss: 1500
7,10,6, ss: 1500
7,6,10, ss: 1500
6,10,7, ss: 1000
6,7,10, ss: 1000


=== rcno: 2, nData: 186, year: 6, train_course: 0, model: 0 ===
8,11,1,4,7,6

8,11,1, ss: 2500
8,1,11, ss: 1500
11,8,1, ss: 1500
11,1,8, ss: 1500
1,8,11, ss: 1000
1,11,8, ss: 1000


=== rcno: 3, nData: 186, year: 6, train_course: 0, model: 0 ===
8,11,4,1,5,2

8,11,4, ss: 2500
8,4,11, ss: 1500
11,8,4, ss: 1500
11,4,8, ss: 1500
4,8,11, ss: 1000
4,11,8, ss: 1000


=== rcno: 4, nData: 186, year: 6, train_course: 0, model: 0 ===
11,8,5,2,12,6

11,8,5, ss: 2500
11,5,8, ss: 1500
8,11,5, ss: 1500
8,5,11, ss: 1500
5,11,8, ss: 1000
5,8,11, ss: 1000


=== rcno: 5, nData: 186, year: 6, train_course: 0, model: 0 ===
1,4,8,12,6,9

1,4,8, ss: 2500
1,8,4, ss: 1500
4,1,8, ss: 1500
4,8,1, ss: 1500
8,1,4, ss: 1000
8,4,1, ss: 1000


=== rcno: 6, nData: 186, year: 6, train_course: 0, model: 0 ===
11,6,7,2,5,1

11,6,7, ss: 2500
11,7,6, ss: 1500
6,11,7, ss: 1500
6,7,11, ss: 1500
7,11,6, ss: 1000
7,6,11, ss: 1000


=== rcno: 7, nData: 186, year: 6, train_course: 0, model: 0 ===
7,1,2,12,3,9

7,1,2, ss: 2500
7,2,1, ss: 1500
1,7,2, ss: 1500
1,2,7, ss: 1500
2,7,1, ss: 1000
2,1,7, ss: 1000


=== rcno: 8, nData: 186, year: 6, train_course: 0, model: 0 ===
6,2,8,7,4,12

6,2,8, ss: 2500
6,8,2, ss: 1500
2,6,8, ss: 1500
2,8,6, ss: 1500
8,6,2, ss: 1000
8,2,6, ss: 1000


=== rcno: 9, nData: 186, year: 6, train_course: 0, model: 0 ===
3,5,2,7,1,8

3,5,2, ss: 2500
3,2,5, ss: 1500
5,3,2, ss: 1500
5,2,3, ss: 1500
2,3,5, ss: 1000
2,5,3, ss: 1000


=== rcno: 10, nData: 186, year: 6, train_course: 0, model: 0 ===
8,1,2,7,6,12

8,1,2, ss: 2500
8,2,1, ss: 1500
1,8,2, ss: 1500
1,2,8, ss: 1500
2,8,1, ss: 1000
2,1,8, ss: 1000


=== rcno: 11, nData: 186, year: 6, train_course: 0, model: 0 ===
14,10,2,3,8,5

14,10,2, ss: 2500
14,2,10, ss: 1500
10,14,2, ss: 1500
10,2,14, ss: 1500
2,14,10, ss: 1000
2,10,14, ss: 1000


=== rcno: 1, nData: 186, year: 6, train_course: 0, model: 1 ===
10,7,2,6,4,1

10,7,2, ss: 2500
10,2,7, ss: 1500
7,10,2, ss: 1500
7,2,10, ss: 1500
2,10,7, ss: 1000
2,7,10, ss: 1000


=== rcno: 2, nData: 186, year: 6, train_course: 0, model: 1 ===
7,8,1,12,11,6

7,8,1, ss: 2500
7,1,8, ss: 1500
8,7,1, ss: 1500
8,1,7, ss: 1500
1,7,8, ss: 1000
1,8,7, ss: 1000


=== rcno: 3, nData: 186, year: 6, train_course: 0, model: 1 ===
8,3,4,11,5,1

8,3,4, ss: 2500
8,4,3, ss: 1500
3,8,4, ss: 1500
3,4,8, ss: 1500
4,8,3, ss: 1000
4,3,8, ss: 1000


=== rcno: 4, nData: 186, year: 6, train_course: 0, model: 1 ===
11,8,5,2,12,4

11,8,5, ss: 2500
11,5,8, ss: 1500
8,11,5, ss: 1500
8,5,11, ss: 1500
5,11,8, ss: 1000
5,8,11, ss: 1000


=== rcno: 5, nData: 186, year: 6, train_course: 0, model: 1 ===
12,1,4,8,11,6

12,1,4, ss: 2500
12,4,1, ss: 1500
1,12,4, ss: 1500
1,4,12, ss: 1500
4,12,1, ss: 1000
4,1,12, ss: 1000


=== rcno: 6, nData: 186, year: 6, train_course: 0, model: 1 ===
6,11,7,2,5,1

6,11,7, ss: 2500
6,7,11, ss: 1500
11,6,7, ss: 1500
11,7,6, ss: 1500
7,6,11, ss: 1000
7,11,6, ss: 1000


=== rcno: 7, nData: 186, year: 6, train_course: 0, model: 1 ===
9,12,1,2,7,4

9,12,1, ss: 2500
9,1,12, ss: 1500
12,9,1, ss: 1500
12,1,9, ss: 1500
1,9,12, ss: 1000
1,12,9, ss: 1000


=== rcno: 8, nData: 186, year: 6, train_course: 0, model: 1 ===
6,10,2,8,7,4

6,10,2, ss: 2500
6,2,10, ss: 1500
10,6,2, ss: 1500
10,2,6, ss: 1500
2,6,10, ss: 1000
2,10,6, ss: 1000


=== rcno: 9, nData: 186, year: 6, train_course: 0, model: 1 ===
7,3,8,2,1,5

7,3,8, ss: 2500
7,8,3, ss: 1500
3,7,8, ss: 1500
3,8,7, ss: 1500
8,7,3, ss: 1000
8,3,7, ss: 1000


=== rcno: 10, nData: 186, year: 6, train_course: 0, model: 1 ===
8,6,2,4,7,12

8,6,2, ss: 2500
8,2,6, ss: 1500
6,8,2, ss: 1500
6,2,8, ss: 1500
2,8,6, ss: 1000
2,6,8, ss: 1000


=== rcno: 11, nData: 186, year: 6, train_course: 0, model: 1 ===
10,14,2,6,5,3

10,14,2, ss: 2500
10,2,14, ss: 1500
14,10,2, ss: 1500
14,2,10, ss: 1500
2,10,14, ss: 1000
2,14,10, ss: 1000


=== rcno: 1, nData: 186, year: 6, train_course: 0, model: 2 ===
10,6,2,7,4,8

10,6,2, ss: 2500
10,2,6, ss: 1500
6,10,2, ss: 1500
6,2,10, ss: 1500
2,10,6, ss: 1000
2,6,10, ss: 1000


=== rcno: 2, nData: 186, year: 6, train_course: 0, model: 2 ===
8,11,4,1,6,7

8,11,4, ss: 2500
8,4,11, ss: 1500
11,8,4, ss: 1500
11,4,8, ss: 1500
4,8,11, ss: 1000
4,11,8, ss: 1000


=== rcno: 3, nData: 186, year: 6, train_course: 0, model: 2 ===
8,11,4,1,5,2

8,11,4, ss: 2500
8,4,11, ss: 1500
11,8,4, ss: 1500
11,4,8, ss: 1500
4,8,11, ss: 1000
4,11,8, ss: 1000


=== rcno: 4, nData: 186, year: 6, train_course: 0, model: 2 ===
5,2,8,11,12,4

5,2,8, ss: 2500
5,8,2, ss: 1500
2,5,8, ss: 1500
2,8,5, ss: 1500
8,5,2, ss: 1000
8,2,5, ss: 1000


=== rcno: 5, nData: 186, year: 6, train_course: 0, model: 2 ===
1,4,6,12,9,5

1,4,6, ss: 2500
1,6,4, ss: 1500
4,1,6, ss: 1500
4,6,1, ss: 1500
6,1,4, ss: 1000
6,4,1, ss: 1000


=== rcno: 6, nData: 186, year: 6, train_course: 0, model: 2 ===
2,7,5,6,1,11

2,7,5, ss: 2500
2,5,7, ss: 1500
7,2,5, ss: 1500
7,5,2, ss: 1500
5,2,7, ss: 1000
5,7,2, ss: 1000


=== rcno: 7, nData: 186, year: 6, train_course: 0, model: 2 ===
7,1,12,2,3,10

7,1,12, ss: 2500
7,12,1, ss: 1500
1,7,12, ss: 1500
1,12,7, ss: 1500
12,7,1, ss: 1000
12,1,7, ss: 1000


=== rcno: 8, nData: 186, year: 6, train_course: 0, model: 2 ===
6,2,8,7,4,12

6,2,8, ss: 2500
6,8,2, ss: 1500
2,6,8, ss: 1500
2,8,6, ss: 1500
8,6,2, ss: 1000
8,2,6, ss: 1000


=== rcno: 9, nData: 186, year: 6, train_course: 0, model: 2 ===
3,2,8,1,7,6

3,2,8, ss: 2500
3,8,2, ss: 1500
2,3,8, ss: 1500
2,8,3, ss: 1500
8,3,2, ss: 1000
8,2,3, ss: 1000


=== rcno: 10, nData: 186, year: 6, train_course: 0, model: 2 ===
1,2,6,8,12,7

1,2,6, ss: 2500
1,6,2, ss: 1500
2,1,6, ss: 1500
2,6,1, ss: 1500
6,1,2, ss: 1000
6,2,1, ss: 1000


=== rcno: 11, nData: 186, year: 6, train_course: 0, model: 2 ===
14,2,8,10,12,3

14,2,8, ss: 2500
14,8,2, ss: 1500
2,14,8, ss: 1500
2,8,14, ss: 1500
8,14,2, ss: 1000
8,2,14, ss: 1000


=== rcno: 1, nData: 186, year: 6, train_course: 0, model: 3 ===
10,2,7,6,4,1

10,2,7, ss: 2500
10,7,2, ss: 1500
2,10,7, ss: 1500
2,7,10, ss: 1500
7,10,2, ss: 1000
7,2,10, ss: 1000


=== rcno: 2, nData: 186, year: 6, train_course: 0, model: 3 ===
8,7,6,1,11,4

8,7,6, ss: 2500
8,6,7, ss: 1500
7,8,6, ss: 1500
7,6,8, ss: 1500
6,8,7, ss: 1000
6,7,8, ss: 1000


=== rcno: 3, nData: 186, year: 6, train_course: 0, model: 3 ===
8,3,11,4,10,6

8,3,11, ss: 2500
8,11,3, ss: 1500
3,8,11, ss: 1500
3,11,8, ss: 1500
11,8,3, ss: 1000
11,3,8, ss: 1000


=== rcno: 4, nData: 186, year: 6, train_course: 0, model: 3 ===
11,8,5,12,2,3

11,8,5, ss: 2500
11,5,8, ss: 1500
8,11,5, ss: 1500
8,5,11, ss: 1500
5,11,8, ss: 1000
5,8,11, ss: 1000


=== rcno: 5, nData: 186, year: 6, train_course: 0, model: 3 ===
8,1,12,4,11,3

8,1,12, ss: 2500
8,12,1, ss: 1500
1,8,12, ss: 1500
1,12,8, ss: 1500
12,8,1, ss: 1000
12,1,8, ss: 1000


=== rcno: 6, nData: 186, year: 6, train_course: 0, model: 3 ===
6,11,7,2,10,1

6,11,7, ss: 2500
6,7,11, ss: 1500
11,6,7, ss: 1500
11,7,6, ss: 1500
7,6,11, ss: 1000
7,11,6, ss: 1000


=== rcno: 7, nData: 186, year: 6, train_course: 0, model: 3 ===
9,7,12,1,4,2

9,7,12, ss: 2500
9,12,7, ss: 1500
7,9,12, ss: 1500
7,12,9, ss: 1500
12,9,7, ss: 1000
12,7,9, ss: 1000


=== rcno: 8, nData: 186, year: 6, train_course: 0, model: 3 ===
6,2,7,10,8,4

6,2,7, ss: 2500
6,7,2, ss: 1500
2,6,7, ss: 1500
2,7,6, ss: 1500
7,6,2, ss: 1000
7,2,6, ss: 1000


=== rcno: 9, nData: 186, year: 6, train_course: 0, model: 3 ===
7,8,3,2,1,5

7,8,3, ss: 2500
7,3,8, ss: 1500
8,7,3, ss: 1500
8,3,7, ss: 1500
3,7,8, ss: 1000
3,8,7, ss: 1000


=== rcno: 10, nData: 186, year: 6, train_course: 0, model: 3 ===
8,2,6,4,7,11

8,2,6, ss: 2500
8,6,2, ss: 1500
2,8,6, ss: 1500
2,6,8, ss: 1500
6,8,2, ss: 1000
6,2,8, ss: 1000


=== rcno: 11, nData: 186, year: 6, train_course: 0, model: 3 ===
10,14,9,5,2,6

10,14,9, ss: 2500
10,9,14, ss: 1500
14,10,9, ss: 1500
14,9,10, ss: 1500
9,10,14, ss: 1000
9,14,10, ss: 1000


=== rcno: 1, nData: 186, year: 6, train_course: 0, model: 4 ===
10,7,6,2,4,8

10,7,6, ss: 2500
10,6,7, ss: 1500
7,10,6, ss: 1500
7,6,10, ss: 1500
6,10,7, ss: 1000
6,7,10, ss: 1000


=== rcno: 2, nData: 186, year: 6, train_course: 0, model: 4 ===
8,11,4,1,12,6

8,11,4, ss: 2500
8,4,11, ss: 1500
11,8,4, ss: 1500
11,4,8, ss: 1500
4,8,11, ss: 1000
4,11,8, ss: 1000


=== rcno: 3, nData: 186, year: 6, train_course: 0, model: 4 ===
8,11,4,1,7,5

8,11,4, ss: 2500
8,4,11, ss: 1500
11,8,4, ss: 1500
11,4,8, ss: 1500
4,8,11, ss: 1000
4,11,8, ss: 1000


=== rcno: 4, nData: 186, year: 6, train_course: 0, model: 4 ===
8,5,11,12,4,2

8,5,11, ss: 2500
8,11,5, ss: 1500
5,8,11, ss: 1500
5,11,8, ss: 1500
11,8,5, ss: 1000
11,5,8, ss: 1000


=== rcno: 5, nData: 186, year: 6, train_course: 0, model: 4 ===
1,6,5,4,9,12

1,6,5, ss: 2500
1,5,6, ss: 1500
6,1,5, ss: 1500
6,5,1, ss: 1500
5,1,6, ss: 1000
5,6,1, ss: 1000


=== rcno: 6, nData: 186, year: 6, train_course: 0, model: 4 ===
7,2,5,6,1,11

7,2,5, ss: 2500
7,5,2, ss: 1500
2,7,5, ss: 1500
2,5,7, ss: 1500
5,7,2, ss: 1000
5,2,7, ss: 1000


=== rcno: 7, nData: 186, year: 6, train_course: 0, model: 4 ===
1,2,7,3,12,8

1,2,7, ss: 2500
1,7,2, ss: 1500
2,1,7, ss: 1500
2,7,1, ss: 1500
7,1,2, ss: 1000
7,2,1, ss: 1000


=== rcno: 8, nData: 186, year: 6, train_course: 0, model: 4 ===
6,7,2,8,4,12

6,7,2, ss: 2500
6,2,7, ss: 1500
7,6,2, ss: 1500
7,2,6, ss: 1500
2,6,7, ss: 1000
2,7,6, ss: 1000


=== rcno: 9, nData: 186, year: 6, train_course: 0, model: 4 ===
2,3,8,1,6,7

2,3,8, ss: 2500
2,8,3, ss: 1500
3,2,8, ss: 1500
3,8,2, ss: 1500
8,2,3, ss: 1000
8,3,2, ss: 1000


=== rcno: 10, nData: 186, year: 6, train_course: 0, model: 4 ===
2,7,12,1,6,3

2,7,12, ss: 2500
2,12,7, ss: 1500
7,2,12, ss: 1500
7,12,2, ss: 1500
12,2,7, ss: 1000
12,7,2, ss: 1000


=== rcno: 11, nData: 186, year: 6, train_course: 0, model: 4 ===
14,4,8,2,10,5

14,4,8, ss: 2500
14,8,4, ss: 1500
4,14,8, ss: 1500
4,8,14, ss: 1500
8,14,4, ss: 1000
8,4,14, ss: 1000


=== rcno: 1, nData: 186, year: 6, train_course: 0, model: 5 ===
7,10,6,1,2,9

7,10,6, ss: 2500
7,6,10, ss: 1500
10,7,6, ss: 1500
10,6,7, ss: 1500
6,7,10, ss: 1000
6,10,7, ss: 1000


=== rcno: 2, nData: 186, year: 6, train_course: 0, model: 5 ===
8,1,11,4,9,7

8,1,11, ss: 2500
8,11,1, ss: 1500
1,8,11, ss: 1500
1,11,8, ss: 1500
11,8,1, ss: 1000
11,1,8, ss: 1000


=== rcno: 3, nData: 186, year: 6, train_course: 0, model: 5 ===
8,11,1,6,5,7

8,11,1, ss: 2500
8,1,11, ss: 1500
11,8,1, ss: 1500
11,1,8, ss: 1500
1,8,11, ss: 1000
1,11,8, ss: 1000


=== rcno: 4, nData: 186, year: 6, train_course: 0, model: 5 ===
8,12,5,4,3,11

8,12,5, ss: 2500
8,5,12, ss: 1500
12,8,5, ss: 1500
12,5,8, ss: 1500
5,8,12, ss: 1000
5,12,8, ss: 1000


=== rcno: 5, nData: 186, year: 6, train_course: 0, model: 5 ===
4,1,11,8,6,3

4,1,11, ss: 2500
4,11,1, ss: 1500
1,4,11, ss: 1500
1,11,4, ss: 1500
11,4,1, ss: 1000
11,1,4, ss: 1000


=== rcno: 6, nData: 186, year: 6, train_course: 0, model: 5 ===
6,11,1,5,7,4

6,11,1, ss: 2500
6,1,11, ss: 1500
11,6,1, ss: 1500
11,1,6, ss: 1500
1,6,11, ss: 1000
1,11,6, ss: 1000


=== rcno: 7, nData: 186, year: 6, train_course: 0, model: 5 ===
1,12,9,4,11,3

1,12,9, ss: 2500
1,9,12, ss: 1500
12,1,9, ss: 1500
12,9,1, ss: 1500
9,1,12, ss: 1000
9,12,1, ss: 1000


=== rcno: 8, nData: 186, year: 6, train_course: 0, model: 5 ===
2,6,7,8,3,4

2,6,7, ss: 2500
2,7,6, ss: 1500
6,2,7, ss: 1500
6,7,2, ss: 1500
7,2,6, ss: 1000
7,6,2, ss: 1000


=== rcno: 9, nData: 186, year: 6, train_course: 0, model: 5 ===
3,8,2,1,7,6

3,8,2, ss: 2500
3,2,8, ss: 1500
8,3,2, ss: 1500
8,2,3, ss: 1500
2,3,8, ss: 1000
2,8,3, ss: 1000


=== rcno: 10, nData: 186, year: 6, train_course: 0, model: 5 ===
2,6,8,7,12,4

2,6,8, ss: 2500
2,8,6, ss: 1500
6,2,8, ss: 1500
6,8,2, ss: 1500
8,2,6, ss: 1000
8,6,2, ss: 1000


=== rcno: 11, nData: 186, year: 6, train_course: 0, model: 5 ===
14,10,8,2,3,5

14,10,8, ss: 2500
14,8,10, ss: 1500
10,14,8, ss: 1500
10,8,14, ss: 1500
8,14,10, ss: 1000
8,10,14, ss: 1000


=== rcno: 1, nData: 186, year: 6, train_course: 0, model: 6 ===
10,2,6,7,4,8

10,2,6, ss: 2500
10,6,2, ss: 1500
2,10,6, ss: 1500
2,6,10, ss: 1500
6,10,2, ss: 1000
6,2,10, ss: 1000


=== rcno: 2, nData: 186, year: 6, train_course: 0, model: 6 ===
8,6,4,11,1,9

8,6,4, ss: 2500
8,4,6, ss: 1500
6,8,4, ss: 1500
6,4,8, ss: 1500
4,8,6, ss: 1000
4,6,8, ss: 1000


=== rcno: 3, nData: 186, year: 6, train_course: 0, model: 6 ===
8,4,5,11,1,7

8,4,5, ss: 2500
8,5,4, ss: 1500
4,8,5, ss: 1500
4,5,8, ss: 1500
5,8,4, ss: 1000
5,4,8, ss: 1000


=== rcno: 4, nData: 186, year: 6, train_course: 0, model: 6 ===
5,2,8,12,4,6

5,2,8, ss: 2500
5,8,2, ss: 1500
2,5,8, ss: 1500
2,8,5, ss: 1500
8,5,2, ss: 1000
8,2,5, ss: 1000


=== rcno: 5, nData: 186, year: 6, train_course: 0, model: 6 ===
1,4,5,10,6,9

1,4,5, ss: 2500
1,5,4, ss: 1500
4,1,5, ss: 1500
4,5,1, ss: 1500
5,1,4, ss: 1000
5,4,1, ss: 1000


=== rcno: 6, nData: 186, year: 6, train_course: 0, model: 6 ===
2,7,5,1,11,6

2,7,5, ss: 2500
2,5,7, ss: 1500
7,2,5, ss: 1500
7,5,2, ss: 1500
5,2,7, ss: 1000
5,7,2, ss: 1000


=== rcno: 7, nData: 186, year: 6, train_course: 0, model: 6 ===
7,1,3,2,12,8

7,1,3, ss: 2500
7,3,1, ss: 1500
1,7,3, ss: 1500
1,3,7, ss: 1500
3,7,1, ss: 1000
3,1,7, ss: 1000


=== rcno: 8, nData: 186, year: 6, train_course: 0, model: 6 ===
6,2,12,4,7,8

6,2,12, ss: 2500
6,12,2, ss: 1500
2,6,12, ss: 1500
2,12,6, ss: 1500
12,6,2, ss: 1000
12,2,6, ss: 1000


=== rcno: 9, nData: 186, year: 6, train_course: 0, model: 6 ===
3,2,5,6,8,1

3,2,5, ss: 2500
3,5,2, ss: 1500
2,3,5, ss: 1500
2,5,3, ss: 1500
5,3,2, ss: 1000
5,2,3, ss: 1000


=== rcno: 10, nData: 186, year: 6, train_course: 0, model: 6 ===
1,12,2,7,11,8

1,12,2, ss: 2500
1,2,12, ss: 1500
12,1,2, ss: 1500
12,2,1, ss: 1500
2,1,12, ss: 1000
2,12,1, ss: 1000


=== rcno: 11, nData: 186, year: 6, train_course: 0, model: 6 ===
14,4,2,8,3,12

14,4,2, ss: 2500
14,2,4, ss: 1500
4,14,2, ss: 1500
4,2,14, ss: 1500
2,14,4, ss: 1000
2,4,14, ss: 1000


=== rcno: 1, nData: 186, year: 6, train_course: 0, model: 7 ===
10,7,2,6,4,1

10,7,2, ss: 2500
10,2,7, ss: 1500
7,10,2, ss: 1500
7,2,10, ss: 1500
2,10,7, ss: 1000
2,7,10, ss: 1000


=== rcno: 2, nData: 186, year: 6, train_course: 0, model: 7 ===
7,8,1,11,4,6

7,8,1, ss: 2500
7,1,8, ss: 1500
8,7,1, ss: 1500
8,1,7, ss: 1500
1,7,8, ss: 1000
1,8,7, ss: 1000


=== rcno: 3, nData: 186, year: 6, train_course: 0, model: 7 ===
8,11,4,6,5,3

8,11,4, ss: 2500
8,4,11, ss: 1500
11,8,4, ss: 1500
11,4,8, ss: 1500
4,8,11, ss: 1000
4,11,8, ss: 1000


=== rcno: 4, nData: 186, year: 6, train_course: 0, model: 7 ===
11,8,5,2,12,4

11,8,5, ss: 2500
11,5,8, ss: 1500
8,11,5, ss: 1500
8,5,11, ss: 1500
5,11,8, ss: 1000
5,8,11, ss: 1000


=== rcno: 5, nData: 186, year: 6, train_course: 0, model: 7 ===
1,4,8,12,9,5

1,4,8, ss: 2500
1,8,4, ss: 1500
4,1,8, ss: 1500
4,8,1, ss: 1500
8,1,4, ss: 1000
8,4,1, ss: 1000


=== rcno: 6, nData: 186, year: 6, train_course: 0, model: 7 ===
6,11,7,2,1,5

6,11,7, ss: 2500
6,7,11, ss: 1500
11,6,7, ss: 1500
11,7,6, ss: 1500
7,6,11, ss: 1000
7,11,6, ss: 1000


=== rcno: 7, nData: 186, year: 6, train_course: 0, model: 7 ===
9,12,1,7,2,3

9,12,1, ss: 2500
9,1,12, ss: 1500
12,9,1, ss: 1500
12,1,9, ss: 1500
1,9,12, ss: 1000
1,12,9, ss: 1000


=== rcno: 8, nData: 186, year: 6, train_course: 0, model: 7 ===
6,2,7,8,10,4

6,2,7, ss: 2500
6,7,2, ss: 1500
2,6,7, ss: 1500
2,7,6, ss: 1500
7,6,2, ss: 1000
7,2,6, ss: 1000


=== rcno: 9, nData: 186, year: 6, train_course: 0, model: 7 ===
7,3,8,1,2,4

7,3,8, ss: 2500
7,8,3, ss: 1500
3,7,8, ss: 1500
3,8,7, ss: 1500
8,7,3, ss: 1000
8,3,7, ss: 1000


=== rcno: 10, nData: 186, year: 6, train_course: 0, model: 7 ===
8,2,6,4,7,12

8,2,6, ss: 2500
8,6,2, ss: 1500
2,8,6, ss: 1500
2,6,8, ss: 1500
6,8,2, ss: 1000
6,2,8, ss: 1000


=== rcno: 11, nData: 186, year: 6, train_course: 0, model: 7 ===
10,14,8,2,5,6

10,14,8, ss: 2500
10,8,14, ss: 1500
14,10,8, ss: 1500
14,8,10, ss: 1500
8,10,14, ss: 1000
8,14,10, ss: 1000


=== rcno: 1, nData: 186, year: 6, train_course: 0, model: 8 ===
7,10,6,2,1,12

7,10,6, ss: 2500
7,6,10, ss: 1500
10,7,6, ss: 1500
10,6,7, ss: 1500
6,7,10, ss: 1000
6,10,7, ss: 1000


=== rcno: 2, nData: 186, year: 6, train_course: 0, model: 8 ===
8,1,7,11,4,9

8,1,7, ss: 2500
8,7,1, ss: 1500
1,8,7, ss: 1500
1,7,8, ss: 1500
7,8,1, ss: 1000
7,1,8, ss: 1000


=== rcno: 3, nData: 186, year: 6, train_course: 0, model: 8 ===
8,11,6,10,1,3

8,11,6, ss: 2500
8,6,11, ss: 1500
11,8,6, ss: 1500
11,6,8, ss: 1500
6,8,11, ss: 1000
6,11,8, ss: 1000


=== rcno: 4, nData: 186, year: 6, train_course: 0, model: 8 ===
11,8,5,12,3,4

11,8,5, ss: 2500
11,5,8, ss: 1500
8,11,5, ss: 1500
8,5,11, ss: 1500
5,11,8, ss: 1000
5,8,11, ss: 1000


=== rcno: 5, nData: 186, year: 6, train_course: 0, model: 8 ===
8,4,1,3,6,11

8,4,1, ss: 2500
8,1,4, ss: 1500
4,8,1, ss: 1500
4,1,8, ss: 1500
1,8,4, ss: 1000
1,4,8, ss: 1000


=== rcno: 6, nData: 186, year: 6, train_course: 0, model: 8 ===
6,11,7,1,5,12

6,11,7, ss: 2500
6,7,11, ss: 1500
11,6,7, ss: 1500
11,7,6, ss: 1500
7,6,11, ss: 1000
7,11,6, ss: 1000


=== rcno: 7, nData: 186, year: 6, train_course: 0, model: 8 ===
9,1,12,4,2,3

9,1,12, ss: 2500
9,12,1, ss: 1500
1,9,12, ss: 1500
1,12,9, ss: 1500
12,9,1, ss: 1000
12,1,9, ss: 1000


=== rcno: 8, nData: 186, year: 6, train_course: 0, model: 8 ===
6,2,7,10,8,3

6,2,7, ss: 2500
6,7,2, ss: 1500
2,6,7, ss: 1500
2,7,6, ss: 1500
7,6,2, ss: 1000
7,2,6, ss: 1000


=== rcno: 9, nData: 186, year: 6, train_course: 0, model: 8 ===
7,3,8,2,1,6

7,3,8, ss: 2500
7,8,3, ss: 1500
3,7,8, ss: 1500
3,8,7, ss: 1500
8,7,3, ss: 1000
8,3,7, ss: 1000


=== rcno: 10, nData: 186, year: 6, train_course: 0, model: 8 ===
8,2,6,4,1,7

8,2,6, ss: 2500
8,6,2, ss: 1500
2,8,6, ss: 1500
2,6,8, ss: 1500
6,8,2, ss: 1000
6,2,8, ss: 1000


=== rcno: 11, nData: 186, year: 6, train_course: 0, model: 8 ===
10,14,5,8,3,6

10,14,5, ss: 2500
10,5,14, ss: 1500
14,10,5, ss: 1500
14,5,10, ss: 1500
5,10,14, ss: 1000
5,14,10, ss: 1000


=== rcno: 1, nData: 186, year: 6, train_course: 0, model: 9 ===
10,2,7,4,6,8

10,2,7, ss: 2500
10,7,2, ss: 1500
2,10,7, ss: 1500
2,7,10, ss: 1500
7,10,2, ss: 1000
7,2,10, ss: 1000


=== rcno: 2, nData: 186, year: 6, train_course: 0, model: 9 ===
8,7,11,4,6,12

8,7,11, ss: 2500
8,11,7, ss: 1500
7,8,11, ss: 1500
7,11,8, ss: 1500
11,8,7, ss: 1000
11,7,8, ss: 1000


=== rcno: 3, nData: 186, year: 6, train_course: 0, model: 9 ===
8,11,4,5,1,2

8,11,4, ss: 2500
8,4,11, ss: 1500
11,8,4, ss: 1500
11,4,8, ss: 1500
4,8,11, ss: 1000
4,11,8, ss: 1000


=== rcno: 4, nData: 186, year: 6, train_course: 0, model: 9 ===
5,2,11,8,4,12

5,2,11, ss: 2500
5,11,2, ss: 1500
2,5,11, ss: 1500
2,11,5, ss: 1500
11,5,2, ss: 1000
11,2,5, ss: 1000


=== rcno: 5, nData: 186, year: 6, train_course: 0, model: 9 ===
1,12,4,10,8,6

1,12,4, ss: 2500
1,4,12, ss: 1500
12,1,4, ss: 1500
12,4,1, ss: 1500
4,1,12, ss: 1000
4,12,1, ss: 1000


=== rcno: 6, nData: 186, year: 6, train_course: 0, model: 9 ===
7,2,6,11,5,1

7,2,6, ss: 2500
7,6,2, ss: 1500
2,7,6, ss: 1500
2,6,7, ss: 1500
6,7,2, ss: 1000
6,2,7, ss: 1000


=== rcno: 7, nData: 186, year: 6, train_course: 0, model: 9 ===
7,1,2,3,9,12

7,1,2, ss: 2500
7,2,1, ss: 1500
1,7,2, ss: 1500
1,2,7, ss: 1500
2,7,1, ss: 1000
2,1,7, ss: 1000


=== rcno: 8, nData: 186, year: 6, train_course: 0, model: 9 ===
6,12,4,8,7,2

6,12,4, ss: 2500
6,4,12, ss: 1500
12,6,4, ss: 1500
12,4,6, ss: 1500
4,6,12, ss: 1000
4,12,6, ss: 1000


=== rcno: 9, nData: 186, year: 6, train_course: 0, model: 9 ===
3,7,2,5,1,8

3,7,2, ss: 2500
3,2,7, ss: 1500
7,3,2, ss: 1500
7,2,3, ss: 1500
2,3,7, ss: 1000
2,7,3, ss: 1000


=== rcno: 10, nData: 186, year: 6, train_course: 0, model: 9 ===
1,8,2,12,7,11

1,8,2, ss: 2500
1,2,8, ss: 1500
8,1,2, ss: 1500
8,2,1, ss: 1500
2,1,8, ss: 1000
2,8,1, ss: 1000


=== rcno: 11, nData: 186, year: 6, train_course: 0, model: 9 ===
14,10,2,6,3,8

14,10,2, ss: 2500
14,2,10, ss: 1500
10,14,2, ss: 1500
10,2,14, ss: 1500
2,14,10, ss: 1000
2,10,14, ss: 1000


=== rcno: 1, nData: 186, year: 6, train_course: 0, model: 10 ===
10,7,2,6,4,1

10,7,2, ss: 2500
10,2,7, ss: 1500
7,10,2, ss: 1500
7,2,10, ss: 1500
2,10,7, ss: 1000
2,7,10, ss: 1000


=== rcno: 2, nData: 186, year: 6, train_course: 0, model: 10 ===
8,11,1,7,4,6

8,11,1, ss: 2500
8,1,11, ss: 1500
11,8,1, ss: 1500
11,1,8, ss: 1500
1,8,11, ss: 1000
1,11,8, ss: 1000


=== rcno: 3, nData: 186, year: 6, train_course: 0, model: 10 ===
8,11,4,1,5,7

8,11,4, ss: 2500
8,4,11, ss: 1500
11,8,4, ss: 1500
11,4,8, ss: 1500
4,8,11, ss: 1000
4,11,8, ss: 1000


=== rcno: 4, nData: 186, year: 6, train_course: 0, model: 10 ===
8,5,11,12,2,4

8,5,11, ss: 2500
8,11,5, ss: 1500
5,8,11, ss: 1500
5,11,8, ss: 1500
11,8,5, ss: 1000
11,5,8, ss: 1000


=== rcno: 5, nData: 186, year: 6, train_course: 0, model: 10 ===
1,4,8,12,6,11

1,4,8, ss: 2500
1,8,4, ss: 1500
4,1,8, ss: 1500
4,8,1, ss: 1500
8,1,4, ss: 1000
8,4,1, ss: 1000


=== rcno: 6, nData: 186, year: 6, train_course: 0, model: 10 ===
6,11,7,2,5,1

6,11,7, ss: 2500
6,7,11, ss: 1500
11,6,7, ss: 1500
11,7,6, ss: 1500
7,6,11, ss: 1000
7,11,6, ss: 1000


=== rcno: 7, nData: 186, year: 6, train_course: 0, model: 10 ===
1,7,12,9,2,3

1,7,12, ss: 2500
1,12,7, ss: 1500
7,1,12, ss: 1500
7,12,1, ss: 1500
12,1,7, ss: 1000
12,7,1, ss: 1000


=== rcno: 8, nData: 186, year: 6, train_course: 0, model: 10 ===
6,2,7,8,4,12

6,2,7, ss: 2500
6,7,2, ss: 1500
2,6,7, ss: 1500
2,7,6, ss: 1500
7,6,2, ss: 1000
7,2,6, ss: 1000


=== rcno: 9, nData: 186, year: 6, train_course: 0, model: 10 ===
3,7,2,8,1,6

3,7,2, ss: 2500
3,2,7, ss: 1500
7,3,2, ss: 1500
7,2,3, ss: 1500
2,3,7, ss: 1000
2,7,3, ss: 1000


=== rcno: 10, nData: 186, year: 6, train_course: 0, model: 10 ===
8,2,6,1,7,12

8,2,6, ss: 2500
8,6,2, ss: 1500
2,8,6, ss: 1500
2,6,8, ss: 1500
6,8,2, ss: 1000
6,2,8, ss: 1000


=== rcno: 11, nData: 186, year: 6, train_course: 0, model: 10 ===
14,10,2,8,3,5

14,10,2, ss: 2500
14,2,10, ss: 1500
10,14,2, ss: 1500
10,2,14, ss: 1500
2,14,10, ss: 1000
2,10,14, ss: 1000