


=== rcno: 1, nData: 212, year: 8, train_course: 0, model: 0 ===
8,6,4,2,7,1

8,6,4, ss: 500
8,4,6, ss: 300
6,8,4, ss: 300
6,4,8, ss: 300
4,8,6, ss: 200
4,6,8, ss: 200


=== rcno: 2, nData: 212, year: 8, train_course: 0, model: 0 ===
5,7,3,4,10,1

5,7,3, ss: 500
5,3,7, ss: 300
7,5,3, ss: 300
7,3,5, ss: 300
3,5,7, ss: 200
3,7,5, ss: 200


=== rcno: 3, nData: 212, year: 8, train_course: 0, model: 0 ===
3,7,2,11,5,6

3,7,2, ss: 500
3,2,7, ss: 300
7,3,2, ss: 300
7,2,3, ss: 300
2,3,7, ss: 200
2,7,3, ss: 200


=== rcno: 4, nData: 212, year: 8, train_course: 0, model: 0 ===
7,5,4,6,2,1

7,5,4, ss: 500
7,4,5, ss: 300
5,7,4, ss: 300
5,4,7, ss: 300
4,7,5, ss: 200
4,5,7, ss: 200


=== rcno: 5, nData: 212, year: 8, train_course: 0, model: 0 ===
11,5,4,7,6,1

11,5,4, ss: 500
11,4,5, ss: 300
5,11,4, ss: 300
5,4,11, ss: 300
4,11,5, ss: 200
4,5,11, ss: 200


=== rcno: 6, nData: 212, year: 8, train_course: 0, model: 0 ===
6,10,2,1,4,5

6,10,2, ss: 500
6,2,10, ss: 300
10,6,2, ss: 300
10,2,6, ss: 300
2,6,10, ss: 200
2,10,6, ss: 200


=== rcno: 7, nData: 212, year: 8, train_course: 0, model: 0 ===
6,9,8,4,11,2

6,9,8, ss: 500
6,8,9, ss: 300
9,6,8, ss: 300
9,8,6, ss: 300
8,6,9, ss: 200
8,9,6, ss: 200


=== rcno: 8, nData: 212, year: 8, train_course: 0, model: 0 ===
10,4,1,5,11,8

10,4,1, ss: 500
10,1,4, ss: 300
4,10,1, ss: 300
4,1,10, ss: 300
1,10,4, ss: 200
1,4,10, ss: 200


=== rcno: 9, nData: 212, year: 8, train_course: 0, model: 0 ===
13,9,3,6,4,10

13,9,3, ss: 500
13,3,9, ss: 300
9,13,3, ss: 300
9,3,13, ss: 300
3,13,9, ss: 200
3,9,13, ss: 200


=== rcno: 10, nData: 212, year: 8, train_course: 0, model: 0 ===
5,3,8,9,10,11

5,3,8, ss: 500
5,8,3, ss: 300
3,5,8, ss: 300
3,8,5, ss: 300
8,5,3, ss: 200
8,3,5, ss: 200


=== rcno: 1, nData: 212, year: 8, train_course: 0, model: 1 ===
8,4,6,1,7,9

8,4,6, ss: 500
8,6,4, ss: 300
4,8,6, ss: 300
4,6,8, ss: 300
6,8,4, ss: 200
6,4,8, ss: 200


=== rcno: 2, nData: 212, year: 8, train_course: 0, model: 1 ===
5,3,7,10,6,9

5,3,7, ss: 500
5,7,3, ss: 300
3,5,7, ss: 300
3,7,5, ss: 300
7,5,3, ss: 200
7,3,5, ss: 200


=== rcno: 3, nData: 212, year: 8, train_course: 0, model: 1 ===
2,3,7,11,5,12

2,3,7, ss: 500
2,7,3, ss: 300
3,2,7, ss: 300
3,7,2, ss: 300
7,2,3, ss: 200
7,3,2, ss: 200


=== rcno: 4, nData: 212, year: 8, train_course: 0, model: 1 ===
7,5,4,6,8,1

7,5,4, ss: 500
7,4,5, ss: 300
5,7,4, ss: 300
5,4,7, ss: 300
4,7,5, ss: 200
4,5,7, ss: 200


=== rcno: 5, nData: 212, year: 8, train_course: 0, model: 1 ===
11,4,6,1,7,5

11,4,6, ss: 500
11,6,4, ss: 300
4,11,6, ss: 300
4,6,11, ss: 300
6,11,4, ss: 200
6,4,11, ss: 200


=== rcno: 6, nData: 212, year: 8, train_course: 0, model: 1 ===
10,6,2,4,1,5

10,6,2, ss: 500
10,2,6, ss: 300
6,10,2, ss: 300
6,2,10, ss: 300
2,10,6, ss: 200
2,6,10, ss: 200


=== rcno: 7, nData: 212, year: 8, train_course: 0, model: 1 ===
6,5,8,9,3,4

6,5,8, ss: 500
6,8,5, ss: 300
5,6,8, ss: 300
5,8,6, ss: 300
8,6,5, ss: 200
8,5,6, ss: 200


=== rcno: 8, nData: 212, year: 8, train_course: 0, model: 1 ===
10,6,4,1,12,2

10,6,4, ss: 500
10,4,6, ss: 300
6,10,4, ss: 300
6,4,10, ss: 300
4,10,6, ss: 200
4,6,10, ss: 200


=== rcno: 9, nData: 212, year: 8, train_course: 0, model: 1 ===
9,13,1,6,3,4

9,13,1, ss: 500
9,1,13, ss: 300
13,9,1, ss: 300
13,1,9, ss: 300
1,9,13, ss: 200
1,13,9, ss: 200


=== rcno: 10, nData: 212, year: 8, train_course: 0, model: 1 ===
5,3,9,1,8,11

5,3,9, ss: 500
5,9,3, ss: 300
3,5,9, ss: 300
3,9,5, ss: 300
9,5,3, ss: 200
9,3,5, ss: 200


=== rcno: 1, nData: 212, year: 8, train_course: 0, model: 2 ===
8,1,2,4,6,7

8,1,2, ss: 500
8,2,1, ss: 300
1,8,2, ss: 300
1,2,8, ss: 300
2,8,1, ss: 200
2,1,8, ss: 200


=== rcno: 2, nData: 212, year: 8, train_course: 0, model: 2 ===
7,5,3,4,1,10

7,5,3, ss: 500
7,3,5, ss: 300
5,7,3, ss: 300
5,3,7, ss: 300
3,7,5, ss: 200
3,5,7, ss: 200


=== rcno: 3, nData: 212, year: 8, train_course: 0, model: 2 ===
11,2,7,6,5,8

11,2,7, ss: 500
11,7,2, ss: 300
2,11,7, ss: 300
2,7,11, ss: 300
7,11,2, ss: 200
7,2,11, ss: 200


=== rcno: 4, nData: 212, year: 8, train_course: 0, model: 2 ===
5,4,7,1,6,2

5,4,7, ss: 500
5,7,4, ss: 300
4,5,7, ss: 300
4,7,5, ss: 300
7,5,4, ss: 200
7,4,5, ss: 200


=== rcno: 5, nData: 212, year: 8, train_course: 0, model: 2 ===
5,4,7,11,6,2

5,4,7, ss: 500
5,7,4, ss: 300
4,5,7, ss: 300
4,7,5, ss: 300
7,5,4, ss: 200
7,4,5, ss: 200


=== rcno: 6, nData: 212, year: 8, train_course: 0, model: 2 ===
10,4,1,6,2,5

10,4,1, ss: 500
10,1,4, ss: 300
4,10,1, ss: 300
4,1,10, ss: 300
1,10,4, ss: 200
1,4,10, ss: 200


=== rcno: 7, nData: 212, year: 8, train_course: 0, model: 2 ===
6,9,8,3,2,11

6,9,8, ss: 500
6,8,9, ss: 300
9,6,8, ss: 300
9,8,6, ss: 300
8,6,9, ss: 200
8,9,6, ss: 200


=== rcno: 8, nData: 212, year: 8, train_course: 0, model: 2 ===
10,4,1,8,6,11

10,4,1, ss: 500
10,1,4, ss: 300
4,10,1, ss: 300
4,1,10, ss: 300
1,10,4, ss: 200
1,4,10, ss: 200


=== rcno: 9, nData: 212, year: 8, train_course: 0, model: 2 ===
13,9,3,4,11,10

13,9,3, ss: 500
13,3,9, ss: 300
9,13,3, ss: 300
9,3,13, ss: 300
3,13,9, ss: 200
3,9,13, ss: 200


=== rcno: 10, nData: 212, year: 8, train_course: 0, model: 2 ===
5,9,1,8,11,3

5,9,1, ss: 500
5,1,9, ss: 300
9,5,1, ss: 300
9,1,5, ss: 300
1,5,9, ss: 200
1,9,5, ss: 200


=== rcno: 1, nData: 212, year: 8, train_course: 0, model: 3 ===
8,1,2,7,4,9

8,1,2, ss: 500
8,2,1, ss: 300
1,8,2, ss: 300
1,2,8, ss: 300
2,8,1, ss: 200
2,1,8, ss: 200


=== rcno: 2, nData: 212, year: 8, train_course: 0, model: 3 ===
7,5,4,1,3,10

7,5,4, ss: 500
7,4,5, ss: 300
5,7,4, ss: 300
5,4,7, ss: 300
4,7,5, ss: 200
4,5,7, ss: 200


=== rcno: 3, nData: 212, year: 8, train_course: 0, model: 3 ===
11,6,2,7,5,8

11,6,2, ss: 500
11,2,6, ss: 300
6,11,2, ss: 300
6,2,11, ss: 300
2,11,6, ss: 200
2,6,11, ss: 200


=== rcno: 4, nData: 212, year: 8, train_course: 0, model: 3 ===
5,4,7,1,2,6

5,4,7, ss: 500
5,7,4, ss: 300
4,5,7, ss: 300
4,7,5, ss: 300
7,5,4, ss: 200
7,4,5, ss: 200


=== rcno: 5, nData: 212, year: 8, train_course: 0, model: 3 ===
5,7,4,11,1,2

5,7,4, ss: 500
5,4,7, ss: 300
7,5,4, ss: 300
7,4,5, ss: 300
4,5,7, ss: 200
4,7,5, ss: 200


=== rcno: 6, nData: 212, year: 8, train_course: 0, model: 3 ===
10,6,4,1,2,5

10,6,4, ss: 500
10,4,6, ss: 300
6,10,4, ss: 300
6,4,10, ss: 300
4,10,6, ss: 200
4,6,10, ss: 200


=== rcno: 7, nData: 212, year: 8, train_course: 0, model: 3 ===
6,9,8,3,5,1

6,9,8, ss: 500
6,8,9, ss: 300
9,6,8, ss: 300
9,8,6, ss: 300
8,6,9, ss: 200
8,9,6, ss: 200


=== rcno: 8, nData: 212, year: 8, train_course: 0, model: 3 ===
10,4,8,1,6,11

10,4,8, ss: 500
10,8,4, ss: 300
4,10,8, ss: 300
4,8,10, ss: 300
8,10,4, ss: 200
8,4,10, ss: 200


=== rcno: 9, nData: 212, year: 8, train_course: 0, model: 3 ===
13,9,3,11,1,6

13,9,3, ss: 500
13,3,9, ss: 300
9,13,3, ss: 300
9,3,13, ss: 300
3,13,9, ss: 200
3,9,13, ss: 200


=== rcno: 10, nData: 212, year: 8, train_course: 0, model: 3 ===
9,5,8,11,1,3

9,5,8, ss: 500
9,8,5, ss: 300
5,9,8, ss: 300
5,8,9, ss: 300
8,9,5, ss: 200
8,5,9, ss: 200


=== rcno: 1, nData: 212, year: 8, train_course: 0, model: 4 ===
8,4,1,7,2,6

8,4,1, ss: 500
8,1,4, ss: 300
4,8,1, ss: 300
4,1,8, ss: 300
1,8,4, ss: 200
1,4,8, ss: 200


=== rcno: 2, nData: 212, year: 8, train_course: 0, model: 4 ===
5,7,3,4,1,2

5,7,3, ss: 500
5,3,7, ss: 300
7,5,3, ss: 300
7,3,5, ss: 300
3,5,7, ss: 200
3,7,5, ss: 200


=== rcno: 3, nData: 212, year: 8, train_course: 0, model: 4 ===
11,8,6,2,5,3

11,8,6, ss: 500
11,6,8, ss: 300
8,11,6, ss: 300
8,6,11, ss: 300
6,11,8, ss: 200
6,8,11, ss: 200


=== rcno: 4, nData: 212, year: 8, train_course: 0, model: 4 ===
5,7,4,1,6,8

5,7,4, ss: 500
5,4,7, ss: 300
7,5,4, ss: 300
7,4,5, ss: 300
4,5,7, ss: 200
4,7,5, ss: 200


=== rcno: 5, nData: 212, year: 8, train_course: 0, model: 4 ===
4,7,11,5,9,6

4,7,11, ss: 500
4,11,7, ss: 300
7,4,11, ss: 300
7,11,4, ss: 300
11,4,7, ss: 200
11,7,4, ss: 200


=== rcno: 6, nData: 212, year: 8, train_course: 0, model: 4 ===
10,6,4,1,2,5

10,6,4, ss: 500
10,4,6, ss: 300
6,10,4, ss: 300
6,4,10, ss: 300
4,10,6, ss: 200
4,6,10, ss: 200


=== rcno: 7, nData: 212, year: 8, train_course: 0, model: 4 ===
6,9,8,3,1,2

6,9,8, ss: 500
6,8,9, ss: 300
9,6,8, ss: 300
9,8,6, ss: 300
8,6,9, ss: 200
8,9,6, ss: 200


=== rcno: 8, nData: 212, year: 8, train_course: 0, model: 4 ===
4,10,6,8,1,2

4,10,6, ss: 500
4,6,10, ss: 300
10,4,6, ss: 300
10,6,4, ss: 300
6,4,10, ss: 200
6,10,4, ss: 200


=== rcno: 9, nData: 212, year: 8, train_course: 0, model: 4 ===
13,9,1,11,3,4

13,9,1, ss: 500
13,1,9, ss: 300
9,13,1, ss: 300
9,1,13, ss: 300
1,13,9, ss: 200
1,9,13, ss: 200


=== rcno: 10, nData: 212, year: 8, train_course: 0, model: 4 ===
9,5,11,8,1,3

9,5,11, ss: 500
9,11,5, ss: 300
5,9,11, ss: 300
5,11,9, ss: 300
11,9,5, ss: 200
11,5,9, ss: 200


=== rcno: 1, nData: 212, year: 8, train_course: 0, model: 5 ===
8,4,1,7,2,6

8,4,1, ss: 500
8,1,4, ss: 300
4,8,1, ss: 300
4,1,8, ss: 300
1,8,4, ss: 200
1,4,8, ss: 200


=== rcno: 2, nData: 212, year: 8, train_course: 0, model: 5 ===
5,7,4,3,1,2

5,7,4, ss: 500
5,4,7, ss: 300
7,5,4, ss: 300
7,4,5, ss: 300
4,5,7, ss: 200
4,7,5, ss: 200


=== rcno: 3, nData: 212, year: 8, train_course: 0, model: 5 ===
11,8,6,2,7,3

11,8,6, ss: 500
11,6,8, ss: 300
8,11,6, ss: 300
8,6,11, ss: 300
6,11,8, ss: 200
6,8,11, ss: 200


=== rcno: 4, nData: 212, year: 8, train_course: 0, model: 5 ===
5,1,7,4,6,8

5,1,7, ss: 500
5,7,1, ss: 300
1,5,7, ss: 300
1,7,5, ss: 300
7,5,1, ss: 200
7,1,5, ss: 200


=== rcno: 5, nData: 212, year: 8, train_course: 0, model: 5 ===
4,7,9,11,6,5

4,7,9, ss: 500
4,9,7, ss: 300
7,4,9, ss: 300
7,9,4, ss: 300
9,4,7, ss: 200
9,7,4, ss: 200


=== rcno: 6, nData: 212, year: 8, train_course: 0, model: 5 ===
10,4,6,1,2,5

10,4,6, ss: 500
10,6,4, ss: 300
4,10,6, ss: 300
4,6,10, ss: 300
6,10,4, ss: 200
6,4,10, ss: 200


=== rcno: 7, nData: 212, year: 8, train_course: 0, model: 5 ===
6,9,8,1,3,11

6,9,8, ss: 500
6,8,9, ss: 300
9,6,8, ss: 300
9,8,6, ss: 300
8,6,9, ss: 200
8,9,6, ss: 200


=== rcno: 8, nData: 212, year: 8, train_course: 0, model: 5 ===
4,6,8,10,7,2

4,6,8, ss: 500
4,8,6, ss: 300
6,4,8, ss: 300
6,8,4, ss: 300
8,4,6, ss: 200
8,6,4, ss: 200


=== rcno: 9, nData: 212, year: 8, train_course: 0, model: 5 ===
13,9,12,11,10,1

13,9,12, ss: 500
13,12,9, ss: 300
9,13,12, ss: 300
9,12,13, ss: 300
12,13,9, ss: 200
12,9,13, ss: 200


=== rcno: 10, nData: 212, year: 8, train_course: 0, model: 5 ===
9,11,5,8,1,3

9,11,5, ss: 500
9,5,11, ss: 300
11,9,5, ss: 300
11,5,9, ss: 300
5,9,11, ss: 200
5,11,9, ss: 200


=== rcno: 1, nData: 212, year: 8, train_course: 0, model: 6 ===
8,2,7,4,1,6

8,2,7, ss: 500
8,7,2, ss: 300
2,8,7, ss: 300
2,7,8, ss: 300
7,8,2, ss: 200
7,2,8, ss: 200


=== rcno: 2, nData: 212, year: 8, train_course: 0, model: 6 ===
5,7,3,1,4,2

5,7,3, ss: 500
5,3,7, ss: 300
7,5,3, ss: 300
7,3,5, ss: 300
3,5,7, ss: 200
3,7,5, ss: 200


=== rcno: 3, nData: 212, year: 8, train_course: 0, model: 6 ===
11,5,6,2,8,3

11,5,6, ss: 500
11,6,5, ss: 300
5,11,6, ss: 300
5,6,11, ss: 300
6,11,5, ss: 200
6,5,11, ss: 200


=== rcno: 4, nData: 212, year: 8, train_course: 0, model: 6 ===
5,7,4,2,1,6

5,7,4, ss: 500
5,4,7, ss: 300
7,5,4, ss: 300
7,4,5, ss: 300
4,5,7, ss: 200
4,7,5, ss: 200


=== rcno: 5, nData: 212, year: 8, train_course: 0, model: 6 ===
5,4,11,7,2,9

5,4,11, ss: 500
5,11,4, ss: 300
4,5,11, ss: 300
4,11,5, ss: 300
11,5,4, ss: 200
11,4,5, ss: 200


=== rcno: 6, nData: 212, year: 8, train_course: 0, model: 6 ===
10,2,6,4,5,1

10,2,6, ss: 500
10,6,2, ss: 300
2,10,6, ss: 300
2,6,10, ss: 300
6,10,2, ss: 200
6,2,10, ss: 200


=== rcno: 7, nData: 212, year: 8, train_course: 0, model: 6 ===
6,9,8,3,2,10

6,9,8, ss: 500
6,8,9, ss: 300
9,6,8, ss: 300
9,8,6, ss: 300
8,6,9, ss: 200
8,9,6, ss: 200


=== rcno: 8, nData: 212, year: 8, train_course: 0, model: 6 ===
10,6,4,1,8,11

10,6,4, ss: 500
10,4,6, ss: 300
6,10,4, ss: 300
6,4,10, ss: 300
4,10,6, ss: 200
4,6,10, ss: 200


=== rcno: 9, nData: 212, year: 8, train_course: 0, model: 6 ===
13,9,3,11,1,6

13,9,3, ss: 500
13,3,9, ss: 300
9,13,3, ss: 300
9,3,13, ss: 300
3,13,9, ss: 200
3,9,13, ss: 200


=== rcno: 10, nData: 212, year: 8, train_course: 0, model: 6 ===
5,1,8,9,11,3

5,1,8, ss: 500
5,8,1, ss: 300
1,5,8, ss: 300
1,8,5, ss: 300
8,5,1, ss: 200
8,1,5, ss: 200


=== rcno: 1, nData: 212, year: 8, train_course: 0, model: 7 ===
8,2,7,1,6,5

8,2,7, ss: 500
8,7,2, ss: 300
2,8,7, ss: 300
2,7,8, ss: 300
7,8,2, ss: 200
7,2,8, ss: 200


=== rcno: 2, nData: 212, year: 8, train_course: 0, model: 7 ===
7,5,6,1,2,3

7,5,6, ss: 500
7,6,5, ss: 300
5,7,6, ss: 300
5,6,7, ss: 300
6,7,5, ss: 200
6,5,7, ss: 200


=== rcno: 3, nData: 212, year: 8, train_course: 0, model: 7 ===
5,3,2,11,6,7

5,3,2, ss: 500
5,2,3, ss: 300
3,5,2, ss: 300
3,2,5, ss: 300
2,5,3, ss: 200
2,3,5, ss: 200


=== rcno: 4, nData: 212, year: 8, train_course: 0, model: 7 ===
4,7,2,5,8,1

4,7,2, ss: 500
4,2,7, ss: 300
7,4,2, ss: 300
7,2,4, ss: 300
2,4,7, ss: 200
2,7,4, ss: 200


=== rcno: 5, nData: 212, year: 8, train_course: 0, model: 7 ===
5,2,11,7,10,4

5,2,11, ss: 500
5,11,2, ss: 300
2,5,11, ss: 300
2,11,5, ss: 300
11,5,2, ss: 200
11,2,5, ss: 200


=== rcno: 6, nData: 212, year: 8, train_course: 0, model: 7 ===
2,5,6,1,7,10

2,5,6, ss: 500
2,6,5, ss: 300
5,2,6, ss: 300
5,6,2, ss: 300
6,2,5, ss: 200
6,5,2, ss: 200


=== rcno: 7, nData: 212, year: 8, train_course: 0, model: 7 ===
6,10,11,9,2,4

6,10,11, ss: 500
6,11,10, ss: 300
10,6,11, ss: 300
10,11,6, ss: 300
11,6,10, ss: 200
11,10,6, ss: 200


=== rcno: 8, nData: 212, year: 8, train_course: 0, model: 7 ===
10,1,11,4,8,5

10,1,11, ss: 500
10,11,1, ss: 300
1,10,11, ss: 300
1,11,10, ss: 300
11,10,1, ss: 200
11,1,10, ss: 200


=== rcno: 9, nData: 212, year: 8, train_course: 0, model: 7 ===
13,9,3,14,6,4

13,9,3, ss: 500
13,3,9, ss: 300
9,13,3, ss: 300
9,3,13, ss: 300
3,13,9, ss: 200
3,9,13, ss: 200


=== rcno: 10, nData: 212, year: 8, train_course: 0, model: 7 ===
5,3,1,8,11,9

5,3,1, ss: 500
5,1,3, ss: 300
3,5,1, ss: 300
3,1,5, ss: 300
1,5,3, ss: 200
1,3,5, ss: 200


=== rcno: 1, nData: 212, year: 8, train_course: 0, model: 8 ===
8,4,6,2,7,1

8,4,6, ss: 500
8,6,4, ss: 300
4,8,6, ss: 300
4,6,8, ss: 300
6,8,4, ss: 200
6,4,8, ss: 200


=== rcno: 2, nData: 212, year: 8, train_course: 0, model: 8 ===
5,3,7,10,6,4

5,3,7, ss: 500
5,7,3, ss: 300
3,5,7, ss: 300
3,7,5, ss: 300
7,5,3, ss: 200
7,3,5, ss: 200


=== rcno: 3, nData: 212, year: 8, train_course: 0, model: 8 ===
3,7,2,12,5,11

3,7,2, ss: 500
3,2,7, ss: 300
7,3,2, ss: 300
7,2,3, ss: 300
2,3,7, ss: 200
2,7,3, ss: 200


=== rcno: 4, nData: 212, year: 8, train_course: 0, model: 8 ===
7,4,5,6,2,1

7,4,5, ss: 500
7,5,4, ss: 300
4,7,5, ss: 300
4,5,7, ss: 300
5,7,4, ss: 200
5,4,7, ss: 200


=== rcno: 5, nData: 212, year: 8, train_course: 0, model: 8 ===
11,1,4,2,6,5

11,1,4, ss: 500
11,4,1, ss: 300
1,11,4, ss: 300
1,4,11, ss: 300
4,11,1, ss: 200
4,1,11, ss: 200


=== rcno: 6, nData: 212, year: 8, train_course: 0, model: 8 ===
6,2,10,9,8,3

6,2,10, ss: 500
6,10,2, ss: 300
2,6,10, ss: 300
2,10,6, ss: 300
10,6,2, ss: 200
10,2,6, ss: 200


=== rcno: 7, nData: 212, year: 8, train_course: 0, model: 8 ===
5,8,6,3,9,4

5,8,6, ss: 500
5,6,8, ss: 300
8,5,6, ss: 300
8,6,5, ss: 300
6,5,8, ss: 200
6,8,5, ss: 200


=== rcno: 8, nData: 212, year: 8, train_course: 0, model: 8 ===
10,6,5,1,4,8

10,6,5, ss: 500
10,5,6, ss: 300
6,10,5, ss: 300
6,5,10, ss: 300
5,10,6, ss: 200
5,6,10, ss: 200


=== rcno: 9, nData: 212, year: 8, train_course: 0, model: 8 ===
9,13,1,6,3,4

9,13,1, ss: 500
9,1,13, ss: 300
13,9,1, ss: 300
13,1,9, ss: 300
1,9,13, ss: 200
1,13,9, ss: 200


=== rcno: 10, nData: 212, year: 8, train_course: 0, model: 8 ===
5,3,10,9,8,11

5,3,10, ss: 500
5,10,3, ss: 300
3,5,10, ss: 300
3,10,5, ss: 300
10,5,3, ss: 200
10,3,5, ss: 200


=== rcno: 1, nData: 212, year: 8, train_course: 0, model: 9 ===
8,4,6,1,7,9

8,4,6, ss: 500
8,6,4, ss: 300
4,8,6, ss: 300
4,6,8, ss: 300
6,8,4, ss: 200
6,4,8, ss: 200


=== rcno: 2, nData: 212, year: 8, train_course: 0, model: 9 ===
5,3,7,4,6,1

5,3,7, ss: 500
5,7,3, ss: 300
3,5,7, ss: 300
3,7,5, ss: 300
7,5,3, ss: 200
7,3,5, ss: 200


=== rcno: 3, nData: 212, year: 8, train_course: 0, model: 9 ===
2,7,11,3,5,12

2,7,11, ss: 500
2,11,7, ss: 300
7,2,11, ss: 300
7,11,2, ss: 300
11,2,7, ss: 200
11,7,2, ss: 200


=== rcno: 4, nData: 212, year: 8, train_course: 0, model: 9 ===
5,7,1,4,6,8

5,7,1, ss: 500
5,1,7, ss: 300
7,5,1, ss: 300
7,1,5, ss: 300
1,5,7, ss: 200
1,7,5, ss: 200


=== rcno: 5, nData: 212, year: 8, train_course: 0, model: 9 ===
4,11,9,6,7,1

4,11,9, ss: 500
4,9,11, ss: 300
11,4,9, ss: 300
11,9,4, ss: 300
9,4,11, ss: 200
9,11,4, ss: 200


=== rcno: 6, nData: 212, year: 8, train_course: 0, model: 9 ===
10,6,4,1,2,5

10,6,4, ss: 500
10,4,6, ss: 300
6,10,4, ss: 300
6,4,10, ss: 300
4,10,6, ss: 200
4,6,10, ss: 200


=== rcno: 7, nData: 212, year: 8, train_course: 0, model: 9 ===
6,9,8,3,5,2

6,9,8, ss: 500
6,8,9, ss: 300
9,6,8, ss: 300
9,8,6, ss: 300
8,6,9, ss: 200
8,9,6, ss: 200


=== rcno: 8, nData: 212, year: 8, train_course: 0, model: 9 ===
4,10,2,8,6,7

4,10,2, ss: 500
4,2,10, ss: 300
10,4,2, ss: 300
10,2,4, ss: 300
2,4,10, ss: 200
2,10,4, ss: 200


=== rcno: 9, nData: 212, year: 8, train_course: 0, model: 9 ===
9,11,4,10,13,7

9,11,4, ss: 500
9,4,11, ss: 300
11,9,4, ss: 300
11,4,9, ss: 300
4,9,11, ss: 200
4,11,9, ss: 200


=== rcno: 10, nData: 212, year: 8, train_course: 0, model: 9 ===
9,5,11,1,8,10

9,5,11, ss: 500
9,11,5, ss: 300
5,9,11, ss: 300
5,11,9, ss: 300
11,9,5, ss: 200
11,5,9, ss: 200


=== rcno: 1, nData: 212, year: 8, train_course: 0, model: 10 ===
8,4,2,1,6,7

8,4,2, ss: 500
8,2,4, ss: 300
4,8,2, ss: 300
4,2,8, ss: 300
2,8,4, ss: 200
2,4,8, ss: 200


=== rcno: 2, nData: 212, year: 8, train_course: 0, model: 10 ===
5,7,3,4,1,10

5,7,3, ss: 500
5,3,7, ss: 300
7,5,3, ss: 300
7,3,5, ss: 300
3,5,7, ss: 200
3,7,5, ss: 200


=== rcno: 3, nData: 212, year: 8, train_course: 0, model: 10 ===
11,2,7,3,5,6

11,2,7, ss: 500
11,7,2, ss: 300
2,11,7, ss: 300
2,7,11, ss: 300
7,11,2, ss: 200
7,2,11, ss: 200


=== rcno: 4, nData: 212, year: 8, train_course: 0, model: 10 ===
5,7,4,1,6,2

5,7,4, ss: 500
5,4,7, ss: 300
7,5,4, ss: 300
7,4,5, ss: 300
4,5,7, ss: 200
4,7,5, ss: 200


=== rcno: 5, nData: 212, year: 8, train_course: 0, model: 10 ===
11,4,5,7,6,2

11,4,5, ss: 500
11,5,4, ss: 300
4,11,5, ss: 300
4,5,11, ss: 300
5,11,4, ss: 200
5,4,11, ss: 200


=== rcno: 6, nData: 212, year: 8, train_course: 0, model: 10 ===
10,6,2,4,1,5

10,6,2, ss: 500
10,2,6, ss: 300
6,10,2, ss: 300
6,2,10, ss: 300
2,10,6, ss: 200
2,6,10, ss: 200


=== rcno: 7, nData: 212, year: 8, train_course: 0, model: 10 ===
6,9,8,3,2,5

6,9,8, ss: 500
6,8,9, ss: 300
9,6,8, ss: 300
9,8,6, ss: 300
8,6,9, ss: 200
8,9,6, ss: 200


=== rcno: 8, nData: 212, year: 8, train_course: 0, model: 10 ===
10,4,1,6,8,11

10,4,1, ss: 500
10,1,4, ss: 300
4,10,1, ss: 300
4,1,10, ss: 300
1,10,4, ss: 200
1,4,10, ss: 200


=== rcno: 9, nData: 212, year: 8, train_course: 0, model: 10 ===
13,9,3,6,11,1

13,9,3, ss: 500
13,3,9, ss: 300
9,13,3, ss: 300
9,3,13, ss: 300
3,13,9, ss: 200
3,9,13, ss: 200


=== rcno: 10, nData: 212, year: 8, train_course: 0, model: 10 ===
5,9,8,1,11,3

5,9,8, ss: 500
5,8,9, ss: 300
9,5,8, ss: 300
9,8,5, ss: 300
8,5,9, ss: 200
8,9,5, ss: 200