


=== rcno: 1, nData: 160, year: 8, train_course: 0, model: 0 ===
9,6,10,5,4,3


bet: 100
9,6,10, ss: 50
9,6,5, ss: 50
9,6,4, ss: 50
9,6,3, ss: 50
9,10,5, ss: 50
9,10,4, ss: 50
9,10,3, ss: 50
9,5,10, ss: 50
9,5,4, ss: 50
9,5,3, ss: 50
9,4,10, ss: 50
9,4,5, ss: 50
9,4,3, ss: 50
9,3,10, ss: 50
9,3,5, ss: 50
9,3,4, ss: 50
6,9,10, ss: 50
6,9,5, ss: 50
6,9,4, ss: 50
6,9,3, ss: 50
6,10,5, ss: 50
6,10,4, ss: 50
6,10,3, ss: 50
6,5,10, ss: 50
6,5,4, ss: 50
6,5,3, ss: 50
6,4,10, ss: 50
6,4,5, ss: 50
6,4,3, ss: 50
6,3,10, ss: 50
6,3,5, ss: 50
6,3,4, ss: 50
10,9,5, ss: 50
10,9,4, ss: 50
10,9,3, ss: 50
10,6,5, ss: 50
10,6,4, ss: 50
10,6,3, ss: 50
10,5,4, ss: 50
10,5,3, ss: 50
10,4,5, ss: 50
10,4,3, ss: 50
10,3,5, ss: 50
10,3,4, ss: 50
5,9,10, ss: 50
5,9,4, ss: 50
5,9,3, ss: 50
5,6,10, ss: 50
5,6,4, ss: 50
5,6,3, ss: 50
5,10,4, ss: 50
5,10,3, ss: 50
5,4,10, ss: 50
5,4,3, ss: 50
5,3,10, ss: 50
5,3,4, ss: 50


=== rcno: 2, nData: 160, year: 8, train_course: 0, model: 0 ===
2,8,5,7,4,3


bet: 100
2,8,5, ss: 50
2,8,7, ss: 50
2,8,4, ss: 50
2,8,3, ss: 50
2,5,7, ss: 50
2,5,4, ss: 50
2,5,3, ss: 50
2,7,5, ss: 50
2,7,4, ss: 50
2,7,3, ss: 50
2,4,5, ss: 50
2,4,7, ss: 50
2,4,3, ss: 50
2,3,5, ss: 50
2,3,7, ss: 50
2,3,4, ss: 50
8,2,5, ss: 50
8,2,7, ss: 50
8,2,4, ss: 50
8,2,3, ss: 50
8,5,7, ss: 50
8,5,4, ss: 50
8,5,3, ss: 50
8,7,5, ss: 50
8,7,4, ss: 50
8,7,3, ss: 50
8,4,5, ss: 50
8,4,7, ss: 50
8,4,3, ss: 50
8,3,5, ss: 50
8,3,7, ss: 50
8,3,4, ss: 50
5,2,7, ss: 50
5,2,4, ss: 50
5,2,3, ss: 50
5,8,7, ss: 50
5,8,4, ss: 50
5,8,3, ss: 50
5,7,4, ss: 50
5,7,3, ss: 50
5,4,7, ss: 50
5,4,3, ss: 50
5,3,7, ss: 50
5,3,4, ss: 50
7,2,5, ss: 50
7,2,4, ss: 50
7,2,3, ss: 50
7,8,5, ss: 50
7,8,4, ss: 50
7,8,3, ss: 50
7,5,4, ss: 50
7,5,3, ss: 50
7,4,5, ss: 50
7,4,3, ss: 50
7,3,5, ss: 50
7,3,4, ss: 50


=== rcno: 3, nData: 160, year: 8, train_course: 0, model: 0 ===
1,2,9,7,4,8


bet: 100
1,2,9, ss: 50
1,2,7, ss: 50
1,2,4, ss: 50
1,2,8, ss: 50
1,9,7, ss: 50
1,9,4, ss: 50
1,9,8, ss: 50
1,7,9, ss: 50
1,7,4, ss: 50
1,7,8, ss: 50
1,4,9, ss: 50
1,4,7, ss: 50
1,4,8, ss: 50
1,8,9, ss: 50
1,8,7, ss: 50
1,8,4, ss: 50
2,1,9, ss: 50
2,1,7, ss: 50
2,1,4, ss: 50
2,1,8, ss: 50
2,9,7, ss: 50
2,9,4, ss: 50
2,9,8, ss: 50
2,7,9, ss: 50
2,7,4, ss: 50
2,7,8, ss: 50
2,4,9, ss: 50
2,4,7, ss: 50
2,4,8, ss: 50
2,8,9, ss: 50
2,8,7, ss: 50
2,8,4, ss: 50
9,1,7, ss: 50
9,1,4, ss: 50
9,1,8, ss: 50
9,2,7, ss: 50
9,2,4, ss: 50
9,2,8, ss: 50
9,7,4, ss: 50
9,7,8, ss: 50
9,4,7, ss: 50
9,4,8, ss: 50
9,8,7, ss: 50
9,8,4, ss: 50
7,1,9, ss: 50
7,1,4, ss: 50
7,1,8, ss: 50
7,2,9, ss: 50
7,2,4, ss: 50
7,2,8, ss: 50
7,9,4, ss: 50
7,9,8, ss: 50
7,4,9, ss: 50
7,4,8, ss: 50
7,8,9, ss: 50
7,8,4, ss: 50


=== rcno: 4, nData: 160, year: 8, train_course: 0, model: 0 ===
10,5,2,7,8,1


bet: 100
10,5,2, ss: 50
10,5,7, ss: 50
10,5,8, ss: 50
10,5,1, ss: 50
10,2,7, ss: 50
10,2,8, ss: 50
10,2,1, ss: 50
10,7,2, ss: 50
10,7,8, ss: 50
10,7,1, ss: 50
10,8,2, ss: 50
10,8,7, ss: 50
10,8,1, ss: 50
10,1,2, ss: 50
10,1,7, ss: 50
10,1,8, ss: 50
5,10,2, ss: 50
5,10,7, ss: 50
5,10,8, ss: 50
5,10,1, ss: 50
5,2,7, ss: 50
5,2,8, ss: 50
5,2,1, ss: 50
5,7,2, ss: 50
5,7,8, ss: 50
5,7,1, ss: 50
5,8,2, ss: 50
5,8,7, ss: 50
5,8,1, ss: 50
5,1,2, ss: 50
5,1,7, ss: 50
5,1,8, ss: 50
2,10,7, ss: 50
2,10,8, ss: 50
2,10,1, ss: 50
2,5,7, ss: 50
2,5,8, ss: 50
2,5,1, ss: 50
2,7,8, ss: 50
2,7,1, ss: 50
2,8,7, ss: 50
2,8,1, ss: 50
2,1,7, ss: 50
2,1,8, ss: 50
7,10,2, ss: 50
7,10,8, ss: 50
7,10,1, ss: 50
7,5,2, ss: 50
7,5,8, ss: 50
7,5,1, ss: 50
7,2,8, ss: 50
7,2,1, ss: 50
7,8,2, ss: 50
7,8,1, ss: 50
7,1,2, ss: 50
7,1,8, ss: 50


=== rcno: 5, nData: 160, year: 8, train_course: 0, model: 0 ===
2,5,4,1,8,7


bet: 100
2,5,4, ss: 50
2,5,1, ss: 50
2,5,8, ss: 50
2,5,7, ss: 50
2,4,1, ss: 50
2,4,8, ss: 50
2,4,7, ss: 50
2,1,4, ss: 50
2,1,8, ss: 50
2,1,7, ss: 50
2,8,4, ss: 50
2,8,1, ss: 50
2,8,7, ss: 50
2,7,4, ss: 50
2,7,1, ss: 50
2,7,8, ss: 50
5,2,4, ss: 50
5,2,1, ss: 50
5,2,8, ss: 50
5,2,7, ss: 50
5,4,1, ss: 50
5,4,8, ss: 50
5,4,7, ss: 50
5,1,4, ss: 50
5,1,8, ss: 50
5,1,7, ss: 50
5,8,4, ss: 50
5,8,1, ss: 50
5,8,7, ss: 50
5,7,4, ss: 50
5,7,1, ss: 50
5,7,8, ss: 50
4,2,1, ss: 50
4,2,8, ss: 50
4,2,7, ss: 50
4,5,1, ss: 50
4,5,8, ss: 50
4,5,7, ss: 50
4,1,8, ss: 50
4,1,7, ss: 50
4,8,1, ss: 50
4,8,7, ss: 50
4,7,1, ss: 50
4,7,8, ss: 50
1,2,4, ss: 50
1,2,8, ss: 50
1,2,7, ss: 50
1,5,4, ss: 50
1,5,8, ss: 50
1,5,7, ss: 50
1,4,8, ss: 50
1,4,7, ss: 50
1,8,4, ss: 50
1,8,7, ss: 50
1,7,4, ss: 50
1,7,8, ss: 50


=== rcno: 6, nData: 160, year: 8, train_course: 0, model: 0 ===
4,9,7,5,10,2


bet: 100
4,9,7, ss: 50
4,9,5, ss: 50
4,9,10, ss: 50
4,9,2, ss: 50
4,7,5, ss: 50
4,7,10, ss: 50
4,7,2, ss: 50
4,5,7, ss: 50
4,5,10, ss: 50
4,5,2, ss: 50
4,10,7, ss: 50
4,10,5, ss: 50
4,10,2, ss: 50
4,2,7, ss: 50
4,2,5, ss: 50
4,2,10, ss: 50
9,4,7, ss: 50
9,4,5, ss: 50
9,4,10, ss: 50
9,4,2, ss: 50
9,7,5, ss: 50
9,7,10, ss: 50
9,7,2, ss: 50
9,5,7, ss: 50
9,5,10, ss: 50
9,5,2, ss: 50
9,10,7, ss: 50
9,10,5, ss: 50
9,10,2, ss: 50
9,2,7, ss: 50
9,2,5, ss: 50
9,2,10, ss: 50
7,4,5, ss: 50
7,4,10, ss: 50
7,4,2, ss: 50
7,9,5, ss: 50
7,9,10, ss: 50
7,9,2, ss: 50
7,5,10, ss: 50
7,5,2, ss: 50
7,10,5, ss: 50
7,10,2, ss: 50
7,2,5, ss: 50
7,2,10, ss: 50
5,4,7, ss: 50
5,4,10, ss: 50
5,4,2, ss: 50
5,9,7, ss: 50
5,9,10, ss: 50
5,9,2, ss: 50
5,7,10, ss: 50
5,7,2, ss: 50
5,10,7, ss: 50
5,10,2, ss: 50
5,2,7, ss: 50
5,2,10, ss: 50


=== rcno: 7, nData: 160, year: 8, train_course: 0, model: 0 ===
8,4,5,7,6,3


bet: 100
8,4,5, ss: 50
8,4,7, ss: 50
8,4,6, ss: 50
8,4,3, ss: 50
8,5,7, ss: 50
8,5,6, ss: 50
8,5,3, ss: 50
8,7,5, ss: 50
8,7,6, ss: 50
8,7,3, ss: 50
8,6,5, ss: 50
8,6,7, ss: 50
8,6,3, ss: 50
8,3,5, ss: 50
8,3,7, ss: 50
8,3,6, ss: 50
4,8,5, ss: 50
4,8,7, ss: 50
4,8,6, ss: 50
4,8,3, ss: 50
4,5,7, ss: 50
4,5,6, ss: 50
4,5,3, ss: 50
4,7,5, ss: 50
4,7,6, ss: 50
4,7,3, ss: 50
4,6,5, ss: 50
4,6,7, ss: 50
4,6,3, ss: 50
4,3,5, ss: 50
4,3,7, ss: 50
4,3,6, ss: 50
5,8,7, ss: 50
5,8,6, ss: 50
5,8,3, ss: 50
5,4,7, ss: 50
5,4,6, ss: 50
5,4,3, ss: 50
5,7,6, ss: 50
5,7,3, ss: 50
5,6,7, ss: 50
5,6,3, ss: 50
5,3,7, ss: 50
5,3,6, ss: 50
7,8,5, ss: 50
7,8,6, ss: 50
7,8,3, ss: 50
7,4,5, ss: 50
7,4,6, ss: 50
7,4,3, ss: 50
7,5,6, ss: 50
7,5,3, ss: 50
7,6,5, ss: 50
7,6,3, ss: 50
7,3,5, ss: 50
7,3,6, ss: 50


=== rcno: 8, nData: 160, year: 8, train_course: 0, model: 0 ===
2,6,4,3,5,7


bet: 100
2,6,4, ss: 50
2,6,3, ss: 50
2,6,5, ss: 50
2,6,7, ss: 50
2,4,3, ss: 50
2,4,5, ss: 50
2,4,7, ss: 50
2,3,4, ss: 50
2,3,5, ss: 50
2,3,7, ss: 50
2,5,4, ss: 50
2,5,3, ss: 50
2,5,7, ss: 50
2,7,4, ss: 50
2,7,3, ss: 50
2,7,5, ss: 50
6,2,4, ss: 50
6,2,3, ss: 50
6,2,5, ss: 50
6,2,7, ss: 50
6,4,3, ss: 50
6,4,5, ss: 50
6,4,7, ss: 50
6,3,4, ss: 50
6,3,5, ss: 50
6,3,7, ss: 50
6,5,4, ss: 50
6,5,3, ss: 50
6,5,7, ss: 50
6,7,4, ss: 50
6,7,3, ss: 50
6,7,5, ss: 50
4,2,3, ss: 50
4,2,5, ss: 50
4,2,7, ss: 50
4,6,3, ss: 50
4,6,5, ss: 50
4,6,7, ss: 50
4,3,5, ss: 50
4,3,7, ss: 50
4,5,3, ss: 50
4,5,7, ss: 50
4,7,3, ss: 50
4,7,5, ss: 50
3,2,4, ss: 50
3,2,5, ss: 50
3,2,7, ss: 50
3,6,4, ss: 50
3,6,5, ss: 50
3,6,7, ss: 50
3,4,5, ss: 50
3,4,7, ss: 50
3,5,4, ss: 50
3,5,7, ss: 50
3,7,4, ss: 50
3,7,5, ss: 50


=== rcno: 9, nData: 160, year: 8, train_course: 0, model: 0 ===
7,5,3,4,1,8


bet: 100
7,5,3, ss: 50
7,5,4, ss: 50
7,5,1, ss: 50
7,5,8, ss: 50
7,3,4, ss: 50
7,3,1, ss: 50
7,3,8, ss: 50
7,4,3, ss: 50
7,4,1, ss: 50
7,4,8, ss: 50
7,1,3, ss: 50
7,1,4, ss: 50
7,1,8, ss: 50
7,8,3, ss: 50
7,8,4, ss: 50
7,8,1, ss: 50
5,7,3, ss: 50
5,7,4, ss: 50
5,7,1, ss: 50
5,7,8, ss: 50
5,3,4, ss: 50
5,3,1, ss: 50
5,3,8, ss: 50
5,4,3, ss: 50
5,4,1, ss: 50
5,4,8, ss: 50
5,1,3, ss: 50
5,1,4, ss: 50
5,1,8, ss: 50
5,8,3, ss: 50
5,8,4, ss: 50
5,8,1, ss: 50
3,7,4, ss: 50
3,7,1, ss: 50
3,7,8, ss: 50
3,5,4, ss: 50
3,5,1, ss: 50
3,5,8, ss: 50
3,4,1, ss: 50
3,4,8, ss: 50
3,1,4, ss: 50
3,1,8, ss: 50
3,8,4, ss: 50
3,8,1, ss: 50
4,7,3, ss: 50
4,7,1, ss: 50
4,7,8, ss: 50
4,5,3, ss: 50
4,5,1, ss: 50
4,5,8, ss: 50
4,3,1, ss: 50
4,3,8, ss: 50
4,1,3, ss: 50
4,1,8, ss: 50
4,8,3, ss: 50
4,8,1, ss: 50


=== rcno: 1, nData: 160, year: 8, train_course: 0, model: 1 ===
9,7,8,6,5,10


bet: 100
9,7,8, ss: 50
9,7,6, ss: 50
9,7,5, ss: 50
9,7,10, ss: 50
9,8,6, ss: 50
9,8,5, ss: 50
9,8,10, ss: 50
9,6,8, ss: 50
9,6,5, ss: 50
9,6,10, ss: 50
9,5,8, ss: 50
9,5,6, ss: 50
9,5,10, ss: 50
9,10,8, ss: 50
9,10,6, ss: 50
9,10,5, ss: 50
7,9,8, ss: 50
7,9,6, ss: 50
7,9,5, ss: 50
7,9,10, ss: 50
7,8,6, ss: 50
7,8,5, ss: 50
7,8,10, ss: 50
7,6,8, ss: 50
7,6,5, ss: 50
7,6,10, ss: 50
7,5,8, ss: 50
7,5,6, ss: 50
7,5,10, ss: 50
7,10,8, ss: 50
7,10,6, ss: 50
7,10,5, ss: 50
8,9,6, ss: 50
8,9,5, ss: 50
8,9,10, ss: 50
8,7,6, ss: 50
8,7,5, ss: 50
8,7,10, ss: 50
8,6,5, ss: 50
8,6,10, ss: 50
8,5,6, ss: 50
8,5,10, ss: 50
8,10,6, ss: 50
8,10,5, ss: 50
6,9,8, ss: 50
6,9,5, ss: 50
6,9,10, ss: 50
6,7,8, ss: 50
6,7,5, ss: 50
6,7,10, ss: 50
6,8,5, ss: 50
6,8,10, ss: 50
6,5,8, ss: 50
6,5,10, ss: 50
6,10,8, ss: 50
6,10,5, ss: 50


=== rcno: 2, nData: 160, year: 8, train_course: 0, model: 1 ===
2,8,7,5,3,6


bet: 100
2,8,7, ss: 50
2,8,5, ss: 50
2,8,3, ss: 50
2,8,6, ss: 50
2,7,5, ss: 50
2,7,3, ss: 50
2,7,6, ss: 50
2,5,7, ss: 50
2,5,3, ss: 50
2,5,6, ss: 50
2,3,7, ss: 50
2,3,5, ss: 50
2,3,6, ss: 50
2,6,7, ss: 50
2,6,5, ss: 50
2,6,3, ss: 50
8,2,7, ss: 50
8,2,5, ss: 50
8,2,3, ss: 50
8,2,6, ss: 50
8,7,5, ss: 50
8,7,3, ss: 50
8,7,6, ss: 50
8,5,7, ss: 50
8,5,3, ss: 50
8,5,6, ss: 50
8,3,7, ss: 50
8,3,5, ss: 50
8,3,6, ss: 50
8,6,7, ss: 50
8,6,5, ss: 50
8,6,3, ss: 50
7,2,5, ss: 50
7,2,3, ss: 50
7,2,6, ss: 50
7,8,5, ss: 50
7,8,3, ss: 50
7,8,6, ss: 50
7,5,3, ss: 50
7,5,6, ss: 50
7,3,5, ss: 50
7,3,6, ss: 50
7,6,5, ss: 50
7,6,3, ss: 50
5,2,7, ss: 50
5,2,3, ss: 50
5,2,6, ss: 50
5,8,7, ss: 50
5,8,3, ss: 50
5,8,6, ss: 50
5,7,3, ss: 50
5,7,6, ss: 50
5,3,7, ss: 50
5,3,6, ss: 50
5,6,7, ss: 50
5,6,3, ss: 50


=== rcno: 3, nData: 160, year: 8, train_course: 0, model: 1 ===
1,9,7,2,5,4


bet: 100
1,9,7, ss: 50
1,9,2, ss: 50
1,9,5, ss: 50
1,9,4, ss: 50
1,7,2, ss: 50
1,7,5, ss: 50
1,7,4, ss: 50
1,2,7, ss: 50
1,2,5, ss: 50
1,2,4, ss: 50
1,5,7, ss: 50
1,5,2, ss: 50
1,5,4, ss: 50
1,4,7, ss: 50
1,4,2, ss: 50
1,4,5, ss: 50
9,1,7, ss: 50
9,1,2, ss: 50
9,1,5, ss: 50
9,1,4, ss: 50
9,7,2, ss: 50
9,7,5, ss: 50
9,7,4, ss: 50
9,2,7, ss: 50
9,2,5, ss: 50
9,2,4, ss: 50
9,5,7, ss: 50
9,5,2, ss: 50
9,5,4, ss: 50
9,4,7, ss: 50
9,4,2, ss: 50
9,4,5, ss: 50
7,1,2, ss: 50
7,1,5, ss: 50
7,1,4, ss: 50
7,9,2, ss: 50
7,9,5, ss: 50
7,9,4, ss: 50
7,2,5, ss: 50
7,2,4, ss: 50
7,5,2, ss: 50
7,5,4, ss: 50
7,4,2, ss: 50
7,4,5, ss: 50
2,1,7, ss: 50
2,1,5, ss: 50
2,1,4, ss: 50
2,9,7, ss: 50
2,9,5, ss: 50
2,9,4, ss: 50
2,7,5, ss: 50
2,7,4, ss: 50
2,5,7, ss: 50
2,5,4, ss: 50
2,4,7, ss: 50
2,4,5, ss: 50


=== rcno: 4, nData: 160, year: 8, train_course: 0, model: 1 ===
10,5,2,7,8,4


bet: 100
10,5,2, ss: 50
10,5,7, ss: 50
10,5,8, ss: 50
10,5,4, ss: 50
10,2,7, ss: 50
10,2,8, ss: 50
10,2,4, ss: 50
10,7,2, ss: 50
10,7,8, ss: 50
10,7,4, ss: 50
10,8,2, ss: 50
10,8,7, ss: 50
10,8,4, ss: 50
10,4,2, ss: 50
10,4,7, ss: 50
10,4,8, ss: 50
5,10,2, ss: 50
5,10,7, ss: 50
5,10,8, ss: 50
5,10,4, ss: 50
5,2,7, ss: 50
5,2,8, ss: 50
5,2,4, ss: 50
5,7,2, ss: 50
5,7,8, ss: 50
5,7,4, ss: 50
5,8,2, ss: 50
5,8,7, ss: 50
5,8,4, ss: 50
5,4,2, ss: 50
5,4,7, ss: 50
5,4,8, ss: 50
2,10,7, ss: 50
2,10,8, ss: 50
2,10,4, ss: 50
2,5,7, ss: 50
2,5,8, ss: 50
2,5,4, ss: 50
2,7,8, ss: 50
2,7,4, ss: 50
2,8,7, ss: 50
2,8,4, ss: 50
2,4,7, ss: 50
2,4,8, ss: 50
7,10,2, ss: 50
7,10,8, ss: 50
7,10,4, ss: 50
7,5,2, ss: 50
7,5,8, ss: 50
7,5,4, ss: 50
7,2,8, ss: 50
7,2,4, ss: 50
7,8,2, ss: 50
7,8,4, ss: 50
7,4,2, ss: 50
7,4,8, ss: 50


=== rcno: 5, nData: 160, year: 8, train_course: 0, model: 1 ===
4,5,7,1,10,2


bet: 100
4,5,7, ss: 50
4,5,1, ss: 50
4,5,10, ss: 50
4,5,2, ss: 50
4,7,1, ss: 50
4,7,10, ss: 50
4,7,2, ss: 50
4,1,7, ss: 50
4,1,10, ss: 50
4,1,2, ss: 50
4,10,7, ss: 50
4,10,1, ss: 50
4,10,2, ss: 50
4,2,7, ss: 50
4,2,1, ss: 50
4,2,10, ss: 50
5,4,7, ss: 50
5,4,1, ss: 50
5,4,10, ss: 50
5,4,2, ss: 50
5,7,1, ss: 50
5,7,10, ss: 50
5,7,2, ss: 50
5,1,7, ss: 50
5,1,10, ss: 50
5,1,2, ss: 50
5,10,7, ss: 50
5,10,1, ss: 50
5,10,2, ss: 50
5,2,7, ss: 50
5,2,1, ss: 50
5,2,10, ss: 50
7,4,1, ss: 50
7,4,10, ss: 50
7,4,2, ss: 50
7,5,1, ss: 50
7,5,10, ss: 50
7,5,2, ss: 50
7,1,10, ss: 50
7,1,2, ss: 50
7,10,1, ss: 50
7,10,2, ss: 50
7,2,1, ss: 50
7,2,10, ss: 50
1,4,7, ss: 50
1,4,10, ss: 50
1,4,2, ss: 50
1,5,7, ss: 50
1,5,10, ss: 50
1,5,2, ss: 50
1,7,10, ss: 50
1,7,2, ss: 50
1,10,7, ss: 50
1,10,2, ss: 50
1,2,7, ss: 50
1,2,10, ss: 50


=== rcno: 6, nData: 160, year: 8, train_course: 0, model: 1 ===
4,10,5,7,9,2


bet: 100
4,10,5, ss: 50
4,10,7, ss: 50
4,10,9, ss: 50
4,10,2, ss: 50
4,5,7, ss: 50
4,5,9, ss: 50
4,5,2, ss: 50
4,7,5, ss: 50
4,7,9, ss: 50
4,7,2, ss: 50
4,9,5, ss: 50
4,9,7, ss: 50
4,9,2, ss: 50
4,2,5, ss: 50
4,2,7, ss: 50
4,2,9, ss: 50
10,4,5, ss: 50
10,4,7, ss: 50
10,4,9, ss: 50
10,4,2, ss: 50
10,5,7, ss: 50
10,5,9, ss: 50
10,5,2, ss: 50
10,7,5, ss: 50
10,7,9, ss: 50
10,7,2, ss: 50
10,9,5, ss: 50
10,9,7, ss: 50
10,9,2, ss: 50
10,2,5, ss: 50
10,2,7, ss: 50
10,2,9, ss: 50
5,4,7, ss: 50
5,4,9, ss: 50
5,4,2, ss: 50
5,10,7, ss: 50
5,10,9, ss: 50
5,10,2, ss: 50
5,7,9, ss: 50
5,7,2, ss: 50
5,9,7, ss: 50
5,9,2, ss: 50
5,2,7, ss: 50
5,2,9, ss: 50
7,4,5, ss: 50
7,4,9, ss: 50
7,4,2, ss: 50
7,10,5, ss: 50
7,10,9, ss: 50
7,10,2, ss: 50
7,5,9, ss: 50
7,5,2, ss: 50
7,9,5, ss: 50
7,9,2, ss: 50
7,2,5, ss: 50
7,2,9, ss: 50


=== rcno: 7, nData: 160, year: 8, train_course: 0, model: 1 ===
4,3,5,8,7,6


bet: 100
4,3,5, ss: 50
4,3,8, ss: 50
4,3,7, ss: 50
4,3,6, ss: 50
4,5,8, ss: 50
4,5,7, ss: 50
4,5,6, ss: 50
4,8,5, ss: 50
4,8,7, ss: 50
4,8,6, ss: 50
4,7,5, ss: 50
4,7,8, ss: 50
4,7,6, ss: 50
4,6,5, ss: 50
4,6,8, ss: 50
4,6,7, ss: 50
3,4,5, ss: 50
3,4,8, ss: 50
3,4,7, ss: 50
3,4,6, ss: 50
3,5,8, ss: 50
3,5,7, ss: 50
3,5,6, ss: 50
3,8,5, ss: 50
3,8,7, ss: 50
3,8,6, ss: 50
3,7,5, ss: 50
3,7,8, ss: 50
3,7,6, ss: 50
3,6,5, ss: 50
3,6,8, ss: 50
3,6,7, ss: 50
5,4,8, ss: 50
5,4,7, ss: 50
5,4,6, ss: 50
5,3,8, ss: 50
5,3,7, ss: 50
5,3,6, ss: 50
5,8,7, ss: 50
5,8,6, ss: 50
5,7,8, ss: 50
5,7,6, ss: 50
5,6,8, ss: 50
5,6,7, ss: 50
8,4,5, ss: 50
8,4,7, ss: 50
8,4,6, ss: 50
8,3,5, ss: 50
8,3,7, ss: 50
8,3,6, ss: 50
8,5,7, ss: 50
8,5,6, ss: 50
8,7,5, ss: 50
8,7,6, ss: 50
8,6,5, ss: 50
8,6,7, ss: 50


=== rcno: 8, nData: 160, year: 8, train_course: 0, model: 1 ===
2,4,10,5,7,6


bet: 100
2,4,10, ss: 50
2,4,5, ss: 50
2,4,7, ss: 50
2,4,6, ss: 50
2,10,5, ss: 50
2,10,7, ss: 50
2,10,6, ss: 50
2,5,10, ss: 50
2,5,7, ss: 50
2,5,6, ss: 50
2,7,10, ss: 50
2,7,5, ss: 50
2,7,6, ss: 50
2,6,10, ss: 50
2,6,5, ss: 50
2,6,7, ss: 50
4,2,10, ss: 50
4,2,5, ss: 50
4,2,7, ss: 50
4,2,6, ss: 50
4,10,5, ss: 50
4,10,7, ss: 50
4,10,6, ss: 50
4,5,10, ss: 50
4,5,7, ss: 50
4,5,6, ss: 50
4,7,10, ss: 50
4,7,5, ss: 50
4,7,6, ss: 50
4,6,10, ss: 50
4,6,5, ss: 50
4,6,7, ss: 50
10,2,5, ss: 50
10,2,7, ss: 50
10,2,6, ss: 50
10,4,5, ss: 50
10,4,7, ss: 50
10,4,6, ss: 50
10,5,7, ss: 50
10,5,6, ss: 50
10,7,5, ss: 50
10,7,6, ss: 50
10,6,5, ss: 50
10,6,7, ss: 50
5,2,10, ss: 50
5,2,7, ss: 50
5,2,6, ss: 50
5,4,10, ss: 50
5,4,7, ss: 50
5,4,6, ss: 50
5,10,7, ss: 50
5,10,6, ss: 50
5,7,10, ss: 50
5,7,6, ss: 50
5,6,10, ss: 50
5,6,7, ss: 50


=== rcno: 9, nData: 160, year: 8, train_course: 0, model: 1 ===
6,7,3,1,8,5


bet: 100
6,7,3, ss: 50
6,7,1, ss: 50
6,7,8, ss: 50
6,7,5, ss: 50
6,3,1, ss: 50
6,3,8, ss: 50
6,3,5, ss: 50
6,1,3, ss: 50
6,1,8, ss: 50
6,1,5, ss: 50
6,8,3, ss: 50
6,8,1, ss: 50
6,8,5, ss: 50
6,5,3, ss: 50
6,5,1, ss: 50
6,5,8, ss: 50
7,6,3, ss: 50
7,6,1, ss: 50
7,6,8, ss: 50
7,6,5, ss: 50
7,3,1, ss: 50
7,3,8, ss: 50
7,3,5, ss: 50
7,1,3, ss: 50
7,1,8, ss: 50
7,1,5, ss: 50
7,8,3, ss: 50
7,8,1, ss: 50
7,8,5, ss: 50
7,5,3, ss: 50
7,5,1, ss: 50
7,5,8, ss: 50
3,6,1, ss: 50
3,6,8, ss: 50
3,6,5, ss: 50
3,7,1, ss: 50
3,7,8, ss: 50
3,7,5, ss: 50
3,1,8, ss: 50
3,1,5, ss: 50
3,8,1, ss: 50
3,8,5, ss: 50
3,5,1, ss: 50
3,5,8, ss: 50
1,6,3, ss: 50
1,6,8, ss: 50
1,6,5, ss: 50
1,7,3, ss: 50
1,7,8, ss: 50
1,7,5, ss: 50
1,3,8, ss: 50
1,3,5, ss: 50
1,8,3, ss: 50
1,8,5, ss: 50
1,5,3, ss: 50
1,5,8, ss: 50


=== rcno: 1, nData: 160, year: 8, train_course: 0, model: 2 ===
9,7,6,10,5,8


bet: 100
9,7,6, ss: 50
9,7,10, ss: 50
9,7,5, ss: 50
9,7,8, ss: 50
9,6,10, ss: 50
9,6,5, ss: 50
9,6,8, ss: 50
9,10,6, ss: 50
9,10,5, ss: 50
9,10,8, ss: 50
9,5,6, ss: 50
9,5,10, ss: 50
9,5,8, ss: 50
9,8,6, ss: 50
9,8,10, ss: 50
9,8,5, ss: 50
7,9,6, ss: 50
7,9,10, ss: 50
7,9,5, ss: 50
7,9,8, ss: 50
7,6,10, ss: 50
7,6,5, ss: 50
7,6,8, ss: 50
7,10,6, ss: 50
7,10,5, ss: 50
7,10,8, ss: 50
7,5,6, ss: 50
7,5,10, ss: 50
7,5,8, ss: 50
7,8,6, ss: 50
7,8,10, ss: 50
7,8,5, ss: 50
6,9,10, ss: 50
6,9,5, ss: 50
6,9,8, ss: 50
6,7,10, ss: 50
6,7,5, ss: 50
6,7,8, ss: 50
6,10,5, ss: 50
6,10,8, ss: 50
6,5,10, ss: 50
6,5,8, ss: 50
6,8,10, ss: 50
6,8,5, ss: 50
10,9,6, ss: 50
10,9,5, ss: 50
10,9,8, ss: 50
10,7,6, ss: 50
10,7,5, ss: 50
10,7,8, ss: 50
10,6,5, ss: 50
10,6,8, ss: 50
10,5,6, ss: 50
10,5,8, ss: 50
10,8,6, ss: 50
10,8,5, ss: 50


=== rcno: 2, nData: 160, year: 8, train_course: 0, model: 2 ===
2,8,5,6,3,4


bet: 100
2,8,5, ss: 50
2,8,6, ss: 50
2,8,3, ss: 50
2,8,4, ss: 50
2,5,6, ss: 50
2,5,3, ss: 50
2,5,4, ss: 50
2,6,5, ss: 50
2,6,3, ss: 50
2,6,4, ss: 50
2,3,5, ss: 50
2,3,6, ss: 50
2,3,4, ss: 50
2,4,5, ss: 50
2,4,6, ss: 50
2,4,3, ss: 50
8,2,5, ss: 50
8,2,6, ss: 50
8,2,3, ss: 50
8,2,4, ss: 50
8,5,6, ss: 50
8,5,3, ss: 50
8,5,4, ss: 50
8,6,5, ss: 50
8,6,3, ss: 50
8,6,4, ss: 50
8,3,5, ss: 50
8,3,6, ss: 50
8,3,4, ss: 50
8,4,5, ss: 50
8,4,6, ss: 50
8,4,3, ss: 50
5,2,6, ss: 50
5,2,3, ss: 50
5,2,4, ss: 50
5,8,6, ss: 50
5,8,3, ss: 50
5,8,4, ss: 50
5,6,3, ss: 50
5,6,4, ss: 50
5,3,6, ss: 50
5,3,4, ss: 50
5,4,6, ss: 50
5,4,3, ss: 50
6,2,5, ss: 50
6,2,3, ss: 50
6,2,4, ss: 50
6,8,5, ss: 50
6,8,3, ss: 50
6,8,4, ss: 50
6,5,3, ss: 50
6,5,4, ss: 50
6,3,5, ss: 50
6,3,4, ss: 50
6,4,5, ss: 50
6,4,3, ss: 50


=== rcno: 3, nData: 160, year: 8, train_course: 0, model: 2 ===
9,1,2,7,5,4


bet: 100
9,1,2, ss: 50
9,1,7, ss: 50
9,1,5, ss: 50
9,1,4, ss: 50
9,2,7, ss: 50
9,2,5, ss: 50
9,2,4, ss: 50
9,7,2, ss: 50
9,7,5, ss: 50
9,7,4, ss: 50
9,5,2, ss: 50
9,5,7, ss: 50
9,5,4, ss: 50
9,4,2, ss: 50
9,4,7, ss: 50
9,4,5, ss: 50
1,9,2, ss: 50
1,9,7, ss: 50
1,9,5, ss: 50
1,9,4, ss: 50
1,2,7, ss: 50
1,2,5, ss: 50
1,2,4, ss: 50
1,7,2, ss: 50
1,7,5, ss: 50
1,7,4, ss: 50
1,5,2, ss: 50
1,5,7, ss: 50
1,5,4, ss: 50
1,4,2, ss: 50
1,4,7, ss: 50
1,4,5, ss: 50
2,9,7, ss: 50
2,9,5, ss: 50
2,9,4, ss: 50
2,1,7, ss: 50
2,1,5, ss: 50
2,1,4, ss: 50
2,7,5, ss: 50
2,7,4, ss: 50
2,5,7, ss: 50
2,5,4, ss: 50
2,4,7, ss: 50
2,4,5, ss: 50
7,9,2, ss: 50
7,9,5, ss: 50
7,9,4, ss: 50
7,1,2, ss: 50
7,1,5, ss: 50
7,1,4, ss: 50
7,2,5, ss: 50
7,2,4, ss: 50
7,5,2, ss: 50
7,5,4, ss: 50
7,4,2, ss: 50
7,4,5, ss: 50


=== rcno: 4, nData: 160, year: 8, train_course: 0, model: 2 ===
10,2,5,1,4,8


bet: 100
10,2,5, ss: 50
10,2,1, ss: 50
10,2,4, ss: 50
10,2,8, ss: 50
10,5,1, ss: 50
10,5,4, ss: 50
10,5,8, ss: 50
10,1,5, ss: 50
10,1,4, ss: 50
10,1,8, ss: 50
10,4,5, ss: 50
10,4,1, ss: 50
10,4,8, ss: 50
10,8,5, ss: 50
10,8,1, ss: 50
10,8,4, ss: 50
2,10,5, ss: 50
2,10,1, ss: 50
2,10,4, ss: 50
2,10,8, ss: 50
2,5,1, ss: 50
2,5,4, ss: 50
2,5,8, ss: 50
2,1,5, ss: 50
2,1,4, ss: 50
2,1,8, ss: 50
2,4,5, ss: 50
2,4,1, ss: 50
2,4,8, ss: 50
2,8,5, ss: 50
2,8,1, ss: 50
2,8,4, ss: 50
5,10,1, ss: 50
5,10,4, ss: 50
5,10,8, ss: 50
5,2,1, ss: 50
5,2,4, ss: 50
5,2,8, ss: 50
5,1,4, ss: 50
5,1,8, ss: 50
5,4,1, ss: 50
5,4,8, ss: 50
5,8,1, ss: 50
5,8,4, ss: 50
1,10,5, ss: 50
1,10,4, ss: 50
1,10,8, ss: 50
1,2,5, ss: 50
1,2,4, ss: 50
1,2,8, ss: 50
1,5,4, ss: 50
1,5,8, ss: 50
1,4,5, ss: 50
1,4,8, ss: 50
1,8,5, ss: 50
1,8,4, ss: 50


=== rcno: 5, nData: 160, year: 8, train_course: 0, model: 2 ===
4,5,2,7,1,3


bet: 100
4,5,2, ss: 50
4,5,7, ss: 50
4,5,1, ss: 50
4,5,3, ss: 50
4,2,7, ss: 50
4,2,1, ss: 50
4,2,3, ss: 50
4,7,2, ss: 50
4,7,1, ss: 50
4,7,3, ss: 50
4,1,2, ss: 50
4,1,7, ss: 50
4,1,3, ss: 50
4,3,2, ss: 50
4,3,7, ss: 50
4,3,1, ss: 50
5,4,2, ss: 50
5,4,7, ss: 50
5,4,1, ss: 50
5,4,3, ss: 50
5,2,7, ss: 50
5,2,1, ss: 50
5,2,3, ss: 50
5,7,2, ss: 50
5,7,1, ss: 50
5,7,3, ss: 50
5,1,2, ss: 50
5,1,7, ss: 50
5,1,3, ss: 50
5,3,2, ss: 50
5,3,7, ss: 50
5,3,1, ss: 50
2,4,7, ss: 50
2,4,1, ss: 50
2,4,3, ss: 50
2,5,7, ss: 50
2,5,1, ss: 50
2,5,3, ss: 50
2,7,1, ss: 50
2,7,3, ss: 50
2,1,7, ss: 50
2,1,3, ss: 50
2,3,7, ss: 50
2,3,1, ss: 50
7,4,2, ss: 50
7,4,1, ss: 50
7,4,3, ss: 50
7,5,2, ss: 50
7,5,1, ss: 50
7,5,3, ss: 50
7,2,1, ss: 50
7,2,3, ss: 50
7,1,2, ss: 50
7,1,3, ss: 50
7,3,2, ss: 50
7,3,1, ss: 50


=== rcno: 6, nData: 160, year: 8, train_course: 0, model: 2 ===
10,7,4,9,5,3


bet: 100
10,7,4, ss: 50
10,7,9, ss: 50
10,7,5, ss: 50
10,7,3, ss: 50
10,4,9, ss: 50
10,4,5, ss: 50
10,4,3, ss: 50
10,9,4, ss: 50
10,9,5, ss: 50
10,9,3, ss: 50
10,5,4, ss: 50
10,5,9, ss: 50
10,5,3, ss: 50
10,3,4, ss: 50
10,3,9, ss: 50
10,3,5, ss: 50
7,10,4, ss: 50
7,10,9, ss: 50
7,10,5, ss: 50
7,10,3, ss: 50
7,4,9, ss: 50
7,4,5, ss: 50
7,4,3, ss: 50
7,9,4, ss: 50
7,9,5, ss: 50
7,9,3, ss: 50
7,5,4, ss: 50
7,5,9, ss: 50
7,5,3, ss: 50
7,3,4, ss: 50
7,3,9, ss: 50
7,3,5, ss: 50
4,10,9, ss: 50
4,10,5, ss: 50
4,10,3, ss: 50
4,7,9, ss: 50
4,7,5, ss: 50
4,7,3, ss: 50
4,9,5, ss: 50
4,9,3, ss: 50
4,5,9, ss: 50
4,5,3, ss: 50
4,3,9, ss: 50
4,3,5, ss: 50
9,10,4, ss: 50
9,10,5, ss: 50
9,10,3, ss: 50
9,7,4, ss: 50
9,7,5, ss: 50
9,7,3, ss: 50
9,4,5, ss: 50
9,4,3, ss: 50
9,5,4, ss: 50
9,5,3, ss: 50
9,3,4, ss: 50
9,3,5, ss: 50


=== rcno: 7, nData: 160, year: 8, train_course: 0, model: 2 ===
4,3,8,5,6,7


bet: 100
4,3,8, ss: 50
4,3,5, ss: 50
4,3,6, ss: 50
4,3,7, ss: 50
4,8,5, ss: 50
4,8,6, ss: 50
4,8,7, ss: 50
4,5,8, ss: 50
4,5,6, ss: 50
4,5,7, ss: 50
4,6,8, ss: 50
4,6,5, ss: 50
4,6,7, ss: 50
4,7,8, ss: 50
4,7,5, ss: 50
4,7,6, ss: 50
3,4,8, ss: 50
3,4,5, ss: 50
3,4,6, ss: 50
3,4,7, ss: 50
3,8,5, ss: 50
3,8,6, ss: 50
3,8,7, ss: 50
3,5,8, ss: 50
3,5,6, ss: 50
3,5,7, ss: 50
3,6,8, ss: 50
3,6,5, ss: 50
3,6,7, ss: 50
3,7,8, ss: 50
3,7,5, ss: 50
3,7,6, ss: 50
8,4,5, ss: 50
8,4,6, ss: 50
8,4,7, ss: 50
8,3,5, ss: 50
8,3,6, ss: 50
8,3,7, ss: 50
8,5,6, ss: 50
8,5,7, ss: 50
8,6,5, ss: 50
8,6,7, ss: 50
8,7,5, ss: 50
8,7,6, ss: 50
5,4,8, ss: 50
5,4,6, ss: 50
5,4,7, ss: 50
5,3,8, ss: 50
5,3,6, ss: 50
5,3,7, ss: 50
5,8,6, ss: 50
5,8,7, ss: 50
5,6,8, ss: 50
5,6,7, ss: 50
5,7,8, ss: 50
5,7,6, ss: 50


=== rcno: 8, nData: 160, year: 8, train_course: 0, model: 2 ===
2,1,10,6,5,4


bet: 100
2,1,10, ss: 50
2,1,6, ss: 50
2,1,5, ss: 50
2,1,4, ss: 50
2,10,6, ss: 50
2,10,5, ss: 50
2,10,4, ss: 50
2,6,10, ss: 50
2,6,5, ss: 50
2,6,4, ss: 50
2,5,10, ss: 50
2,5,6, ss: 50
2,5,4, ss: 50
2,4,10, ss: 50
2,4,6, ss: 50
2,4,5, ss: 50
1,2,10, ss: 50
1,2,6, ss: 50
1,2,5, ss: 50
1,2,4, ss: 50
1,10,6, ss: 50
1,10,5, ss: 50
1,10,4, ss: 50
1,6,10, ss: 50
1,6,5, ss: 50
1,6,4, ss: 50
1,5,10, ss: 50
1,5,6, ss: 50
1,5,4, ss: 50
1,4,10, ss: 50
1,4,6, ss: 50
1,4,5, ss: 50
10,2,6, ss: 50
10,2,5, ss: 50
10,2,4, ss: 50
10,1,6, ss: 50
10,1,5, ss: 50
10,1,4, ss: 50
10,6,5, ss: 50
10,6,4, ss: 50
10,5,6, ss: 50
10,5,4, ss: 50
10,4,6, ss: 50
10,4,5, ss: 50
6,2,10, ss: 50
6,2,5, ss: 50
6,2,4, ss: 50
6,1,10, ss: 50
6,1,5, ss: 50
6,1,4, ss: 50
6,10,5, ss: 50
6,10,4, ss: 50
6,5,10, ss: 50
6,5,4, ss: 50
6,4,10, ss: 50
6,4,5, ss: 50


=== rcno: 9, nData: 160, year: 8, train_course: 0, model: 2 ===
1,3,5,7,4,8


bet: 100
1,3,5, ss: 50
1,3,7, ss: 50
1,3,4, ss: 50
1,3,8, ss: 50
1,5,7, ss: 50
1,5,4, ss: 50
1,5,8, ss: 50
1,7,5, ss: 50
1,7,4, ss: 50
1,7,8, ss: 50
1,4,5, ss: 50
1,4,7, ss: 50
1,4,8, ss: 50
1,8,5, ss: 50
1,8,7, ss: 50
1,8,4, ss: 50
3,1,5, ss: 50
3,1,7, ss: 50
3,1,4, ss: 50
3,1,8, ss: 50
3,5,7, ss: 50
3,5,4, ss: 50
3,5,8, ss: 50
3,7,5, ss: 50
3,7,4, ss: 50
3,7,8, ss: 50
3,4,5, ss: 50
3,4,7, ss: 50
3,4,8, ss: 50
3,8,5, ss: 50
3,8,7, ss: 50
3,8,4, ss: 50
5,1,7, ss: 50
5,1,4, ss: 50
5,1,8, ss: 50
5,3,7, ss: 50
5,3,4, ss: 50
5,3,8, ss: 50
5,7,4, ss: 50
5,7,8, ss: 50
5,4,7, ss: 50
5,4,8, ss: 50
5,8,7, ss: 50
5,8,4, ss: 50
7,1,5, ss: 50
7,1,4, ss: 50
7,1,8, ss: 50
7,3,5, ss: 50
7,3,4, ss: 50
7,3,8, ss: 50
7,5,4, ss: 50
7,5,8, ss: 50
7,4,5, ss: 50
7,4,8, ss: 50
7,8,5, ss: 50
7,8,4, ss: 50


=== rcno: 1, nData: 160, year: 8, train_course: 0, model: 3 ===
9,7,4,8,6,5


bet: 100
9,7,4, ss: 50
9,7,8, ss: 50
9,7,6, ss: 50
9,7,5, ss: 50
9,4,8, ss: 50
9,4,6, ss: 50
9,4,5, ss: 50
9,8,4, ss: 50
9,8,6, ss: 50
9,8,5, ss: 50
9,6,4, ss: 50
9,6,8, ss: 50
9,6,5, ss: 50
9,5,4, ss: 50
9,5,8, ss: 50
9,5,6, ss: 50
7,9,4, ss: 50
7,9,8, ss: 50
7,9,6, ss: 50
7,9,5, ss: 50
7,4,8, ss: 50
7,4,6, ss: 50
7,4,5, ss: 50
7,8,4, ss: 50
7,8,6, ss: 50
7,8,5, ss: 50
7,6,4, ss: 50
7,6,8, ss: 50
7,6,5, ss: 50
7,5,4, ss: 50
7,5,8, ss: 50
7,5,6, ss: 50
4,9,8, ss: 50
4,9,6, ss: 50
4,9,5, ss: 50
4,7,8, ss: 50
4,7,6, ss: 50
4,7,5, ss: 50
4,8,6, ss: 50
4,8,5, ss: 50
4,6,8, ss: 50
4,6,5, ss: 50
4,5,8, ss: 50
4,5,6, ss: 50
8,9,4, ss: 50
8,9,6, ss: 50
8,9,5, ss: 50
8,7,4, ss: 50
8,7,6, ss: 50
8,7,5, ss: 50
8,4,6, ss: 50
8,4,5, ss: 50
8,6,4, ss: 50
8,6,5, ss: 50
8,5,4, ss: 50
8,5,6, ss: 50


=== rcno: 2, nData: 160, year: 8, train_course: 0, model: 3 ===
2,3,8,5,7,1


bet: 100
2,3,8, ss: 50
2,3,5, ss: 50
2,3,7, ss: 50
2,3,1, ss: 50
2,8,5, ss: 50
2,8,7, ss: 50
2,8,1, ss: 50
2,5,8, ss: 50
2,5,7, ss: 50
2,5,1, ss: 50
2,7,8, ss: 50
2,7,5, ss: 50
2,7,1, ss: 50
2,1,8, ss: 50
2,1,5, ss: 50
2,1,7, ss: 50
3,2,8, ss: 50
3,2,5, ss: 50
3,2,7, ss: 50
3,2,1, ss: 50
3,8,5, ss: 50
3,8,7, ss: 50
3,8,1, ss: 50
3,5,8, ss: 50
3,5,7, ss: 50
3,5,1, ss: 50
3,7,8, ss: 50
3,7,5, ss: 50
3,7,1, ss: 50
3,1,8, ss: 50
3,1,5, ss: 50
3,1,7, ss: 50
8,2,5, ss: 50
8,2,7, ss: 50
8,2,1, ss: 50
8,3,5, ss: 50
8,3,7, ss: 50
8,3,1, ss: 50
8,5,7, ss: 50
8,5,1, ss: 50
8,7,5, ss: 50
8,7,1, ss: 50
8,1,5, ss: 50
8,1,7, ss: 50
5,2,8, ss: 50
5,2,7, ss: 50
5,2,1, ss: 50
5,3,8, ss: 50
5,3,7, ss: 50
5,3,1, ss: 50
5,8,7, ss: 50
5,8,1, ss: 50
5,7,8, ss: 50
5,7,1, ss: 50
5,1,8, ss: 50
5,1,7, ss: 50


=== rcno: 3, nData: 160, year: 8, train_course: 0, model: 3 ===
1,8,5,2,7,9


bet: 100
1,8,5, ss: 50
1,8,2, ss: 50
1,8,7, ss: 50
1,8,9, ss: 50
1,5,2, ss: 50
1,5,7, ss: 50
1,5,9, ss: 50
1,2,5, ss: 50
1,2,7, ss: 50
1,2,9, ss: 50
1,7,5, ss: 50
1,7,2, ss: 50
1,7,9, ss: 50
1,9,5, ss: 50
1,9,2, ss: 50
1,9,7, ss: 50
8,1,5, ss: 50
8,1,2, ss: 50
8,1,7, ss: 50
8,1,9, ss: 50
8,5,2, ss: 50
8,5,7, ss: 50
8,5,9, ss: 50
8,2,5, ss: 50
8,2,7, ss: 50
8,2,9, ss: 50
8,7,5, ss: 50
8,7,2, ss: 50
8,7,9, ss: 50
8,9,5, ss: 50
8,9,2, ss: 50
8,9,7, ss: 50
5,1,2, ss: 50
5,1,7, ss: 50
5,1,9, ss: 50
5,8,2, ss: 50
5,8,7, ss: 50
5,8,9, ss: 50
5,2,7, ss: 50
5,2,9, ss: 50
5,7,2, ss: 50
5,7,9, ss: 50
5,9,2, ss: 50
5,9,7, ss: 50
2,1,5, ss: 50
2,1,7, ss: 50
2,1,9, ss: 50
2,8,5, ss: 50
2,8,7, ss: 50
2,8,9, ss: 50
2,5,7, ss: 50
2,5,9, ss: 50
2,7,5, ss: 50
2,7,9, ss: 50
2,9,5, ss: 50
2,9,7, ss: 50


=== rcno: 4, nData: 160, year: 8, train_course: 0, model: 3 ===
10,5,8,2,7,9


bet: 100
10,5,8, ss: 50
10,5,2, ss: 50
10,5,7, ss: 50
10,5,9, ss: 50
10,8,2, ss: 50
10,8,7, ss: 50
10,8,9, ss: 50
10,2,8, ss: 50
10,2,7, ss: 50
10,2,9, ss: 50
10,7,8, ss: 50
10,7,2, ss: 50
10,7,9, ss: 50
10,9,8, ss: 50
10,9,2, ss: 50
10,9,7, ss: 50
5,10,8, ss: 50
5,10,2, ss: 50
5,10,7, ss: 50
5,10,9, ss: 50
5,8,2, ss: 50
5,8,7, ss: 50
5,8,9, ss: 50
5,2,8, ss: 50
5,2,7, ss: 50
5,2,9, ss: 50
5,7,8, ss: 50
5,7,2, ss: 50
5,7,9, ss: 50
5,9,8, ss: 50
5,9,2, ss: 50
5,9,7, ss: 50
8,10,2, ss: 50
8,10,7, ss: 50
8,10,9, ss: 50
8,5,2, ss: 50
8,5,7, ss: 50
8,5,9, ss: 50
8,2,7, ss: 50
8,2,9, ss: 50
8,7,2, ss: 50
8,7,9, ss: 50
8,9,2, ss: 50
8,9,7, ss: 50
2,10,8, ss: 50
2,10,7, ss: 50
2,10,9, ss: 50
2,5,8, ss: 50
2,5,7, ss: 50
2,5,9, ss: 50
2,8,7, ss: 50
2,8,9, ss: 50
2,7,8, ss: 50
2,7,9, ss: 50
2,9,8, ss: 50
2,9,7, ss: 50


=== rcno: 5, nData: 160, year: 8, train_course: 0, model: 3 ===
10,12,2,1,8,9


bet: 100
10,12,2, ss: 50
10,12,1, ss: 50
10,12,8, ss: 50
10,12,9, ss: 50
10,2,1, ss: 50
10,2,8, ss: 50
10,2,9, ss: 50
10,1,2, ss: 50
10,1,8, ss: 50
10,1,9, ss: 50
10,8,2, ss: 50
10,8,1, ss: 50
10,8,9, ss: 50
10,9,2, ss: 50
10,9,1, ss: 50
10,9,8, ss: 50
12,10,2, ss: 50
12,10,1, ss: 50
12,10,8, ss: 50
12,10,9, ss: 50
12,2,1, ss: 50
12,2,8, ss: 50
12,2,9, ss: 50
12,1,2, ss: 50
12,1,8, ss: 50
12,1,9, ss: 50
12,8,2, ss: 50
12,8,1, ss: 50
12,8,9, ss: 50
12,9,2, ss: 50
12,9,1, ss: 50
12,9,8, ss: 50
2,10,1, ss: 50
2,10,8, ss: 50
2,10,9, ss: 50
2,12,1, ss: 50
2,12,8, ss: 50
2,12,9, ss: 50
2,1,8, ss: 50
2,1,9, ss: 50
2,8,1, ss: 50
2,8,9, ss: 50
2,9,1, ss: 50
2,9,8, ss: 50
1,10,2, ss: 50
1,10,8, ss: 50
1,10,9, ss: 50
1,12,2, ss: 50
1,12,8, ss: 50
1,12,9, ss: 50
1,2,8, ss: 50
1,2,9, ss: 50
1,8,2, ss: 50
1,8,9, ss: 50
1,9,2, ss: 50
1,9,8, ss: 50


=== rcno: 6, nData: 160, year: 8, train_course: 0, model: 3 ===
4,9,7,2,5,8


bet: 100
4,9,7, ss: 50
4,9,2, ss: 50
4,9,5, ss: 50
4,9,8, ss: 50
4,7,2, ss: 50
4,7,5, ss: 50
4,7,8, ss: 50
4,2,7, ss: 50
4,2,5, ss: 50
4,2,8, ss: 50
4,5,7, ss: 50
4,5,2, ss: 50
4,5,8, ss: 50
4,8,7, ss: 50
4,8,2, ss: 50
4,8,5, ss: 50
9,4,7, ss: 50
9,4,2, ss: 50
9,4,5, ss: 50
9,4,8, ss: 50
9,7,2, ss: 50
9,7,5, ss: 50
9,7,8, ss: 50
9,2,7, ss: 50
9,2,5, ss: 50
9,2,8, ss: 50
9,5,7, ss: 50
9,5,2, ss: 50
9,5,8, ss: 50
9,8,7, ss: 50
9,8,2, ss: 50
9,8,5, ss: 50
7,4,2, ss: 50
7,4,5, ss: 50
7,4,8, ss: 50
7,9,2, ss: 50
7,9,5, ss: 50
7,9,8, ss: 50
7,2,5, ss: 50
7,2,8, ss: 50
7,5,2, ss: 50
7,5,8, ss: 50
7,8,2, ss: 50
7,8,5, ss: 50
2,4,7, ss: 50
2,4,5, ss: 50
2,4,8, ss: 50
2,9,7, ss: 50
2,9,5, ss: 50
2,9,8, ss: 50
2,7,5, ss: 50
2,7,8, ss: 50
2,5,7, ss: 50
2,5,8, ss: 50
2,8,7, ss: 50
2,8,5, ss: 50


=== rcno: 7, nData: 160, year: 8, train_course: 0, model: 3 ===
1,4,6,8,5,7


bet: 100
1,4,6, ss: 50
1,4,8, ss: 50
1,4,5, ss: 50
1,4,7, ss: 50
1,6,8, ss: 50
1,6,5, ss: 50
1,6,7, ss: 50
1,8,6, ss: 50
1,8,5, ss: 50
1,8,7, ss: 50
1,5,6, ss: 50
1,5,8, ss: 50
1,5,7, ss: 50
1,7,6, ss: 50
1,7,8, ss: 50
1,7,5, ss: 50
4,1,6, ss: 50
4,1,8, ss: 50
4,1,5, ss: 50
4,1,7, ss: 50
4,6,8, ss: 50
4,6,5, ss: 50
4,6,7, ss: 50
4,8,6, ss: 50
4,8,5, ss: 50
4,8,7, ss: 50
4,5,6, ss: 50
4,5,8, ss: 50
4,5,7, ss: 50
4,7,6, ss: 50
4,7,8, ss: 50
4,7,5, ss: 50
6,1,8, ss: 50
6,1,5, ss: 50
6,1,7, ss: 50
6,4,8, ss: 50
6,4,5, ss: 50
6,4,7, ss: 50
6,8,5, ss: 50
6,8,7, ss: 50
6,5,8, ss: 50
6,5,7, ss: 50
6,7,8, ss: 50
6,7,5, ss: 50
8,1,6, ss: 50
8,1,5, ss: 50
8,1,7, ss: 50
8,4,6, ss: 50
8,4,5, ss: 50
8,4,7, ss: 50
8,6,5, ss: 50
8,6,7, ss: 50
8,5,6, ss: 50
8,5,7, ss: 50
8,7,6, ss: 50
8,7,5, ss: 50


=== rcno: 8, nData: 160, year: 8, train_course: 0, model: 3 ===
2,4,3,6,10,7


bet: 100
2,4,3, ss: 50
2,4,6, ss: 50
2,4,10, ss: 50
2,4,7, ss: 50
2,3,6, ss: 50
2,3,10, ss: 50
2,3,7, ss: 50
2,6,3, ss: 50
2,6,10, ss: 50
2,6,7, ss: 50
2,10,3, ss: 50
2,10,6, ss: 50
2,10,7, ss: 50
2,7,3, ss: 50
2,7,6, ss: 50
2,7,10, ss: 50
4,2,3, ss: 50
4,2,6, ss: 50
4,2,10, ss: 50
4,2,7, ss: 50
4,3,6, ss: 50
4,3,10, ss: 50
4,3,7, ss: 50
4,6,3, ss: 50
4,6,10, ss: 50
4,6,7, ss: 50
4,10,3, ss: 50
4,10,6, ss: 50
4,10,7, ss: 50
4,7,3, ss: 50
4,7,6, ss: 50
4,7,10, ss: 50
3,2,6, ss: 50
3,2,10, ss: 50
3,2,7, ss: 50
3,4,6, ss: 50
3,4,10, ss: 50
3,4,7, ss: 50
3,6,10, ss: 50
3,6,7, ss: 50
3,10,6, ss: 50
3,10,7, ss: 50
3,7,6, ss: 50
3,7,10, ss: 50
6,2,3, ss: 50
6,2,10, ss: 50
6,2,7, ss: 50
6,4,3, ss: 50
6,4,10, ss: 50
6,4,7, ss: 50
6,3,10, ss: 50
6,3,7, ss: 50
6,10,3, ss: 50
6,10,7, ss: 50
6,7,3, ss: 50
6,7,10, ss: 50


=== rcno: 9, nData: 160, year: 8, train_course: 0, model: 3 ===
5,6,7,3,4,8


bet: 100
5,6,7, ss: 50
5,6,3, ss: 50
5,6,4, ss: 50
5,6,8, ss: 50
5,7,3, ss: 50
5,7,4, ss: 50
5,7,8, ss: 50
5,3,7, ss: 50
5,3,4, ss: 50
5,3,8, ss: 50
5,4,7, ss: 50
5,4,3, ss: 50
5,4,8, ss: 50
5,8,7, ss: 50
5,8,3, ss: 50
5,8,4, ss: 50
6,5,7, ss: 50
6,5,3, ss: 50
6,5,4, ss: 50
6,5,8, ss: 50
6,7,3, ss: 50
6,7,4, ss: 50
6,7,8, ss: 50
6,3,7, ss: 50
6,3,4, ss: 50
6,3,8, ss: 50
6,4,7, ss: 50
6,4,3, ss: 50
6,4,8, ss: 50
6,8,7, ss: 50
6,8,3, ss: 50
6,8,4, ss: 50
7,5,3, ss: 50
7,5,4, ss: 50
7,5,8, ss: 50
7,6,3, ss: 50
7,6,4, ss: 50
7,6,8, ss: 50
7,3,4, ss: 50
7,3,8, ss: 50
7,4,3, ss: 50
7,4,8, ss: 50
7,8,3, ss: 50
7,8,4, ss: 50
3,5,7, ss: 50
3,5,4, ss: 50
3,5,8, ss: 50
3,6,7, ss: 50
3,6,4, ss: 50
3,6,8, ss: 50
3,7,4, ss: 50
3,7,8, ss: 50
3,4,7, ss: 50
3,4,8, ss: 50
3,8,7, ss: 50
3,8,4, ss: 50


=== rcno: 1, nData: 160, year: 8, train_course: 0, model: 4 ===
9,7,5,6,4,8


bet: 100
9,7,5, ss: 50
9,7,6, ss: 50
9,7,4, ss: 50
9,7,8, ss: 50
9,5,6, ss: 50
9,5,4, ss: 50
9,5,8, ss: 50
9,6,5, ss: 50
9,6,4, ss: 50
9,6,8, ss: 50
9,4,5, ss: 50
9,4,6, ss: 50
9,4,8, ss: 50
9,8,5, ss: 50
9,8,6, ss: 50
9,8,4, ss: 50
7,9,5, ss: 50
7,9,6, ss: 50
7,9,4, ss: 50
7,9,8, ss: 50
7,5,6, ss: 50
7,5,4, ss: 50
7,5,8, ss: 50
7,6,5, ss: 50
7,6,4, ss: 50
7,6,8, ss: 50
7,4,5, ss: 50
7,4,6, ss: 50
7,4,8, ss: 50
7,8,5, ss: 50
7,8,6, ss: 50
7,8,4, ss: 50
5,9,6, ss: 50
5,9,4, ss: 50
5,9,8, ss: 50
5,7,6, ss: 50
5,7,4, ss: 50
5,7,8, ss: 50
5,6,4, ss: 50
5,6,8, ss: 50
5,4,6, ss: 50
5,4,8, ss: 50
5,8,6, ss: 50
5,8,4, ss: 50
6,9,5, ss: 50
6,9,4, ss: 50
6,9,8, ss: 50
6,7,5, ss: 50
6,7,4, ss: 50
6,7,8, ss: 50
6,5,4, ss: 50
6,5,8, ss: 50
6,4,5, ss: 50
6,4,8, ss: 50
6,8,5, ss: 50
6,8,4, ss: 50


=== rcno: 2, nData: 160, year: 8, train_course: 0, model: 4 ===
2,8,5,3,7,6


bet: 100
2,8,5, ss: 50
2,8,3, ss: 50
2,8,7, ss: 50
2,8,6, ss: 50
2,5,3, ss: 50
2,5,7, ss: 50
2,5,6, ss: 50
2,3,5, ss: 50
2,3,7, ss: 50
2,3,6, ss: 50
2,7,5, ss: 50
2,7,3, ss: 50
2,7,6, ss: 50
2,6,5, ss: 50
2,6,3, ss: 50
2,6,7, ss: 50
8,2,5, ss: 50
8,2,3, ss: 50
8,2,7, ss: 50
8,2,6, ss: 50
8,5,3, ss: 50
8,5,7, ss: 50
8,5,6, ss: 50
8,3,5, ss: 50
8,3,7, ss: 50
8,3,6, ss: 50
8,7,5, ss: 50
8,7,3, ss: 50
8,7,6, ss: 50
8,6,5, ss: 50
8,6,3, ss: 50
8,6,7, ss: 50
5,2,3, ss: 50
5,2,7, ss: 50
5,2,6, ss: 50
5,8,3, ss: 50
5,8,7, ss: 50
5,8,6, ss: 50
5,3,7, ss: 50
5,3,6, ss: 50
5,7,3, ss: 50
5,7,6, ss: 50
5,6,3, ss: 50
5,6,7, ss: 50
3,2,5, ss: 50
3,2,7, ss: 50
3,2,6, ss: 50
3,8,5, ss: 50
3,8,7, ss: 50
3,8,6, ss: 50
3,5,7, ss: 50
3,5,6, ss: 50
3,7,5, ss: 50
3,7,6, ss: 50
3,6,5, ss: 50
3,6,7, ss: 50


=== rcno: 3, nData: 160, year: 8, train_course: 0, model: 4 ===
1,8,9,4,5,7


bet: 100
1,8,9, ss: 50
1,8,4, ss: 50
1,8,5, ss: 50
1,8,7, ss: 50
1,9,4, ss: 50
1,9,5, ss: 50
1,9,7, ss: 50
1,4,9, ss: 50
1,4,5, ss: 50
1,4,7, ss: 50
1,5,9, ss: 50
1,5,4, ss: 50
1,5,7, ss: 50
1,7,9, ss: 50
1,7,4, ss: 50
1,7,5, ss: 50
8,1,9, ss: 50
8,1,4, ss: 50
8,1,5, ss: 50
8,1,7, ss: 50
8,9,4, ss: 50
8,9,5, ss: 50
8,9,7, ss: 50
8,4,9, ss: 50
8,4,5, ss: 50
8,4,7, ss: 50
8,5,9, ss: 50
8,5,4, ss: 50
8,5,7, ss: 50
8,7,9, ss: 50
8,7,4, ss: 50
8,7,5, ss: 50
9,1,4, ss: 50
9,1,5, ss: 50
9,1,7, ss: 50
9,8,4, ss: 50
9,8,5, ss: 50
9,8,7, ss: 50
9,4,5, ss: 50
9,4,7, ss: 50
9,5,4, ss: 50
9,5,7, ss: 50
9,7,4, ss: 50
9,7,5, ss: 50
4,1,9, ss: 50
4,1,5, ss: 50
4,1,7, ss: 50
4,8,9, ss: 50
4,8,5, ss: 50
4,8,7, ss: 50
4,9,5, ss: 50
4,9,7, ss: 50
4,5,9, ss: 50
4,5,7, ss: 50
4,7,9, ss: 50
4,7,5, ss: 50


=== rcno: 4, nData: 160, year: 8, train_course: 0, model: 4 ===
10,5,2,8,7,4


bet: 100
10,5,2, ss: 50
10,5,8, ss: 50
10,5,7, ss: 50
10,5,4, ss: 50
10,2,8, ss: 50
10,2,7, ss: 50
10,2,4, ss: 50
10,8,2, ss: 50
10,8,7, ss: 50
10,8,4, ss: 50
10,7,2, ss: 50
10,7,8, ss: 50
10,7,4, ss: 50
10,4,2, ss: 50
10,4,8, ss: 50
10,4,7, ss: 50
5,10,2, ss: 50
5,10,8, ss: 50
5,10,7, ss: 50
5,10,4, ss: 50
5,2,8, ss: 50
5,2,7, ss: 50
5,2,4, ss: 50
5,8,2, ss: 50
5,8,7, ss: 50
5,8,4, ss: 50
5,7,2, ss: 50
5,7,8, ss: 50
5,7,4, ss: 50
5,4,2, ss: 50
5,4,8, ss: 50
5,4,7, ss: 50
2,10,8, ss: 50
2,10,7, ss: 50
2,10,4, ss: 50
2,5,8, ss: 50
2,5,7, ss: 50
2,5,4, ss: 50
2,8,7, ss: 50
2,8,4, ss: 50
2,7,8, ss: 50
2,7,4, ss: 50
2,4,8, ss: 50
2,4,7, ss: 50
8,10,2, ss: 50
8,10,7, ss: 50
8,10,4, ss: 50
8,5,2, ss: 50
8,5,7, ss: 50
8,5,4, ss: 50
8,2,7, ss: 50
8,2,4, ss: 50
8,7,2, ss: 50
8,7,4, ss: 50
8,4,2, ss: 50
8,4,7, ss: 50


=== rcno: 5, nData: 160, year: 8, train_course: 0, model: 4 ===
2,1,7,5,10,8


bet: 100
2,1,7, ss: 50
2,1,5, ss: 50
2,1,10, ss: 50
2,1,8, ss: 50
2,7,5, ss: 50
2,7,10, ss: 50
2,7,8, ss: 50
2,5,7, ss: 50
2,5,10, ss: 50
2,5,8, ss: 50
2,10,7, ss: 50
2,10,5, ss: 50
2,10,8, ss: 50
2,8,7, ss: 50
2,8,5, ss: 50
2,8,10, ss: 50
1,2,7, ss: 50
1,2,5, ss: 50
1,2,10, ss: 50
1,2,8, ss: 50
1,7,5, ss: 50
1,7,10, ss: 50
1,7,8, ss: 50
1,5,7, ss: 50
1,5,10, ss: 50
1,5,8, ss: 50
1,10,7, ss: 50
1,10,5, ss: 50
1,10,8, ss: 50
1,8,7, ss: 50
1,8,5, ss: 50
1,8,10, ss: 50
7,2,5, ss: 50
7,2,10, ss: 50
7,2,8, ss: 50
7,1,5, ss: 50
7,1,10, ss: 50
7,1,8, ss: 50
7,5,10, ss: 50
7,5,8, ss: 50
7,10,5, ss: 50
7,10,8, ss: 50
7,8,5, ss: 50
7,8,10, ss: 50
5,2,7, ss: 50
5,2,10, ss: 50
5,2,8, ss: 50
5,1,7, ss: 50
5,1,10, ss: 50
5,1,8, ss: 50
5,7,10, ss: 50
5,7,8, ss: 50
5,10,7, ss: 50
5,10,8, ss: 50
5,8,7, ss: 50
5,8,10, ss: 50


=== rcno: 6, nData: 160, year: 8, train_course: 0, model: 4 ===
9,4,5,8,7,10


bet: 100
9,4,5, ss: 50
9,4,8, ss: 50
9,4,7, ss: 50
9,4,10, ss: 50
9,5,8, ss: 50
9,5,7, ss: 50
9,5,10, ss: 50
9,8,5, ss: 50
9,8,7, ss: 50
9,8,10, ss: 50
9,7,5, ss: 50
9,7,8, ss: 50
9,7,10, ss: 50
9,10,5, ss: 50
9,10,8, ss: 50
9,10,7, ss: 50
4,9,5, ss: 50
4,9,8, ss: 50
4,9,7, ss: 50
4,9,10, ss: 50
4,5,8, ss: 50
4,5,7, ss: 50
4,5,10, ss: 50
4,8,5, ss: 50
4,8,7, ss: 50
4,8,10, ss: 50
4,7,5, ss: 50
4,7,8, ss: 50
4,7,10, ss: 50
4,10,5, ss: 50
4,10,8, ss: 50
4,10,7, ss: 50
5,9,8, ss: 50
5,9,7, ss: 50
5,9,10, ss: 50
5,4,8, ss: 50
5,4,7, ss: 50
5,4,10, ss: 50
5,8,7, ss: 50
5,8,10, ss: 50
5,7,8, ss: 50
5,7,10, ss: 50
5,10,8, ss: 50
5,10,7, ss: 50
8,9,5, ss: 50
8,9,7, ss: 50
8,9,10, ss: 50
8,4,5, ss: 50
8,4,7, ss: 50
8,4,10, ss: 50
8,5,7, ss: 50
8,5,10, ss: 50
8,7,5, ss: 50
8,7,10, ss: 50
8,10,5, ss: 50
8,10,7, ss: 50


=== rcno: 7, nData: 160, year: 8, train_course: 0, model: 4 ===
6,5,4,3,1,8


bet: 100
6,5,4, ss: 50
6,5,3, ss: 50
6,5,1, ss: 50
6,5,8, ss: 50
6,4,3, ss: 50
6,4,1, ss: 50
6,4,8, ss: 50
6,3,4, ss: 50
6,3,1, ss: 50
6,3,8, ss: 50
6,1,4, ss: 50
6,1,3, ss: 50
6,1,8, ss: 50
6,8,4, ss: 50
6,8,3, ss: 50
6,8,1, ss: 50
5,6,4, ss: 50
5,6,3, ss: 50
5,6,1, ss: 50
5,6,8, ss: 50
5,4,3, ss: 50
5,4,1, ss: 50
5,4,8, ss: 50
5,3,4, ss: 50
5,3,1, ss: 50
5,3,8, ss: 50
5,1,4, ss: 50
5,1,3, ss: 50
5,1,8, ss: 50
5,8,4, ss: 50
5,8,3, ss: 50
5,8,1, ss: 50
4,6,3, ss: 50
4,6,1, ss: 50
4,6,8, ss: 50
4,5,3, ss: 50
4,5,1, ss: 50
4,5,8, ss: 50
4,3,1, ss: 50
4,3,8, ss: 50
4,1,3, ss: 50
4,1,8, ss: 50
4,8,3, ss: 50
4,8,1, ss: 50
3,6,4, ss: 50
3,6,1, ss: 50
3,6,8, ss: 50
3,5,4, ss: 50
3,5,1, ss: 50
3,5,8, ss: 50
3,4,1, ss: 50
3,4,8, ss: 50
3,1,4, ss: 50
3,1,8, ss: 50
3,8,4, ss: 50
3,8,1, ss: 50


=== rcno: 8, nData: 160, year: 8, train_course: 0, model: 4 ===
2,6,7,10,3,4


bet: 100
2,6,7, ss: 50
2,6,10, ss: 50
2,6,3, ss: 50
2,6,4, ss: 50
2,7,10, ss: 50
2,7,3, ss: 50
2,7,4, ss: 50
2,10,7, ss: 50
2,10,3, ss: 50
2,10,4, ss: 50
2,3,7, ss: 50
2,3,10, ss: 50
2,3,4, ss: 50
2,4,7, ss: 50
2,4,10, ss: 50
2,4,3, ss: 50
6,2,7, ss: 50
6,2,10, ss: 50
6,2,3, ss: 50
6,2,4, ss: 50
6,7,10, ss: 50
6,7,3, ss: 50
6,7,4, ss: 50
6,10,7, ss: 50
6,10,3, ss: 50
6,10,4, ss: 50
6,3,7, ss: 50
6,3,10, ss: 50
6,3,4, ss: 50
6,4,7, ss: 50
6,4,10, ss: 50
6,4,3, ss: 50
7,2,10, ss: 50
7,2,3, ss: 50
7,2,4, ss: 50
7,6,10, ss: 50
7,6,3, ss: 50
7,6,4, ss: 50
7,10,3, ss: 50
7,10,4, ss: 50
7,3,10, ss: 50
7,3,4, ss: 50
7,4,10, ss: 50
7,4,3, ss: 50
10,2,7, ss: 50
10,2,3, ss: 50
10,2,4, ss: 50
10,6,7, ss: 50
10,6,3, ss: 50
10,6,4, ss: 50
10,7,3, ss: 50
10,7,4, ss: 50
10,3,7, ss: 50
10,3,4, ss: 50
10,4,7, ss: 50
10,4,3, ss: 50


=== rcno: 9, nData: 160, year: 8, train_course: 0, model: 4 ===
5,3,7,1,4,8


bet: 100
5,3,7, ss: 50
5,3,1, ss: 50
5,3,4, ss: 50
5,3,8, ss: 50
5,7,1, ss: 50
5,7,4, ss: 50
5,7,8, ss: 50
5,1,7, ss: 50
5,1,4, ss: 50
5,1,8, ss: 50
5,4,7, ss: 50
5,4,1, ss: 50
5,4,8, ss: 50
5,8,7, ss: 50
5,8,1, ss: 50
5,8,4, ss: 50
3,5,7, ss: 50
3,5,1, ss: 50
3,5,4, ss: 50
3,5,8, ss: 50
3,7,1, ss: 50
3,7,4, ss: 50
3,7,8, ss: 50
3,1,7, ss: 50
3,1,4, ss: 50
3,1,8, ss: 50
3,4,7, ss: 50
3,4,1, ss: 50
3,4,8, ss: 50
3,8,7, ss: 50
3,8,1, ss: 50
3,8,4, ss: 50
7,5,1, ss: 50
7,5,4, ss: 50
7,5,8, ss: 50
7,3,1, ss: 50
7,3,4, ss: 50
7,3,8, ss: 50
7,1,4, ss: 50
7,1,8, ss: 50
7,4,1, ss: 50
7,4,8, ss: 50
7,8,1, ss: 50
7,8,4, ss: 50
1,5,7, ss: 50
1,5,4, ss: 50
1,5,8, ss: 50
1,3,7, ss: 50
1,3,4, ss: 50
1,3,8, ss: 50
1,7,4, ss: 50
1,7,8, ss: 50
1,4,7, ss: 50
1,4,8, ss: 50
1,8,7, ss: 50
1,8,4, ss: 50


=== rcno: 1, nData: 160, year: 8, train_course: 0, model: 5 ===
9,7,6,4,5,8


bet: 100
9,7,6, ss: 50
9,7,4, ss: 50
9,7,5, ss: 50
9,7,8, ss: 50
9,6,4, ss: 50
9,6,5, ss: 50
9,6,8, ss: 50
9,4,6, ss: 50
9,4,5, ss: 50
9,4,8, ss: 50
9,5,6, ss: 50
9,5,4, ss: 50
9,5,8, ss: 50
9,8,6, ss: 50
9,8,4, ss: 50
9,8,5, ss: 50
7,9,6, ss: 50
7,9,4, ss: 50
7,9,5, ss: 50
7,9,8, ss: 50
7,6,4, ss: 50
7,6,5, ss: 50
7,6,8, ss: 50
7,4,6, ss: 50
7,4,5, ss: 50
7,4,8, ss: 50
7,5,6, ss: 50
7,5,4, ss: 50
7,5,8, ss: 50
7,8,6, ss: 50
7,8,4, ss: 50
7,8,5, ss: 50
6,9,4, ss: 50
6,9,5, ss: 50
6,9,8, ss: 50
6,7,4, ss: 50
6,7,5, ss: 50
6,7,8, ss: 50
6,4,5, ss: 50
6,4,8, ss: 50
6,5,4, ss: 50
6,5,8, ss: 50
6,8,4, ss: 50
6,8,5, ss: 50
4,9,6, ss: 50
4,9,5, ss: 50
4,9,8, ss: 50
4,7,6, ss: 50
4,7,5, ss: 50
4,7,8, ss: 50
4,6,5, ss: 50
4,6,8, ss: 50
4,5,6, ss: 50
4,5,8, ss: 50
4,8,6, ss: 50
4,8,5, ss: 50


=== rcno: 2, nData: 160, year: 8, train_course: 0, model: 5 ===
2,8,3,5,7,1


bet: 100
2,8,3, ss: 50
2,8,5, ss: 50
2,8,7, ss: 50
2,8,1, ss: 50
2,3,5, ss: 50
2,3,7, ss: 50
2,3,1, ss: 50
2,5,3, ss: 50
2,5,7, ss: 50
2,5,1, ss: 50
2,7,3, ss: 50
2,7,5, ss: 50
2,7,1, ss: 50
2,1,3, ss: 50
2,1,5, ss: 50
2,1,7, ss: 50
8,2,3, ss: 50
8,2,5, ss: 50
8,2,7, ss: 50
8,2,1, ss: 50
8,3,5, ss: 50
8,3,7, ss: 50
8,3,1, ss: 50
8,5,3, ss: 50
8,5,7, ss: 50
8,5,1, ss: 50
8,7,3, ss: 50
8,7,5, ss: 50
8,7,1, ss: 50
8,1,3, ss: 50
8,1,5, ss: 50
8,1,7, ss: 50
3,2,5, ss: 50
3,2,7, ss: 50
3,2,1, ss: 50
3,8,5, ss: 50
3,8,7, ss: 50
3,8,1, ss: 50
3,5,7, ss: 50
3,5,1, ss: 50
3,7,5, ss: 50
3,7,1, ss: 50
3,1,5, ss: 50
3,1,7, ss: 50
5,2,3, ss: 50
5,2,7, ss: 50
5,2,1, ss: 50
5,8,3, ss: 50
5,8,7, ss: 50
5,8,1, ss: 50
5,3,7, ss: 50
5,3,1, ss: 50
5,7,3, ss: 50
5,7,1, ss: 50
5,1,3, ss: 50
5,1,7, ss: 50


=== rcno: 3, nData: 160, year: 8, train_course: 0, model: 5 ===
1,5,9,2,7,8


bet: 100
1,5,9, ss: 50
1,5,2, ss: 50
1,5,7, ss: 50
1,5,8, ss: 50
1,9,2, ss: 50
1,9,7, ss: 50
1,9,8, ss: 50
1,2,9, ss: 50
1,2,7, ss: 50
1,2,8, ss: 50
1,7,9, ss: 50
1,7,2, ss: 50
1,7,8, ss: 50
1,8,9, ss: 50
1,8,2, ss: 50
1,8,7, ss: 50
5,1,9, ss: 50
5,1,2, ss: 50
5,1,7, ss: 50
5,1,8, ss: 50
5,9,2, ss: 50
5,9,7, ss: 50
5,9,8, ss: 50
5,2,9, ss: 50
5,2,7, ss: 50
5,2,8, ss: 50
5,7,9, ss: 50
5,7,2, ss: 50
5,7,8, ss: 50
5,8,9, ss: 50
5,8,2, ss: 50
5,8,7, ss: 50
9,1,2, ss: 50
9,1,7, ss: 50
9,1,8, ss: 50
9,5,2, ss: 50
9,5,7, ss: 50
9,5,8, ss: 50
9,2,7, ss: 50
9,2,8, ss: 50
9,7,2, ss: 50
9,7,8, ss: 50
9,8,2, ss: 50
9,8,7, ss: 50
2,1,9, ss: 50
2,1,7, ss: 50
2,1,8, ss: 50
2,5,9, ss: 50
2,5,7, ss: 50
2,5,8, ss: 50
2,9,7, ss: 50
2,9,8, ss: 50
2,7,9, ss: 50
2,7,8, ss: 50
2,8,9, ss: 50
2,8,7, ss: 50


=== rcno: 4, nData: 160, year: 8, train_course: 0, model: 5 ===
10,5,2,7,8,1


bet: 100
10,5,2, ss: 50
10,5,7, ss: 50
10,5,8, ss: 50
10,5,1, ss: 50
10,2,7, ss: 50
10,2,8, ss: 50
10,2,1, ss: 50
10,7,2, ss: 50
10,7,8, ss: 50
10,7,1, ss: 50
10,8,2, ss: 50
10,8,7, ss: 50
10,8,1, ss: 50
10,1,2, ss: 50
10,1,7, ss: 50
10,1,8, ss: 50
5,10,2, ss: 50
5,10,7, ss: 50
5,10,8, ss: 50
5,10,1, ss: 50
5,2,7, ss: 50
5,2,8, ss: 50
5,2,1, ss: 50
5,7,2, ss: 50
5,7,8, ss: 50
5,7,1, ss: 50
5,8,2, ss: 50
5,8,7, ss: 50
5,8,1, ss: 50
5,1,2, ss: 50
5,1,7, ss: 50
5,1,8, ss: 50
2,10,7, ss: 50
2,10,8, ss: 50
2,10,1, ss: 50
2,5,7, ss: 50
2,5,8, ss: 50
2,5,1, ss: 50
2,7,8, ss: 50
2,7,1, ss: 50
2,8,7, ss: 50
2,8,1, ss: 50
2,1,7, ss: 50
2,1,8, ss: 50
7,10,2, ss: 50
7,10,8, ss: 50
7,10,1, ss: 50
7,5,2, ss: 50
7,5,8, ss: 50
7,5,1, ss: 50
7,2,8, ss: 50
7,2,1, ss: 50
7,8,2, ss: 50
7,8,1, ss: 50
7,1,2, ss: 50
7,1,8, ss: 50


=== rcno: 5, nData: 160, year: 8, train_course: 0, model: 5 ===
10,2,4,1,8,5


bet: 100
10,2,4, ss: 50
10,2,1, ss: 50
10,2,8, ss: 50
10,2,5, ss: 50
10,4,1, ss: 50
10,4,8, ss: 50
10,4,5, ss: 50
10,1,4, ss: 50
10,1,8, ss: 50
10,1,5, ss: 50
10,8,4, ss: 50
10,8,1, ss: 50
10,8,5, ss: 50
10,5,4, ss: 50
10,5,1, ss: 50
10,5,8, ss: 50
2,10,4, ss: 50
2,10,1, ss: 50
2,10,8, ss: 50
2,10,5, ss: 50
2,4,1, ss: 50
2,4,8, ss: 50
2,4,5, ss: 50
2,1,4, ss: 50
2,1,8, ss: 50
2,1,5, ss: 50
2,8,4, ss: 50
2,8,1, ss: 50
2,8,5, ss: 50
2,5,4, ss: 50
2,5,1, ss: 50
2,5,8, ss: 50
4,10,1, ss: 50
4,10,8, ss: 50
4,10,5, ss: 50
4,2,1, ss: 50
4,2,8, ss: 50
4,2,5, ss: 50
4,1,8, ss: 50
4,1,5, ss: 50
4,8,1, ss: 50
4,8,5, ss: 50
4,5,1, ss: 50
4,5,8, ss: 50
1,10,4, ss: 50
1,10,8, ss: 50
1,10,5, ss: 50
1,2,4, ss: 50
1,2,8, ss: 50
1,2,5, ss: 50
1,4,8, ss: 50
1,4,5, ss: 50
1,8,4, ss: 50
1,8,5, ss: 50
1,5,4, ss: 50
1,5,8, ss: 50


=== rcno: 6, nData: 160, year: 8, train_course: 0, model: 5 ===
4,9,7,5,2,8


bet: 100
4,9,7, ss: 50
4,9,5, ss: 50
4,9,2, ss: 50
4,9,8, ss: 50
4,7,5, ss: 50
4,7,2, ss: 50
4,7,8, ss: 50
4,5,7, ss: 50
4,5,2, ss: 50
4,5,8, ss: 50
4,2,7, ss: 50
4,2,5, ss: 50
4,2,8, ss: 50
4,8,7, ss: 50
4,8,5, ss: 50
4,8,2, ss: 50
9,4,7, ss: 50
9,4,5, ss: 50
9,4,2, ss: 50
9,4,8, ss: 50
9,7,5, ss: 50
9,7,2, ss: 50
9,7,8, ss: 50
9,5,7, ss: 50
9,5,2, ss: 50
9,5,8, ss: 50
9,2,7, ss: 50
9,2,5, ss: 50
9,2,8, ss: 50
9,8,7, ss: 50
9,8,5, ss: 50
9,8,2, ss: 50
7,4,5, ss: 50
7,4,2, ss: 50
7,4,8, ss: 50
7,9,5, ss: 50
7,9,2, ss: 50
7,9,8, ss: 50
7,5,2, ss: 50
7,5,8, ss: 50
7,2,5, ss: 50
7,2,8, ss: 50
7,8,5, ss: 50
7,8,2, ss: 50
5,4,7, ss: 50
5,4,2, ss: 50
5,4,8, ss: 50
5,9,7, ss: 50
5,9,2, ss: 50
5,9,8, ss: 50
5,7,2, ss: 50
5,7,8, ss: 50
5,2,7, ss: 50
5,2,8, ss: 50
5,8,7, ss: 50
5,8,2, ss: 50


=== rcno: 7, nData: 160, year: 8, train_course: 0, model: 5 ===
4,1,5,6,8,7


bet: 100
4,1,5, ss: 50
4,1,6, ss: 50
4,1,8, ss: 50
4,1,7, ss: 50
4,5,6, ss: 50
4,5,8, ss: 50
4,5,7, ss: 50
4,6,5, ss: 50
4,6,8, ss: 50
4,6,7, ss: 50
4,8,5, ss: 50
4,8,6, ss: 50
4,8,7, ss: 50
4,7,5, ss: 50
4,7,6, ss: 50
4,7,8, ss: 50
1,4,5, ss: 50
1,4,6, ss: 50
1,4,8, ss: 50
1,4,7, ss: 50
1,5,6, ss: 50
1,5,8, ss: 50
1,5,7, ss: 50
1,6,5, ss: 50
1,6,8, ss: 50
1,6,7, ss: 50
1,8,5, ss: 50
1,8,6, ss: 50
1,8,7, ss: 50
1,7,5, ss: 50
1,7,6, ss: 50
1,7,8, ss: 50
5,4,6, ss: 50
5,4,8, ss: 50
5,4,7, ss: 50
5,1,6, ss: 50
5,1,8, ss: 50
5,1,7, ss: 50
5,6,8, ss: 50
5,6,7, ss: 50
5,8,6, ss: 50
5,8,7, ss: 50
5,7,6, ss: 50
5,7,8, ss: 50
6,4,5, ss: 50
6,4,8, ss: 50
6,4,7, ss: 50
6,1,5, ss: 50
6,1,8, ss: 50
6,1,7, ss: 50
6,5,8, ss: 50
6,5,7, ss: 50
6,8,5, ss: 50
6,8,7, ss: 50
6,7,5, ss: 50
6,7,8, ss: 50


=== rcno: 8, nData: 160, year: 8, train_course: 0, model: 5 ===
2,3,4,6,7,10


bet: 100
2,3,4, ss: 50
2,3,6, ss: 50
2,3,7, ss: 50
2,3,10, ss: 50
2,4,6, ss: 50
2,4,7, ss: 50
2,4,10, ss: 50
2,6,4, ss: 50
2,6,7, ss: 50
2,6,10, ss: 50
2,7,4, ss: 50
2,7,6, ss: 50
2,7,10, ss: 50
2,10,4, ss: 50
2,10,6, ss: 50
2,10,7, ss: 50
3,2,4, ss: 50
3,2,6, ss: 50
3,2,7, ss: 50
3,2,10, ss: 50
3,4,6, ss: 50
3,4,7, ss: 50
3,4,10, ss: 50
3,6,4, ss: 50
3,6,7, ss: 50
3,6,10, ss: 50
3,7,4, ss: 50
3,7,6, ss: 50
3,7,10, ss: 50
3,10,4, ss: 50
3,10,6, ss: 50
3,10,7, ss: 50
4,2,6, ss: 50
4,2,7, ss: 50
4,2,10, ss: 50
4,3,6, ss: 50
4,3,7, ss: 50
4,3,10, ss: 50
4,6,7, ss: 50
4,6,10, ss: 50
4,7,6, ss: 50
4,7,10, ss: 50
4,10,6, ss: 50
4,10,7, ss: 50
6,2,4, ss: 50
6,2,7, ss: 50
6,2,10, ss: 50
6,3,4, ss: 50
6,3,7, ss: 50
6,3,10, ss: 50
6,4,7, ss: 50
6,4,10, ss: 50
6,7,4, ss: 50
6,7,10, ss: 50
6,10,4, ss: 50
6,10,7, ss: 50


=== rcno: 9, nData: 160, year: 8, train_course: 0, model: 5 ===
7,5,3,6,8,1


bet: 100
7,5,3, ss: 50
7,5,6, ss: 50
7,5,8, ss: 50
7,5,1, ss: 50
7,3,6, ss: 50
7,3,8, ss: 50
7,3,1, ss: 50
7,6,3, ss: 50
7,6,8, ss: 50
7,6,1, ss: 50
7,8,3, ss: 50
7,8,6, ss: 50
7,8,1, ss: 50
7,1,3, ss: 50
7,1,6, ss: 50
7,1,8, ss: 50
5,7,3, ss: 50
5,7,6, ss: 50
5,7,8, ss: 50
5,7,1, ss: 50
5,3,6, ss: 50
5,3,8, ss: 50
5,3,1, ss: 50
5,6,3, ss: 50
5,6,8, ss: 50
5,6,1, ss: 50
5,8,3, ss: 50
5,8,6, ss: 50
5,8,1, ss: 50
5,1,3, ss: 50
5,1,6, ss: 50
5,1,8, ss: 50
3,7,6, ss: 50
3,7,8, ss: 50
3,7,1, ss: 50
3,5,6, ss: 50
3,5,8, ss: 50
3,5,1, ss: 50
3,6,8, ss: 50
3,6,1, ss: 50
3,8,6, ss: 50
3,8,1, ss: 50
3,1,6, ss: 50
3,1,8, ss: 50
6,7,3, ss: 50
6,7,8, ss: 50
6,7,1, ss: 50
6,5,3, ss: 50
6,5,8, ss: 50
6,5,1, ss: 50
6,3,8, ss: 50
6,3,1, ss: 50
6,8,3, ss: 50
6,8,1, ss: 50
6,1,3, ss: 50
6,1,8, ss: 50


=== rcno: 1, nData: 160, year: 8, train_course: 0, model: 6 ===
9,7,6,4,5,10


bet: 100
9,7,6, ss: 50
9,7,4, ss: 50
9,7,5, ss: 50
9,7,10, ss: 50
9,6,4, ss: 50
9,6,5, ss: 50
9,6,10, ss: 50
9,4,6, ss: 50
9,4,5, ss: 50
9,4,10, ss: 50
9,5,6, ss: 50
9,5,4, ss: 50
9,5,10, ss: 50
9,10,6, ss: 50
9,10,4, ss: 50
9,10,5, ss: 50
7,9,6, ss: 50
7,9,4, ss: 50
7,9,5, ss: 50
7,9,10, ss: 50
7,6,4, ss: 50
7,6,5, ss: 50
7,6,10, ss: 50
7,4,6, ss: 50
7,4,5, ss: 50
7,4,10, ss: 50
7,5,6, ss: 50
7,5,4, ss: 50
7,5,10, ss: 50
7,10,6, ss: 50
7,10,4, ss: 50
7,10,5, ss: 50
6,9,4, ss: 50
6,9,5, ss: 50
6,9,10, ss: 50
6,7,4, ss: 50
6,7,5, ss: 50
6,7,10, ss: 50
6,4,5, ss: 50
6,4,10, ss: 50
6,5,4, ss: 50
6,5,10, ss: 50
6,10,4, ss: 50
6,10,5, ss: 50
4,9,6, ss: 50
4,9,5, ss: 50
4,9,10, ss: 50
4,7,6, ss: 50
4,7,5, ss: 50
4,7,10, ss: 50
4,6,5, ss: 50
4,6,10, ss: 50
4,5,6, ss: 50
4,5,10, ss: 50
4,10,6, ss: 50
4,10,5, ss: 50


=== rcno: 2, nData: 160, year: 8, train_course: 0, model: 6 ===
2,8,7,3,5,4


bet: 100
2,8,7, ss: 50
2,8,3, ss: 50
2,8,5, ss: 50
2,8,4, ss: 50
2,7,3, ss: 50
2,7,5, ss: 50
2,7,4, ss: 50
2,3,7, ss: 50
2,3,5, ss: 50
2,3,4, ss: 50
2,5,7, ss: 50
2,5,3, ss: 50
2,5,4, ss: 50
2,4,7, ss: 50
2,4,3, ss: 50
2,4,5, ss: 50
8,2,7, ss: 50
8,2,3, ss: 50
8,2,5, ss: 50
8,2,4, ss: 50
8,7,3, ss: 50
8,7,5, ss: 50
8,7,4, ss: 50
8,3,7, ss: 50
8,3,5, ss: 50
8,3,4, ss: 50
8,5,7, ss: 50
8,5,3, ss: 50
8,5,4, ss: 50
8,4,7, ss: 50
8,4,3, ss: 50
8,4,5, ss: 50
7,2,3, ss: 50
7,2,5, ss: 50
7,2,4, ss: 50
7,8,3, ss: 50
7,8,5, ss: 50
7,8,4, ss: 50
7,3,5, ss: 50
7,3,4, ss: 50
7,5,3, ss: 50
7,5,4, ss: 50
7,4,3, ss: 50
7,4,5, ss: 50
3,2,7, ss: 50
3,2,5, ss: 50
3,2,4, ss: 50
3,8,7, ss: 50
3,8,5, ss: 50
3,8,4, ss: 50
3,7,5, ss: 50
3,7,4, ss: 50
3,5,7, ss: 50
3,5,4, ss: 50
3,4,7, ss: 50
3,4,5, ss: 50


=== rcno: 3, nData: 160, year: 8, train_course: 0, model: 6 ===
1,9,7,8,3,5


bet: 100
1,9,7, ss: 50
1,9,8, ss: 50
1,9,3, ss: 50
1,9,5, ss: 50
1,7,8, ss: 50
1,7,3, ss: 50
1,7,5, ss: 50
1,8,7, ss: 50
1,8,3, ss: 50
1,8,5, ss: 50
1,3,7, ss: 50
1,3,8, ss: 50
1,3,5, ss: 50
1,5,7, ss: 50
1,5,8, ss: 50
1,5,3, ss: 50
9,1,7, ss: 50
9,1,8, ss: 50
9,1,3, ss: 50
9,1,5, ss: 50
9,7,8, ss: 50
9,7,3, ss: 50
9,7,5, ss: 50
9,8,7, ss: 50
9,8,3, ss: 50
9,8,5, ss: 50
9,3,7, ss: 50
9,3,8, ss: 50
9,3,5, ss: 50
9,5,7, ss: 50
9,5,8, ss: 50
9,5,3, ss: 50
7,1,8, ss: 50
7,1,3, ss: 50
7,1,5, ss: 50
7,9,8, ss: 50
7,9,3, ss: 50
7,9,5, ss: 50
7,8,3, ss: 50
7,8,5, ss: 50
7,3,8, ss: 50
7,3,5, ss: 50
7,5,8, ss: 50
7,5,3, ss: 50
8,1,7, ss: 50
8,1,3, ss: 50
8,1,5, ss: 50
8,9,7, ss: 50
8,9,3, ss: 50
8,9,5, ss: 50
8,7,3, ss: 50
8,7,5, ss: 50
8,3,7, ss: 50
8,3,5, ss: 50
8,5,7, ss: 50
8,5,3, ss: 50


=== rcno: 4, nData: 160, year: 8, train_course: 0, model: 6 ===
10,5,2,8,1,7


bet: 100
10,5,2, ss: 50
10,5,8, ss: 50
10,5,1, ss: 50
10,5,7, ss: 50
10,2,8, ss: 50
10,2,1, ss: 50
10,2,7, ss: 50
10,8,2, ss: 50
10,8,1, ss: 50
10,8,7, ss: 50
10,1,2, ss: 50
10,1,8, ss: 50
10,1,7, ss: 50
10,7,2, ss: 50
10,7,8, ss: 50
10,7,1, ss: 50
5,10,2, ss: 50
5,10,8, ss: 50
5,10,1, ss: 50
5,10,7, ss: 50
5,2,8, ss: 50
5,2,1, ss: 50
5,2,7, ss: 50
5,8,2, ss: 50
5,8,1, ss: 50
5,8,7, ss: 50
5,1,2, ss: 50
5,1,8, ss: 50
5,1,7, ss: 50
5,7,2, ss: 50
5,7,8, ss: 50
5,7,1, ss: 50
2,10,8, ss: 50
2,10,1, ss: 50
2,10,7, ss: 50
2,5,8, ss: 50
2,5,1, ss: 50
2,5,7, ss: 50
2,8,1, ss: 50
2,8,7, ss: 50
2,1,8, ss: 50
2,1,7, ss: 50
2,7,8, ss: 50
2,7,1, ss: 50
8,10,2, ss: 50
8,10,1, ss: 50
8,10,7, ss: 50
8,5,2, ss: 50
8,5,1, ss: 50
8,5,7, ss: 50
8,2,1, ss: 50
8,2,7, ss: 50
8,1,2, ss: 50
8,1,7, ss: 50
8,7,2, ss: 50
8,7,1, ss: 50


=== rcno: 5, nData: 160, year: 8, train_course: 0, model: 6 ===
4,1,8,5,7,2


bet: 100
4,1,8, ss: 50
4,1,5, ss: 50
4,1,7, ss: 50
4,1,2, ss: 50
4,8,5, ss: 50
4,8,7, ss: 50
4,8,2, ss: 50
4,5,8, ss: 50
4,5,7, ss: 50
4,5,2, ss: 50
4,7,8, ss: 50
4,7,5, ss: 50
4,7,2, ss: 50
4,2,8, ss: 50
4,2,5, ss: 50
4,2,7, ss: 50
1,4,8, ss: 50
1,4,5, ss: 50
1,4,7, ss: 50
1,4,2, ss: 50
1,8,5, ss: 50
1,8,7, ss: 50
1,8,2, ss: 50
1,5,8, ss: 50
1,5,7, ss: 50
1,5,2, ss: 50
1,7,8, ss: 50
1,7,5, ss: 50
1,7,2, ss: 50
1,2,8, ss: 50
1,2,5, ss: 50
1,2,7, ss: 50
8,4,5, ss: 50
8,4,7, ss: 50
8,4,2, ss: 50
8,1,5, ss: 50
8,1,7, ss: 50
8,1,2, ss: 50
8,5,7, ss: 50
8,5,2, ss: 50
8,7,5, ss: 50
8,7,2, ss: 50
8,2,5, ss: 50
8,2,7, ss: 50
5,4,8, ss: 50
5,4,7, ss: 50
5,4,2, ss: 50
5,1,8, ss: 50
5,1,7, ss: 50
5,1,2, ss: 50
5,8,7, ss: 50
5,8,2, ss: 50
5,7,8, ss: 50
5,7,2, ss: 50
5,2,8, ss: 50
5,2,7, ss: 50


=== rcno: 6, nData: 160, year: 8, train_course: 0, model: 6 ===
4,9,5,7,10,8


bet: 100
4,9,5, ss: 50
4,9,7, ss: 50
4,9,10, ss: 50
4,9,8, ss: 50
4,5,7, ss: 50
4,5,10, ss: 50
4,5,8, ss: 50
4,7,5, ss: 50
4,7,10, ss: 50
4,7,8, ss: 50
4,10,5, ss: 50
4,10,7, ss: 50
4,10,8, ss: 50
4,8,5, ss: 50
4,8,7, ss: 50
4,8,10, ss: 50
9,4,5, ss: 50
9,4,7, ss: 50
9,4,10, ss: 50
9,4,8, ss: 50
9,5,7, ss: 50
9,5,10, ss: 50
9,5,8, ss: 50
9,7,5, ss: 50
9,7,10, ss: 50
9,7,8, ss: 50
9,10,5, ss: 50
9,10,7, ss: 50
9,10,8, ss: 50
9,8,5, ss: 50
9,8,7, ss: 50
9,8,10, ss: 50
5,4,7, ss: 50
5,4,10, ss: 50
5,4,8, ss: 50
5,9,7, ss: 50
5,9,10, ss: 50
5,9,8, ss: 50
5,7,10, ss: 50
5,7,8, ss: 50
5,10,7, ss: 50
5,10,8, ss: 50
5,8,7, ss: 50
5,8,10, ss: 50
7,4,5, ss: 50
7,4,10, ss: 50
7,4,8, ss: 50
7,9,5, ss: 50
7,9,10, ss: 50
7,9,8, ss: 50
7,5,10, ss: 50
7,5,8, ss: 50
7,10,5, ss: 50
7,10,8, ss: 50
7,8,5, ss: 50
7,8,10, ss: 50


=== rcno: 7, nData: 160, year: 8, train_course: 0, model: 6 ===
4,5,8,3,6,1


bet: 100
4,5,8, ss: 50
4,5,3, ss: 50
4,5,6, ss: 50
4,5,1, ss: 50
4,8,3, ss: 50
4,8,6, ss: 50
4,8,1, ss: 50
4,3,8, ss: 50
4,3,6, ss: 50
4,3,1, ss: 50
4,6,8, ss: 50
4,6,3, ss: 50
4,6,1, ss: 50
4,1,8, ss: 50
4,1,3, ss: 50
4,1,6, ss: 50
5,4,8, ss: 50
5,4,3, ss: 50
5,4,6, ss: 50
5,4,1, ss: 50
5,8,3, ss: 50
5,8,6, ss: 50
5,8,1, ss: 50
5,3,8, ss: 50
5,3,6, ss: 50
5,3,1, ss: 50
5,6,8, ss: 50
5,6,3, ss: 50
5,6,1, ss: 50
5,1,8, ss: 50
5,1,3, ss: 50
5,1,6, ss: 50
8,4,3, ss: 50
8,4,6, ss: 50
8,4,1, ss: 50
8,5,3, ss: 50
8,5,6, ss: 50
8,5,1, ss: 50
8,3,6, ss: 50
8,3,1, ss: 50
8,6,3, ss: 50
8,6,1, ss: 50
8,1,3, ss: 50
8,1,6, ss: 50
3,4,8, ss: 50
3,4,6, ss: 50
3,4,1, ss: 50
3,5,8, ss: 50
3,5,6, ss: 50
3,5,1, ss: 50
3,8,6, ss: 50
3,8,1, ss: 50
3,6,8, ss: 50
3,6,1, ss: 50
3,1,8, ss: 50
3,1,6, ss: 50


=== rcno: 8, nData: 160, year: 8, train_course: 0, model: 6 ===
6,4,2,3,7,5


bet: 100
6,4,2, ss: 50
6,4,3, ss: 50
6,4,7, ss: 50
6,4,5, ss: 50
6,2,3, ss: 50
6,2,7, ss: 50
6,2,5, ss: 50
6,3,2, ss: 50
6,3,7, ss: 50
6,3,5, ss: 50
6,7,2, ss: 50
6,7,3, ss: 50
6,7,5, ss: 50
6,5,2, ss: 50
6,5,3, ss: 50
6,5,7, ss: 50
4,6,2, ss: 50
4,6,3, ss: 50
4,6,7, ss: 50
4,6,5, ss: 50
4,2,3, ss: 50
4,2,7, ss: 50
4,2,5, ss: 50
4,3,2, ss: 50
4,3,7, ss: 50
4,3,5, ss: 50
4,7,2, ss: 50
4,7,3, ss: 50
4,7,5, ss: 50
4,5,2, ss: 50
4,5,3, ss: 50
4,5,7, ss: 50
2,6,3, ss: 50
2,6,7, ss: 50
2,6,5, ss: 50
2,4,3, ss: 50
2,4,7, ss: 50
2,4,5, ss: 50
2,3,7, ss: 50
2,3,5, ss: 50
2,7,3, ss: 50
2,7,5, ss: 50
2,5,3, ss: 50
2,5,7, ss: 50
3,6,2, ss: 50
3,6,7, ss: 50
3,6,5, ss: 50
3,4,2, ss: 50
3,4,7, ss: 50
3,4,5, ss: 50
3,2,7, ss: 50
3,2,5, ss: 50
3,7,2, ss: 50
3,7,5, ss: 50
3,5,2, ss: 50
3,5,7, ss: 50


=== rcno: 9, nData: 160, year: 8, train_course: 0, model: 6 ===
5,4,3,8,2,1


bet: 100
5,4,3, ss: 50
5,4,8, ss: 50
5,4,2, ss: 50
5,4,1, ss: 50
5,3,8, ss: 50
5,3,2, ss: 50
5,3,1, ss: 50
5,8,3, ss: 50
5,8,2, ss: 50
5,8,1, ss: 50
5,2,3, ss: 50
5,2,8, ss: 50
5,2,1, ss: 50
5,1,3, ss: 50
5,1,8, ss: 50
5,1,2, ss: 50
4,5,3, ss: 50
4,5,8, ss: 50
4,5,2, ss: 50
4,5,1, ss: 50
4,3,8, ss: 50
4,3,2, ss: 50
4,3,1, ss: 50
4,8,3, ss: 50
4,8,2, ss: 50
4,8,1, ss: 50
4,2,3, ss: 50
4,2,8, ss: 50
4,2,1, ss: 50
4,1,3, ss: 50
4,1,8, ss: 50
4,1,2, ss: 50
3,5,8, ss: 50
3,5,2, ss: 50
3,5,1, ss: 50
3,4,8, ss: 50
3,4,2, ss: 50
3,4,1, ss: 50
3,8,2, ss: 50
3,8,1, ss: 50
3,2,8, ss: 50
3,2,1, ss: 50
3,1,8, ss: 50
3,1,2, ss: 50
8,5,3, ss: 50
8,5,2, ss: 50
8,5,1, ss: 50
8,4,3, ss: 50
8,4,2, ss: 50
8,4,1, ss: 50
8,3,2, ss: 50
8,3,1, ss: 50
8,2,3, ss: 50
8,2,1, ss: 50
8,1,3, ss: 50
8,1,2, ss: 50


=== rcno: 1, nData: 160, year: 8, train_course: 0, model: 7 ===
9,7,6,10,5,3


bet: 100
9,7,6, ss: 50
9,7,10, ss: 50
9,7,5, ss: 50
9,7,3, ss: 50
9,6,10, ss: 50
9,6,5, ss: 50
9,6,3, ss: 50
9,10,6, ss: 50
9,10,5, ss: 50
9,10,3, ss: 50
9,5,6, ss: 50
9,5,10, ss: 50
9,5,3, ss: 50
9,3,6, ss: 50
9,3,10, ss: 50
9,3,5, ss: 50
7,9,6, ss: 50
7,9,10, ss: 50
7,9,5, ss: 50
7,9,3, ss: 50
7,6,10, ss: 50
7,6,5, ss: 50
7,6,3, ss: 50
7,10,6, ss: 50
7,10,5, ss: 50
7,10,3, ss: 50
7,5,6, ss: 50
7,5,10, ss: 50
7,5,3, ss: 50
7,3,6, ss: 50
7,3,10, ss: 50
7,3,5, ss: 50
6,9,10, ss: 50
6,9,5, ss: 50
6,9,3, ss: 50
6,7,10, ss: 50
6,7,5, ss: 50
6,7,3, ss: 50
6,10,5, ss: 50
6,10,3, ss: 50
6,5,10, ss: 50
6,5,3, ss: 50
6,3,10, ss: 50
6,3,5, ss: 50
10,9,6, ss: 50
10,9,5, ss: 50
10,9,3, ss: 50
10,7,6, ss: 50
10,7,5, ss: 50
10,7,3, ss: 50
10,6,5, ss: 50
10,6,3, ss: 50
10,5,6, ss: 50
10,5,3, ss: 50
10,3,6, ss: 50
10,3,5, ss: 50


=== rcno: 2, nData: 160, year: 8, train_course: 0, model: 7 ===
8,2,4,3,5,7


bet: 100
8,2,4, ss: 50
8,2,3, ss: 50
8,2,5, ss: 50
8,2,7, ss: 50
8,4,3, ss: 50
8,4,5, ss: 50
8,4,7, ss: 50
8,3,4, ss: 50
8,3,5, ss: 50
8,3,7, ss: 50
8,5,4, ss: 50
8,5,3, ss: 50
8,5,7, ss: 50
8,7,4, ss: 50
8,7,3, ss: 50
8,7,5, ss: 50
2,8,4, ss: 50
2,8,3, ss: 50
2,8,5, ss: 50
2,8,7, ss: 50
2,4,3, ss: 50
2,4,5, ss: 50
2,4,7, ss: 50
2,3,4, ss: 50
2,3,5, ss: 50
2,3,7, ss: 50
2,5,4, ss: 50
2,5,3, ss: 50
2,5,7, ss: 50
2,7,4, ss: 50
2,7,3, ss: 50
2,7,5, ss: 50
4,8,3, ss: 50
4,8,5, ss: 50
4,8,7, ss: 50
4,2,3, ss: 50
4,2,5, ss: 50
4,2,7, ss: 50
4,3,5, ss: 50
4,3,7, ss: 50
4,5,3, ss: 50
4,5,7, ss: 50
4,7,3, ss: 50
4,7,5, ss: 50
3,8,4, ss: 50
3,8,5, ss: 50
3,8,7, ss: 50
3,2,4, ss: 50
3,2,5, ss: 50
3,2,7, ss: 50
3,4,5, ss: 50
3,4,7, ss: 50
3,5,4, ss: 50
3,5,7, ss: 50
3,7,4, ss: 50
3,7,5, ss: 50


=== rcno: 3, nData: 160, year: 8, train_course: 0, model: 7 ===
9,1,7,2,5,4


bet: 100
9,1,7, ss: 50
9,1,2, ss: 50
9,1,5, ss: 50
9,1,4, ss: 50
9,7,2, ss: 50
9,7,5, ss: 50
9,7,4, ss: 50
9,2,7, ss: 50
9,2,5, ss: 50
9,2,4, ss: 50
9,5,7, ss: 50
9,5,2, ss: 50
9,5,4, ss: 50
9,4,7, ss: 50
9,4,2, ss: 50
9,4,5, ss: 50
1,9,7, ss: 50
1,9,2, ss: 50
1,9,5, ss: 50
1,9,4, ss: 50
1,7,2, ss: 50
1,7,5, ss: 50
1,7,4, ss: 50
1,2,7, ss: 50
1,2,5, ss: 50
1,2,4, ss: 50
1,5,7, ss: 50
1,5,2, ss: 50
1,5,4, ss: 50
1,4,7, ss: 50
1,4,2, ss: 50
1,4,5, ss: 50
7,9,2, ss: 50
7,9,5, ss: 50
7,9,4, ss: 50
7,1,2, ss: 50
7,1,5, ss: 50
7,1,4, ss: 50
7,2,5, ss: 50
7,2,4, ss: 50
7,5,2, ss: 50
7,5,4, ss: 50
7,4,2, ss: 50
7,4,5, ss: 50
2,9,7, ss: 50
2,9,5, ss: 50
2,9,4, ss: 50
2,1,7, ss: 50
2,1,5, ss: 50
2,1,4, ss: 50
2,7,5, ss: 50
2,7,4, ss: 50
2,5,7, ss: 50
2,5,4, ss: 50
2,4,7, ss: 50
2,4,5, ss: 50


=== rcno: 4, nData: 160, year: 8, train_course: 0, model: 7 ===
10,5,2,4,1,7


bet: 100
10,5,2, ss: 50
10,5,4, ss: 50
10,5,1, ss: 50
10,5,7, ss: 50
10,2,4, ss: 50
10,2,1, ss: 50
10,2,7, ss: 50
10,4,2, ss: 50
10,4,1, ss: 50
10,4,7, ss: 50
10,1,2, ss: 50
10,1,4, ss: 50
10,1,7, ss: 50
10,7,2, ss: 50
10,7,4, ss: 50
10,7,1, ss: 50
5,10,2, ss: 50
5,10,4, ss: 50
5,10,1, ss: 50
5,10,7, ss: 50
5,2,4, ss: 50
5,2,1, ss: 50
5,2,7, ss: 50
5,4,2, ss: 50
5,4,1, ss: 50
5,4,7, ss: 50
5,1,2, ss: 50
5,1,4, ss: 50
5,1,7, ss: 50
5,7,2, ss: 50
5,7,4, ss: 50
5,7,1, ss: 50
2,10,4, ss: 50
2,10,1, ss: 50
2,10,7, ss: 50
2,5,4, ss: 50
2,5,1, ss: 50
2,5,7, ss: 50
2,4,1, ss: 50
2,4,7, ss: 50
2,1,4, ss: 50
2,1,7, ss: 50
2,7,4, ss: 50
2,7,1, ss: 50
4,10,2, ss: 50
4,10,1, ss: 50
4,10,7, ss: 50
4,5,2, ss: 50
4,5,1, ss: 50
4,5,7, ss: 50
4,2,1, ss: 50
4,2,7, ss: 50
4,1,2, ss: 50
4,1,7, ss: 50
4,7,2, ss: 50
4,7,1, ss: 50


=== rcno: 5, nData: 160, year: 8, train_course: 0, model: 7 ===
4,10,2,5,7,1


bet: 100
4,10,2, ss: 50
4,10,5, ss: 50
4,10,7, ss: 50
4,10,1, ss: 50
4,2,5, ss: 50
4,2,7, ss: 50
4,2,1, ss: 50
4,5,2, ss: 50
4,5,7, ss: 50
4,5,1, ss: 50
4,7,2, ss: 50
4,7,5, ss: 50
4,7,1, ss: 50
4,1,2, ss: 50
4,1,5, ss: 50
4,1,7, ss: 50
10,4,2, ss: 50
10,4,5, ss: 50
10,4,7, ss: 50
10,4,1, ss: 50
10,2,5, ss: 50
10,2,7, ss: 50
10,2,1, ss: 50
10,5,2, ss: 50
10,5,7, ss: 50
10,5,1, ss: 50
10,7,2, ss: 50
10,7,5, ss: 50
10,7,1, ss: 50
10,1,2, ss: 50
10,1,5, ss: 50
10,1,7, ss: 50
2,4,5, ss: 50
2,4,7, ss: 50
2,4,1, ss: 50
2,10,5, ss: 50
2,10,7, ss: 50
2,10,1, ss: 50
2,5,7, ss: 50
2,5,1, ss: 50
2,7,5, ss: 50
2,7,1, ss: 50
2,1,5, ss: 50
2,1,7, ss: 50
5,4,2, ss: 50
5,4,7, ss: 50
5,4,1, ss: 50
5,10,2, ss: 50
5,10,7, ss: 50
5,10,1, ss: 50
5,2,7, ss: 50
5,2,1, ss: 50
5,7,2, ss: 50
5,7,1, ss: 50
5,1,2, ss: 50
5,1,7, ss: 50


=== rcno: 6, nData: 160, year: 8, train_course: 0, model: 7 ===
7,10,4,9,5,3


bet: 100
7,10,4, ss: 50
7,10,9, ss: 50
7,10,5, ss: 50
7,10,3, ss: 50
7,4,9, ss: 50
7,4,5, ss: 50
7,4,3, ss: 50
7,9,4, ss: 50
7,9,5, ss: 50
7,9,3, ss: 50
7,5,4, ss: 50
7,5,9, ss: 50
7,5,3, ss: 50
7,3,4, ss: 50
7,3,9, ss: 50
7,3,5, ss: 50
10,7,4, ss: 50
10,7,9, ss: 50
10,7,5, ss: 50
10,7,3, ss: 50
10,4,9, ss: 50
10,4,5, ss: 50
10,4,3, ss: 50
10,9,4, ss: 50
10,9,5, ss: 50
10,9,3, ss: 50
10,5,4, ss: 50
10,5,9, ss: 50
10,5,3, ss: 50
10,3,4, ss: 50
10,3,9, ss: 50
10,3,5, ss: 50
4,7,9, ss: 50
4,7,5, ss: 50
4,7,3, ss: 50
4,10,9, ss: 50
4,10,5, ss: 50
4,10,3, ss: 50
4,9,5, ss: 50
4,9,3, ss: 50
4,5,9, ss: 50
4,5,3, ss: 50
4,3,9, ss: 50
4,3,5, ss: 50
9,7,4, ss: 50
9,7,5, ss: 50
9,7,3, ss: 50
9,10,4, ss: 50
9,10,5, ss: 50
9,10,3, ss: 50
9,4,5, ss: 50
9,4,3, ss: 50
9,5,4, ss: 50
9,5,3, ss: 50
9,3,4, ss: 50
9,3,5, ss: 50


=== rcno: 7, nData: 160, year: 8, train_course: 0, model: 7 ===
3,4,5,7,1,6


bet: 100
3,4,5, ss: 50
3,4,7, ss: 50
3,4,1, ss: 50
3,4,6, ss: 50
3,5,7, ss: 50
3,5,1, ss: 50
3,5,6, ss: 50
3,7,5, ss: 50
3,7,1, ss: 50
3,7,6, ss: 50
3,1,5, ss: 50
3,1,7, ss: 50
3,1,6, ss: 50
3,6,5, ss: 50
3,6,7, ss: 50
3,6,1, ss: 50
4,3,5, ss: 50
4,3,7, ss: 50
4,3,1, ss: 50
4,3,6, ss: 50
4,5,7, ss: 50
4,5,1, ss: 50
4,5,6, ss: 50
4,7,5, ss: 50
4,7,1, ss: 50
4,7,6, ss: 50
4,1,5, ss: 50
4,1,7, ss: 50
4,1,6, ss: 50
4,6,5, ss: 50
4,6,7, ss: 50
4,6,1, ss: 50
5,3,7, ss: 50
5,3,1, ss: 50
5,3,6, ss: 50
5,4,7, ss: 50
5,4,1, ss: 50
5,4,6, ss: 50
5,7,1, ss: 50
5,7,6, ss: 50
5,1,7, ss: 50
5,1,6, ss: 50
5,6,7, ss: 50
5,6,1, ss: 50
7,3,5, ss: 50
7,3,1, ss: 50
7,3,6, ss: 50
7,4,5, ss: 50
7,4,1, ss: 50
7,4,6, ss: 50
7,5,1, ss: 50
7,5,6, ss: 50
7,1,5, ss: 50
7,1,6, ss: 50
7,6,5, ss: 50
7,6,1, ss: 50


=== rcno: 8, nData: 160, year: 8, train_course: 0, model: 7 ===
2,4,6,10,5,8


bet: 100
2,4,6, ss: 50
2,4,10, ss: 50
2,4,5, ss: 50
2,4,8, ss: 50
2,6,10, ss: 50
2,6,5, ss: 50
2,6,8, ss: 50
2,10,6, ss: 50
2,10,5, ss: 50
2,10,8, ss: 50
2,5,6, ss: 50
2,5,10, ss: 50
2,5,8, ss: 50
2,8,6, ss: 50
2,8,10, ss: 50
2,8,5, ss: 50
4,2,6, ss: 50
4,2,10, ss: 50
4,2,5, ss: 50
4,2,8, ss: 50
4,6,10, ss: 50
4,6,5, ss: 50
4,6,8, ss: 50
4,10,6, ss: 50
4,10,5, ss: 50
4,10,8, ss: 50
4,5,6, ss: 50
4,5,10, ss: 50
4,5,8, ss: 50
4,8,6, ss: 50
4,8,10, ss: 50
4,8,5, ss: 50
6,2,10, ss: 50
6,2,5, ss: 50
6,2,8, ss: 50
6,4,10, ss: 50
6,4,5, ss: 50
6,4,8, ss: 50
6,10,5, ss: 50
6,10,8, ss: 50
6,5,10, ss: 50
6,5,8, ss: 50
6,8,10, ss: 50
6,8,5, ss: 50
10,2,6, ss: 50
10,2,5, ss: 50
10,2,8, ss: 50
10,4,6, ss: 50
10,4,5, ss: 50
10,4,8, ss: 50
10,6,5, ss: 50
10,6,8, ss: 50
10,5,6, ss: 50
10,5,8, ss: 50
10,8,6, ss: 50
10,8,5, ss: 50


=== rcno: 9, nData: 160, year: 8, train_course: 0, model: 7 ===
5,4,3,2,8,1


bet: 100
5,4,3, ss: 50
5,4,2, ss: 50
5,4,8, ss: 50
5,4,1, ss: 50
5,3,2, ss: 50
5,3,8, ss: 50
5,3,1, ss: 50
5,2,3, ss: 50
5,2,8, ss: 50
5,2,1, ss: 50
5,8,3, ss: 50
5,8,2, ss: 50
5,8,1, ss: 50
5,1,3, ss: 50
5,1,2, ss: 50
5,1,8, ss: 50
4,5,3, ss: 50
4,5,2, ss: 50
4,5,8, ss: 50
4,5,1, ss: 50
4,3,2, ss: 50
4,3,8, ss: 50
4,3,1, ss: 50
4,2,3, ss: 50
4,2,8, ss: 50
4,2,1, ss: 50
4,8,3, ss: 50
4,8,2, ss: 50
4,8,1, ss: 50
4,1,3, ss: 50
4,1,2, ss: 50
4,1,8, ss: 50
3,5,2, ss: 50
3,5,8, ss: 50
3,5,1, ss: 50
3,4,2, ss: 50
3,4,8, ss: 50
3,4,1, ss: 50
3,2,8, ss: 50
3,2,1, ss: 50
3,8,2, ss: 50
3,8,1, ss: 50
3,1,2, ss: 50
3,1,8, ss: 50
2,5,3, ss: 50
2,5,8, ss: 50
2,5,1, ss: 50
2,4,3, ss: 50
2,4,8, ss: 50
2,4,1, ss: 50
2,3,8, ss: 50
2,3,1, ss: 50
2,8,3, ss: 50
2,8,1, ss: 50
2,1,3, ss: 50
2,1,8, ss: 50


=== rcno: 1, nData: 160, year: 8, train_course: 0, model: 8 ===
9,7,4,6,10,3


bet: 100
9,7,4, ss: 50
9,7,6, ss: 50
9,7,10, ss: 50
9,7,3, ss: 50
9,4,6, ss: 50
9,4,10, ss: 50
9,4,3, ss: 50
9,6,4, ss: 50
9,6,10, ss: 50
9,6,3, ss: 50
9,10,4, ss: 50
9,10,6, ss: 50
9,10,3, ss: 50
9,3,4, ss: 50
9,3,6, ss: 50
9,3,10, ss: 50
7,9,4, ss: 50
7,9,6, ss: 50
7,9,10, ss: 50
7,9,3, ss: 50
7,4,6, ss: 50
7,4,10, ss: 50
7,4,3, ss: 50
7,6,4, ss: 50
7,6,10, ss: 50
7,6,3, ss: 50
7,10,4, ss: 50
7,10,6, ss: 50
7,10,3, ss: 50
7,3,4, ss: 50
7,3,6, ss: 50
7,3,10, ss: 50
4,9,6, ss: 50
4,9,10, ss: 50
4,9,3, ss: 50
4,7,6, ss: 50
4,7,10, ss: 50
4,7,3, ss: 50
4,6,10, ss: 50
4,6,3, ss: 50
4,10,6, ss: 50
4,10,3, ss: 50
4,3,6, ss: 50
4,3,10, ss: 50
6,9,4, ss: 50
6,9,10, ss: 50
6,9,3, ss: 50
6,7,4, ss: 50
6,7,10, ss: 50
6,7,3, ss: 50
6,4,10, ss: 50
6,4,3, ss: 50
6,10,4, ss: 50
6,10,3, ss: 50
6,3,4, ss: 50
6,3,10, ss: 50


=== rcno: 2, nData: 160, year: 8, train_course: 0, model: 8 ===
2,8,3,4,5,7


bet: 100
2,8,3, ss: 50
2,8,4, ss: 50
2,8,5, ss: 50
2,8,7, ss: 50
2,3,4, ss: 50
2,3,5, ss: 50
2,3,7, ss: 50
2,4,3, ss: 50
2,4,5, ss: 50
2,4,7, ss: 50
2,5,3, ss: 50
2,5,4, ss: 50
2,5,7, ss: 50
2,7,3, ss: 50
2,7,4, ss: 50
2,7,5, ss: 50
8,2,3, ss: 50
8,2,4, ss: 50
8,2,5, ss: 50
8,2,7, ss: 50
8,3,4, ss: 50
8,3,5, ss: 50
8,3,7, ss: 50
8,4,3, ss: 50
8,4,5, ss: 50
8,4,7, ss: 50
8,5,3, ss: 50
8,5,4, ss: 50
8,5,7, ss: 50
8,7,3, ss: 50
8,7,4, ss: 50
8,7,5, ss: 50
3,2,4, ss: 50
3,2,5, ss: 50
3,2,7, ss: 50
3,8,4, ss: 50
3,8,5, ss: 50
3,8,7, ss: 50
3,4,5, ss: 50
3,4,7, ss: 50
3,5,4, ss: 50
3,5,7, ss: 50
3,7,4, ss: 50
3,7,5, ss: 50
4,2,3, ss: 50
4,2,5, ss: 50
4,2,7, ss: 50
4,8,3, ss: 50
4,8,5, ss: 50
4,8,7, ss: 50
4,3,5, ss: 50
4,3,7, ss: 50
4,5,3, ss: 50
4,5,7, ss: 50
4,7,3, ss: 50
4,7,5, ss: 50


=== rcno: 3, nData: 160, year: 8, train_course: 0, model: 8 ===
1,5,9,7,2,8


bet: 100
1,5,9, ss: 50
1,5,7, ss: 50
1,5,2, ss: 50
1,5,8, ss: 50
1,9,7, ss: 50
1,9,2, ss: 50
1,9,8, ss: 50
1,7,9, ss: 50
1,7,2, ss: 50
1,7,8, ss: 50
1,2,9, ss: 50
1,2,7, ss: 50
1,2,8, ss: 50
1,8,9, ss: 50
1,8,7, ss: 50
1,8,2, ss: 50
5,1,9, ss: 50
5,1,7, ss: 50
5,1,2, ss: 50
5,1,8, ss: 50
5,9,7, ss: 50
5,9,2, ss: 50
5,9,8, ss: 50
5,7,9, ss: 50
5,7,2, ss: 50
5,7,8, ss: 50
5,2,9, ss: 50
5,2,7, ss: 50
5,2,8, ss: 50
5,8,9, ss: 50
5,8,7, ss: 50
5,8,2, ss: 50
9,1,7, ss: 50
9,1,2, ss: 50
9,1,8, ss: 50
9,5,7, ss: 50
9,5,2, ss: 50
9,5,8, ss: 50
9,7,2, ss: 50
9,7,8, ss: 50
9,2,7, ss: 50
9,2,8, ss: 50
9,8,7, ss: 50
9,8,2, ss: 50
7,1,9, ss: 50
7,1,2, ss: 50
7,1,8, ss: 50
7,5,9, ss: 50
7,5,2, ss: 50
7,5,8, ss: 50
7,9,2, ss: 50
7,9,8, ss: 50
7,2,9, ss: 50
7,2,8, ss: 50
7,8,9, ss: 50
7,8,2, ss: 50


=== rcno: 4, nData: 160, year: 8, train_course: 0, model: 8 ===
10,5,7,1,2,4


bet: 100
10,5,7, ss: 50
10,5,1, ss: 50
10,5,2, ss: 50
10,5,4, ss: 50
10,7,1, ss: 50
10,7,2, ss: 50
10,7,4, ss: 50
10,1,7, ss: 50
10,1,2, ss: 50
10,1,4, ss: 50
10,2,7, ss: 50
10,2,1, ss: 50
10,2,4, ss: 50
10,4,7, ss: 50
10,4,1, ss: 50
10,4,2, ss: 50
5,10,7, ss: 50
5,10,1, ss: 50
5,10,2, ss: 50
5,10,4, ss: 50
5,7,1, ss: 50
5,7,2, ss: 50
5,7,4, ss: 50
5,1,7, ss: 50
5,1,2, ss: 50
5,1,4, ss: 50
5,2,7, ss: 50
5,2,1, ss: 50
5,2,4, ss: 50
5,4,7, ss: 50
5,4,1, ss: 50
5,4,2, ss: 50
7,10,1, ss: 50
7,10,2, ss: 50
7,10,4, ss: 50
7,5,1, ss: 50
7,5,2, ss: 50
7,5,4, ss: 50
7,1,2, ss: 50
7,1,4, ss: 50
7,2,1, ss: 50
7,2,4, ss: 50
7,4,1, ss: 50
7,4,2, ss: 50
1,10,7, ss: 50
1,10,2, ss: 50
1,10,4, ss: 50
1,5,7, ss: 50
1,5,2, ss: 50
1,5,4, ss: 50
1,7,2, ss: 50
1,7,4, ss: 50
1,2,7, ss: 50
1,2,4, ss: 50
1,4,7, ss: 50
1,4,2, ss: 50


=== rcno: 5, nData: 160, year: 8, train_course: 0, model: 8 ===
8,10,2,1,12,4


bet: 100
8,10,2, ss: 50
8,10,1, ss: 50
8,10,12, ss: 50
8,10,4, ss: 50
8,2,1, ss: 50
8,2,12, ss: 50
8,2,4, ss: 50
8,1,2, ss: 50
8,1,12, ss: 50
8,1,4, ss: 50
8,12,2, ss: 50
8,12,1, ss: 50
8,12,4, ss: 50
8,4,2, ss: 50
8,4,1, ss: 50
8,4,12, ss: 50
10,8,2, ss: 50
10,8,1, ss: 50
10,8,12, ss: 50
10,8,4, ss: 50
10,2,1, ss: 50
10,2,12, ss: 50
10,2,4, ss: 50
10,1,2, ss: 50
10,1,12, ss: 50
10,1,4, ss: 50
10,12,2, ss: 50
10,12,1, ss: 50
10,12,4, ss: 50
10,4,2, ss: 50
10,4,1, ss: 50
10,4,12, ss: 50
2,8,1, ss: 50
2,8,12, ss: 50
2,8,4, ss: 50
2,10,1, ss: 50
2,10,12, ss: 50
2,10,4, ss: 50
2,1,12, ss: 50
2,1,4, ss: 50
2,12,1, ss: 50
2,12,4, ss: 50
2,4,1, ss: 50
2,4,12, ss: 50
1,8,2, ss: 50
1,8,12, ss: 50
1,8,4, ss: 50
1,10,2, ss: 50
1,10,12, ss: 50
1,10,4, ss: 50
1,2,12, ss: 50
1,2,4, ss: 50
1,12,2, ss: 50
1,12,4, ss: 50
1,4,2, ss: 50
1,4,12, ss: 50


=== rcno: 6, nData: 160, year: 8, train_course: 0, model: 8 ===
4,7,9,2,3,5


bet: 100
4,7,9, ss: 50
4,7,2, ss: 50
4,7,3, ss: 50
4,7,5, ss: 50
4,9,2, ss: 50
4,9,3, ss: 50
4,9,5, ss: 50
4,2,9, ss: 50
4,2,3, ss: 50
4,2,5, ss: 50
4,3,9, ss: 50
4,3,2, ss: 50
4,3,5, ss: 50
4,5,9, ss: 50
4,5,2, ss: 50
4,5,3, ss: 50
7,4,9, ss: 50
7,4,2, ss: 50
7,4,3, ss: 50
7,4,5, ss: 50
7,9,2, ss: 50
7,9,3, ss: 50
7,9,5, ss: 50
7,2,9, ss: 50
7,2,3, ss: 50
7,2,5, ss: 50
7,3,9, ss: 50
7,3,2, ss: 50
7,3,5, ss: 50
7,5,9, ss: 50
7,5,2, ss: 50
7,5,3, ss: 50
9,4,2, ss: 50
9,4,3, ss: 50
9,4,5, ss: 50
9,7,2, ss: 50
9,7,3, ss: 50
9,7,5, ss: 50
9,2,3, ss: 50
9,2,5, ss: 50
9,3,2, ss: 50
9,3,5, ss: 50
9,5,2, ss: 50
9,5,3, ss: 50
2,4,9, ss: 50
2,4,3, ss: 50
2,4,5, ss: 50
2,7,9, ss: 50
2,7,3, ss: 50
2,7,5, ss: 50
2,9,3, ss: 50
2,9,5, ss: 50
2,3,9, ss: 50
2,3,5, ss: 50
2,5,9, ss: 50
2,5,3, ss: 50


=== rcno: 7, nData: 160, year: 8, train_course: 0, model: 8 ===
4,1,8,6,5,2


bet: 100
4,1,8, ss: 50
4,1,6, ss: 50
4,1,5, ss: 50
4,1,2, ss: 50
4,8,6, ss: 50
4,8,5, ss: 50
4,8,2, ss: 50
4,6,8, ss: 50
4,6,5, ss: 50
4,6,2, ss: 50
4,5,8, ss: 50
4,5,6, ss: 50
4,5,2, ss: 50
4,2,8, ss: 50
4,2,6, ss: 50
4,2,5, ss: 50
1,4,8, ss: 50
1,4,6, ss: 50
1,4,5, ss: 50
1,4,2, ss: 50
1,8,6, ss: 50
1,8,5, ss: 50
1,8,2, ss: 50
1,6,8, ss: 50
1,6,5, ss: 50
1,6,2, ss: 50
1,5,8, ss: 50
1,5,6, ss: 50
1,5,2, ss: 50
1,2,8, ss: 50
1,2,6, ss: 50
1,2,5, ss: 50
8,4,6, ss: 50
8,4,5, ss: 50
8,4,2, ss: 50
8,1,6, ss: 50
8,1,5, ss: 50
8,1,2, ss: 50
8,6,5, ss: 50
8,6,2, ss: 50
8,5,6, ss: 50
8,5,2, ss: 50
8,2,6, ss: 50
8,2,5, ss: 50
6,4,8, ss: 50
6,4,5, ss: 50
6,4,2, ss: 50
6,1,8, ss: 50
6,1,5, ss: 50
6,1,2, ss: 50
6,8,5, ss: 50
6,8,2, ss: 50
6,5,8, ss: 50
6,5,2, ss: 50
6,2,8, ss: 50
6,2,5, ss: 50


=== rcno: 8, nData: 160, year: 8, train_course: 0, model: 8 ===
2,4,6,3,1,7


bet: 100
2,4,6, ss: 50
2,4,3, ss: 50
2,4,1, ss: 50
2,4,7, ss: 50
2,6,3, ss: 50
2,6,1, ss: 50
2,6,7, ss: 50
2,3,6, ss: 50
2,3,1, ss: 50
2,3,7, ss: 50
2,1,6, ss: 50
2,1,3, ss: 50
2,1,7, ss: 50
2,7,6, ss: 50
2,7,3, ss: 50
2,7,1, ss: 50
4,2,6, ss: 50
4,2,3, ss: 50
4,2,1, ss: 50
4,2,7, ss: 50
4,6,3, ss: 50
4,6,1, ss: 50
4,6,7, ss: 50
4,3,6, ss: 50
4,3,1, ss: 50
4,3,7, ss: 50
4,1,6, ss: 50
4,1,3, ss: 50
4,1,7, ss: 50
4,7,6, ss: 50
4,7,3, ss: 50
4,7,1, ss: 50
6,2,3, ss: 50
6,2,1, ss: 50
6,2,7, ss: 50
6,4,3, ss: 50
6,4,1, ss: 50
6,4,7, ss: 50
6,3,1, ss: 50
6,3,7, ss: 50
6,1,3, ss: 50
6,1,7, ss: 50
6,7,3, ss: 50
6,7,1, ss: 50
3,2,6, ss: 50
3,2,1, ss: 50
3,2,7, ss: 50
3,4,6, ss: 50
3,4,1, ss: 50
3,4,7, ss: 50
3,6,1, ss: 50
3,6,7, ss: 50
3,1,6, ss: 50
3,1,7, ss: 50
3,7,6, ss: 50
3,7,1, ss: 50


=== rcno: 9, nData: 160, year: 8, train_course: 0, model: 8 ===
5,4,8,6,7,3


bet: 100
5,4,8, ss: 50
5,4,6, ss: 50
5,4,7, ss: 50
5,4,3, ss: 50
5,8,6, ss: 50
5,8,7, ss: 50
5,8,3, ss: 50
5,6,8, ss: 50
5,6,7, ss: 50
5,6,3, ss: 50
5,7,8, ss: 50
5,7,6, ss: 50
5,7,3, ss: 50
5,3,8, ss: 50
5,3,6, ss: 50
5,3,7, ss: 50
4,5,8, ss: 50
4,5,6, ss: 50
4,5,7, ss: 50
4,5,3, ss: 50
4,8,6, ss: 50
4,8,7, ss: 50
4,8,3, ss: 50
4,6,8, ss: 50
4,6,7, ss: 50
4,6,3, ss: 50
4,7,8, ss: 50
4,7,6, ss: 50
4,7,3, ss: 50
4,3,8, ss: 50
4,3,6, ss: 50
4,3,7, ss: 50
8,5,6, ss: 50
8,5,7, ss: 50
8,5,3, ss: 50
8,4,6, ss: 50
8,4,7, ss: 50
8,4,3, ss: 50
8,6,7, ss: 50
8,6,3, ss: 50
8,7,6, ss: 50
8,7,3, ss: 50
8,3,6, ss: 50
8,3,7, ss: 50
6,5,8, ss: 50
6,5,7, ss: 50
6,5,3, ss: 50
6,4,8, ss: 50
6,4,7, ss: 50
6,4,3, ss: 50
6,8,7, ss: 50
6,8,3, ss: 50
6,7,8, ss: 50
6,7,3, ss: 50
6,3,8, ss: 50
6,3,7, ss: 50


=== rcno: 1, nData: 160, year: 8, train_course: 0, model: 9 ===
9,7,4,6,10,5


bet: 100
9,7,4, ss: 50
9,7,6, ss: 50
9,7,10, ss: 50
9,7,5, ss: 50
9,4,6, ss: 50
9,4,10, ss: 50
9,4,5, ss: 50
9,6,4, ss: 50
9,6,10, ss: 50
9,6,5, ss: 50
9,10,4, ss: 50
9,10,6, ss: 50
9,10,5, ss: 50
9,5,4, ss: 50
9,5,6, ss: 50
9,5,10, ss: 50
7,9,4, ss: 50
7,9,6, ss: 50
7,9,10, ss: 50
7,9,5, ss: 50
7,4,6, ss: 50
7,4,10, ss: 50
7,4,5, ss: 50
7,6,4, ss: 50
7,6,10, ss: 50
7,6,5, ss: 50
7,10,4, ss: 50
7,10,6, ss: 50
7,10,5, ss: 50
7,5,4, ss: 50
7,5,6, ss: 50
7,5,10, ss: 50
4,9,6, ss: 50
4,9,10, ss: 50
4,9,5, ss: 50
4,7,6, ss: 50
4,7,10, ss: 50
4,7,5, ss: 50
4,6,10, ss: 50
4,6,5, ss: 50
4,10,6, ss: 50
4,10,5, ss: 50
4,5,6, ss: 50
4,5,10, ss: 50
6,9,4, ss: 50
6,9,10, ss: 50
6,9,5, ss: 50
6,7,4, ss: 50
6,7,10, ss: 50
6,7,5, ss: 50
6,4,10, ss: 50
6,4,5, ss: 50
6,10,4, ss: 50
6,10,5, ss: 50
6,5,4, ss: 50
6,5,10, ss: 50


=== rcno: 2, nData: 160, year: 8, train_course: 0, model: 9 ===
2,8,3,7,4,5


bet: 100
2,8,3, ss: 50
2,8,7, ss: 50
2,8,4, ss: 50
2,8,5, ss: 50
2,3,7, ss: 50
2,3,4, ss: 50
2,3,5, ss: 50
2,7,3, ss: 50
2,7,4, ss: 50
2,7,5, ss: 50
2,4,3, ss: 50
2,4,7, ss: 50
2,4,5, ss: 50
2,5,3, ss: 50
2,5,7, ss: 50
2,5,4, ss: 50
8,2,3, ss: 50
8,2,7, ss: 50
8,2,4, ss: 50
8,2,5, ss: 50
8,3,7, ss: 50
8,3,4, ss: 50
8,3,5, ss: 50
8,7,3, ss: 50
8,7,4, ss: 50
8,7,5, ss: 50
8,4,3, ss: 50
8,4,7, ss: 50
8,4,5, ss: 50
8,5,3, ss: 50
8,5,7, ss: 50
8,5,4, ss: 50
3,2,7, ss: 50
3,2,4, ss: 50
3,2,5, ss: 50
3,8,7, ss: 50
3,8,4, ss: 50
3,8,5, ss: 50
3,7,4, ss: 50
3,7,5, ss: 50
3,4,7, ss: 50
3,4,5, ss: 50
3,5,7, ss: 50
3,5,4, ss: 50
7,2,3, ss: 50
7,2,4, ss: 50
7,2,5, ss: 50
7,8,3, ss: 50
7,8,4, ss: 50
7,8,5, ss: 50
7,3,4, ss: 50
7,3,5, ss: 50
7,4,3, ss: 50
7,4,5, ss: 50
7,5,3, ss: 50
7,5,4, ss: 50


=== rcno: 3, nData: 160, year: 8, train_course: 0, model: 9 ===
1,5,9,7,2,3


bet: 100
1,5,9, ss: 50
1,5,7, ss: 50
1,5,2, ss: 50
1,5,3, ss: 50
1,9,7, ss: 50
1,9,2, ss: 50
1,9,3, ss: 50
1,7,9, ss: 50
1,7,2, ss: 50
1,7,3, ss: 50
1,2,9, ss: 50
1,2,7, ss: 50
1,2,3, ss: 50
1,3,9, ss: 50
1,3,7, ss: 50
1,3,2, ss: 50
5,1,9, ss: 50
5,1,7, ss: 50
5,1,2, ss: 50
5,1,3, ss: 50
5,9,7, ss: 50
5,9,2, ss: 50
5,9,3, ss: 50
5,7,9, ss: 50
5,7,2, ss: 50
5,7,3, ss: 50
5,2,9, ss: 50
5,2,7, ss: 50
5,2,3, ss: 50
5,3,9, ss: 50
5,3,7, ss: 50
5,3,2, ss: 50
9,1,7, ss: 50
9,1,2, ss: 50
9,1,3, ss: 50
9,5,7, ss: 50
9,5,2, ss: 50
9,5,3, ss: 50
9,7,2, ss: 50
9,7,3, ss: 50
9,2,7, ss: 50
9,2,3, ss: 50
9,3,7, ss: 50
9,3,2, ss: 50
7,1,9, ss: 50
7,1,2, ss: 50
7,1,3, ss: 50
7,5,9, ss: 50
7,5,2, ss: 50
7,5,3, ss: 50
7,9,2, ss: 50
7,9,3, ss: 50
7,2,9, ss: 50
7,2,3, ss: 50
7,3,9, ss: 50
7,3,2, ss: 50


=== rcno: 4, nData: 160, year: 8, train_course: 0, model: 9 ===
10,5,7,2,8,9


bet: 100
10,5,7, ss: 50
10,5,2, ss: 50
10,5,8, ss: 50
10,5,9, ss: 50
10,7,2, ss: 50
10,7,8, ss: 50
10,7,9, ss: 50
10,2,7, ss: 50
10,2,8, ss: 50
10,2,9, ss: 50
10,8,7, ss: 50
10,8,2, ss: 50
10,8,9, ss: 50
10,9,7, ss: 50
10,9,2, ss: 50
10,9,8, ss: 50
5,10,7, ss: 50
5,10,2, ss: 50
5,10,8, ss: 50
5,10,9, ss: 50
5,7,2, ss: 50
5,7,8, ss: 50
5,7,9, ss: 50
5,2,7, ss: 50
5,2,8, ss: 50
5,2,9, ss: 50
5,8,7, ss: 50
5,8,2, ss: 50
5,8,9, ss: 50
5,9,7, ss: 50
5,9,2, ss: 50
5,9,8, ss: 50
7,10,2, ss: 50
7,10,8, ss: 50
7,10,9, ss: 50
7,5,2, ss: 50
7,5,8, ss: 50
7,5,9, ss: 50
7,2,8, ss: 50
7,2,9, ss: 50
7,8,2, ss: 50
7,8,9, ss: 50
7,9,2, ss: 50
7,9,8, ss: 50
2,10,7, ss: 50
2,10,8, ss: 50
2,10,9, ss: 50
2,5,7, ss: 50
2,5,8, ss: 50
2,5,9, ss: 50
2,7,8, ss: 50
2,7,9, ss: 50
2,8,7, ss: 50
2,8,9, ss: 50
2,9,7, ss: 50
2,9,8, ss: 50


=== rcno: 5, nData: 160, year: 8, train_course: 0, model: 9 ===
10,2,8,12,4,5


bet: 100
10,2,8, ss: 50
10,2,12, ss: 50
10,2,4, ss: 50
10,2,5, ss: 50
10,8,12, ss: 50
10,8,4, ss: 50
10,8,5, ss: 50
10,12,8, ss: 50
10,12,4, ss: 50
10,12,5, ss: 50
10,4,8, ss: 50
10,4,12, ss: 50
10,4,5, ss: 50
10,5,8, ss: 50
10,5,12, ss: 50
10,5,4, ss: 50
2,10,8, ss: 50
2,10,12, ss: 50
2,10,4, ss: 50
2,10,5, ss: 50
2,8,12, ss: 50
2,8,4, ss: 50
2,8,5, ss: 50
2,12,8, ss: 50
2,12,4, ss: 50
2,12,5, ss: 50
2,4,8, ss: 50
2,4,12, ss: 50
2,4,5, ss: 50
2,5,8, ss: 50
2,5,12, ss: 50
2,5,4, ss: 50
8,10,12, ss: 50
8,10,4, ss: 50
8,10,5, ss: 50
8,2,12, ss: 50
8,2,4, ss: 50
8,2,5, ss: 50
8,12,4, ss: 50
8,12,5, ss: 50
8,4,12, ss: 50
8,4,5, ss: 50
8,5,12, ss: 50
8,5,4, ss: 50
12,10,8, ss: 50
12,10,4, ss: 50
12,10,5, ss: 50
12,2,8, ss: 50
12,2,4, ss: 50
12,2,5, ss: 50
12,8,4, ss: 50
12,8,5, ss: 50
12,4,8, ss: 50
12,4,5, ss: 50
12,5,8, ss: 50
12,5,4, ss: 50


=== rcno: 6, nData: 160, year: 8, train_course: 0, model: 9 ===
4,7,5,2,9,8


bet: 100
4,7,5, ss: 50
4,7,2, ss: 50
4,7,9, ss: 50
4,7,8, ss: 50
4,5,2, ss: 50
4,5,9, ss: 50
4,5,8, ss: 50
4,2,5, ss: 50
4,2,9, ss: 50
4,2,8, ss: 50
4,9,5, ss: 50
4,9,2, ss: 50
4,9,8, ss: 50
4,8,5, ss: 50
4,8,2, ss: 50
4,8,9, ss: 50
7,4,5, ss: 50
7,4,2, ss: 50
7,4,9, ss: 50
7,4,8, ss: 50
7,5,2, ss: 50
7,5,9, ss: 50
7,5,8, ss: 50
7,2,5, ss: 50
7,2,9, ss: 50
7,2,8, ss: 50
7,9,5, ss: 50
7,9,2, ss: 50
7,9,8, ss: 50
7,8,5, ss: 50
7,8,2, ss: 50
7,8,9, ss: 50
5,4,2, ss: 50
5,4,9, ss: 50
5,4,8, ss: 50
5,7,2, ss: 50
5,7,9, ss: 50
5,7,8, ss: 50
5,2,9, ss: 50
5,2,8, ss: 50
5,9,2, ss: 50
5,9,8, ss: 50
5,8,2, ss: 50
5,8,9, ss: 50
2,4,5, ss: 50
2,4,9, ss: 50
2,4,8, ss: 50
2,7,5, ss: 50
2,7,9, ss: 50
2,7,8, ss: 50
2,5,9, ss: 50
2,5,8, ss: 50
2,9,5, ss: 50
2,9,8, ss: 50
2,8,5, ss: 50
2,8,9, ss: 50


=== rcno: 7, nData: 160, year: 8, train_course: 0, model: 9 ===
4,8,1,5,6,3


bet: 100
4,8,1, ss: 50
4,8,5, ss: 50
4,8,6, ss: 50
4,8,3, ss: 50
4,1,5, ss: 50
4,1,6, ss: 50
4,1,3, ss: 50
4,5,1, ss: 50
4,5,6, ss: 50
4,5,3, ss: 50
4,6,1, ss: 50
4,6,5, ss: 50
4,6,3, ss: 50
4,3,1, ss: 50
4,3,5, ss: 50
4,3,6, ss: 50
8,4,1, ss: 50
8,4,5, ss: 50
8,4,6, ss: 50
8,4,3, ss: 50
8,1,5, ss: 50
8,1,6, ss: 50
8,1,3, ss: 50
8,5,1, ss: 50
8,5,6, ss: 50
8,5,3, ss: 50
8,6,1, ss: 50
8,6,5, ss: 50
8,6,3, ss: 50
8,3,1, ss: 50
8,3,5, ss: 50
8,3,6, ss: 50
1,4,5, ss: 50
1,4,6, ss: 50
1,4,3, ss: 50
1,8,5, ss: 50
1,8,6, ss: 50
1,8,3, ss: 50
1,5,6, ss: 50
1,5,3, ss: 50
1,6,5, ss: 50
1,6,3, ss: 50
1,3,5, ss: 50
1,3,6, ss: 50
5,4,1, ss: 50
5,4,6, ss: 50
5,4,3, ss: 50
5,8,1, ss: 50
5,8,6, ss: 50
5,8,3, ss: 50
5,1,6, ss: 50
5,1,3, ss: 50
5,6,1, ss: 50
5,6,3, ss: 50
5,3,1, ss: 50
5,3,6, ss: 50


=== rcno: 8, nData: 160, year: 8, train_course: 0, model: 9 ===
2,6,3,4,7,10


bet: 100
2,6,3, ss: 50
2,6,4, ss: 50
2,6,7, ss: 50
2,6,10, ss: 50
2,3,4, ss: 50
2,3,7, ss: 50
2,3,10, ss: 50
2,4,3, ss: 50
2,4,7, ss: 50
2,4,10, ss: 50
2,7,3, ss: 50
2,7,4, ss: 50
2,7,10, ss: 50
2,10,3, ss: 50
2,10,4, ss: 50
2,10,7, ss: 50
6,2,3, ss: 50
6,2,4, ss: 50
6,2,7, ss: 50
6,2,10, ss: 50
6,3,4, ss: 50
6,3,7, ss: 50
6,3,10, ss: 50
6,4,3, ss: 50
6,4,7, ss: 50
6,4,10, ss: 50
6,7,3, ss: 50
6,7,4, ss: 50
6,7,10, ss: 50
6,10,3, ss: 50
6,10,4, ss: 50
6,10,7, ss: 50
3,2,4, ss: 50
3,2,7, ss: 50
3,2,10, ss: 50
3,6,4, ss: 50
3,6,7, ss: 50
3,6,10, ss: 50
3,4,7, ss: 50
3,4,10, ss: 50
3,7,4, ss: 50
3,7,10, ss: 50
3,10,4, ss: 50
3,10,7, ss: 50
4,2,3, ss: 50
4,2,7, ss: 50
4,2,10, ss: 50
4,6,3, ss: 50
4,6,7, ss: 50
4,6,10, ss: 50
4,3,7, ss: 50
4,3,10, ss: 50
4,7,3, ss: 50
4,7,10, ss: 50
4,10,3, ss: 50
4,10,7, ss: 50


=== rcno: 9, nData: 160, year: 8, train_course: 0, model: 9 ===
7,5,6,3,4,8


bet: 100
7,5,6, ss: 50
7,5,3, ss: 50
7,5,4, ss: 50
7,5,8, ss: 50
7,6,3, ss: 50
7,6,4, ss: 50
7,6,8, ss: 50
7,3,6, ss: 50
7,3,4, ss: 50
7,3,8, ss: 50
7,4,6, ss: 50
7,4,3, ss: 50
7,4,8, ss: 50
7,8,6, ss: 50
7,8,3, ss: 50
7,8,4, ss: 50
5,7,6, ss: 50
5,7,3, ss: 50
5,7,4, ss: 50
5,7,8, ss: 50
5,6,3, ss: 50
5,6,4, ss: 50
5,6,8, ss: 50
5,3,6, ss: 50
5,3,4, ss: 50
5,3,8, ss: 50
5,4,6, ss: 50
5,4,3, ss: 50
5,4,8, ss: 50
5,8,6, ss: 50
5,8,3, ss: 50
5,8,4, ss: 50
6,7,3, ss: 50
6,7,4, ss: 50
6,7,8, ss: 50
6,5,3, ss: 50
6,5,4, ss: 50
6,5,8, ss: 50
6,3,4, ss: 50
6,3,8, ss: 50
6,4,3, ss: 50
6,4,8, ss: 50
6,8,3, ss: 50
6,8,4, ss: 50
3,7,6, ss: 50
3,7,4, ss: 50
3,7,8, ss: 50
3,5,6, ss: 50
3,5,4, ss: 50
3,5,8, ss: 50
3,6,4, ss: 50
3,6,8, ss: 50
3,4,6, ss: 50
3,4,8, ss: 50
3,8,6, ss: 50
3,8,4, ss: 50


=== rcno: 1, nData: 160, year: 8, train_course: 0, model: 10 ===
9,7,6,4,5,10


bet: 100
9,7,6, ss: 50
9,7,4, ss: 50
9,7,5, ss: 50
9,7,10, ss: 50
9,6,4, ss: 50
9,6,5, ss: 50
9,6,10, ss: 50
9,4,6, ss: 50
9,4,5, ss: 50
9,4,10, ss: 50
9,5,6, ss: 50
9,5,4, ss: 50
9,5,10, ss: 50
9,10,6, ss: 50
9,10,4, ss: 50
9,10,5, ss: 50
7,9,6, ss: 50
7,9,4, ss: 50
7,9,5, ss: 50
7,9,10, ss: 50
7,6,4, ss: 50
7,6,5, ss: 50
7,6,10, ss: 50
7,4,6, ss: 50
7,4,5, ss: 50
7,4,10, ss: 50
7,5,6, ss: 50
7,5,4, ss: 50
7,5,10, ss: 50
7,10,6, ss: 50
7,10,4, ss: 50
7,10,5, ss: 50
6,9,4, ss: 50
6,9,5, ss: 50
6,9,10, ss: 50
6,7,4, ss: 50
6,7,5, ss: 50
6,7,10, ss: 50
6,4,5, ss: 50
6,4,10, ss: 50
6,5,4, ss: 50
6,5,10, ss: 50
6,10,4, ss: 50
6,10,5, ss: 50
4,9,6, ss: 50
4,9,5, ss: 50
4,9,10, ss: 50
4,7,6, ss: 50
4,7,5, ss: 50
4,7,10, ss: 50
4,6,5, ss: 50
4,6,10, ss: 50
4,5,6, ss: 50
4,5,10, ss: 50
4,10,6, ss: 50
4,10,5, ss: 50


=== rcno: 2, nData: 160, year: 8, train_course: 0, model: 10 ===
2,8,3,5,7,4


bet: 100
2,8,3, ss: 50
2,8,5, ss: 50
2,8,7, ss: 50
2,8,4, ss: 50
2,3,5, ss: 50
2,3,7, ss: 50
2,3,4, ss: 50
2,5,3, ss: 50
2,5,7, ss: 50
2,5,4, ss: 50
2,7,3, ss: 50
2,7,5, ss: 50
2,7,4, ss: 50
2,4,3, ss: 50
2,4,5, ss: 50
2,4,7, ss: 50
8,2,3, ss: 50
8,2,5, ss: 50
8,2,7, ss: 50
8,2,4, ss: 50
8,3,5, ss: 50
8,3,7, ss: 50
8,3,4, ss: 50
8,5,3, ss: 50
8,5,7, ss: 50
8,5,4, ss: 50
8,7,3, ss: 50
8,7,5, ss: 50
8,7,4, ss: 50
8,4,3, ss: 50
8,4,5, ss: 50
8,4,7, ss: 50
3,2,5, ss: 50
3,2,7, ss: 50
3,2,4, ss: 50
3,8,5, ss: 50
3,8,7, ss: 50
3,8,4, ss: 50
3,5,7, ss: 50
3,5,4, ss: 50
3,7,5, ss: 50
3,7,4, ss: 50
3,4,5, ss: 50
3,4,7, ss: 50
5,2,3, ss: 50
5,2,7, ss: 50
5,2,4, ss: 50
5,8,3, ss: 50
5,8,7, ss: 50
5,8,4, ss: 50
5,3,7, ss: 50
5,3,4, ss: 50
5,7,3, ss: 50
5,7,4, ss: 50
5,4,3, ss: 50
5,4,7, ss: 50


=== rcno: 3, nData: 160, year: 8, train_course: 0, model: 10 ===
1,9,7,5,2,8


bet: 100
1,9,7, ss: 50
1,9,5, ss: 50
1,9,2, ss: 50
1,9,8, ss: 50
1,7,5, ss: 50
1,7,2, ss: 50
1,7,8, ss: 50
1,5,7, ss: 50
1,5,2, ss: 50
1,5,8, ss: 50
1,2,7, ss: 50
1,2,5, ss: 50
1,2,8, ss: 50
1,8,7, ss: 50
1,8,5, ss: 50
1,8,2, ss: 50
9,1,7, ss: 50
9,1,5, ss: 50
9,1,2, ss: 50
9,1,8, ss: 50
9,7,5, ss: 50
9,7,2, ss: 50
9,7,8, ss: 50
9,5,7, ss: 50
9,5,2, ss: 50
9,5,8, ss: 50
9,2,7, ss: 50
9,2,5, ss: 50
9,2,8, ss: 50
9,8,7, ss: 50
9,8,5, ss: 50
9,8,2, ss: 50
7,1,5, ss: 50
7,1,2, ss: 50
7,1,8, ss: 50
7,9,5, ss: 50
7,9,2, ss: 50
7,9,8, ss: 50
7,5,2, ss: 50
7,5,8, ss: 50
7,2,5, ss: 50
7,2,8, ss: 50
7,8,5, ss: 50
7,8,2, ss: 50
5,1,7, ss: 50
5,1,2, ss: 50
5,1,8, ss: 50
5,9,7, ss: 50
5,9,2, ss: 50
5,9,8, ss: 50
5,7,2, ss: 50
5,7,8, ss: 50
5,2,7, ss: 50
5,2,8, ss: 50
5,8,7, ss: 50
5,8,2, ss: 50


=== rcno: 4, nData: 160, year: 8, train_course: 0, model: 10 ===
10,5,2,7,8,1


bet: 100
10,5,2, ss: 50
10,5,7, ss: 50
10,5,8, ss: 50
10,5,1, ss: 50
10,2,7, ss: 50
10,2,8, ss: 50
10,2,1, ss: 50
10,7,2, ss: 50
10,7,8, ss: 50
10,7,1, ss: 50
10,8,2, ss: 50
10,8,7, ss: 50
10,8,1, ss: 50
10,1,2, ss: 50
10,1,7, ss: 50
10,1,8, ss: 50
5,10,2, ss: 50
5,10,7, ss: 50
5,10,8, ss: 50
5,10,1, ss: 50
5,2,7, ss: 50
5,2,8, ss: 50
5,2,1, ss: 50
5,7,2, ss: 50
5,7,8, ss: 50
5,7,1, ss: 50
5,8,2, ss: 50
5,8,7, ss: 50
5,8,1, ss: 50
5,1,2, ss: 50
5,1,7, ss: 50
5,1,8, ss: 50
2,10,7, ss: 50
2,10,8, ss: 50
2,10,1, ss: 50
2,5,7, ss: 50
2,5,8, ss: 50
2,5,1, ss: 50
2,7,8, ss: 50
2,7,1, ss: 50
2,8,7, ss: 50
2,8,1, ss: 50
2,1,7, ss: 50
2,1,8, ss: 50
7,10,2, ss: 50
7,10,8, ss: 50
7,10,1, ss: 50
7,5,2, ss: 50
7,5,8, ss: 50
7,5,1, ss: 50
7,2,8, ss: 50
7,2,1, ss: 50
7,8,2, ss: 50
7,8,1, ss: 50
7,1,2, ss: 50
7,1,8, ss: 50


=== rcno: 5, nData: 160, year: 8, train_course: 0, model: 10 ===
2,10,4,1,5,8


bet: 100
2,10,4, ss: 50
2,10,1, ss: 50
2,10,5, ss: 50
2,10,8, ss: 50
2,4,1, ss: 50
2,4,5, ss: 50
2,4,8, ss: 50
2,1,4, ss: 50
2,1,5, ss: 50
2,1,8, ss: 50
2,5,4, ss: 50
2,5,1, ss: 50
2,5,8, ss: 50
2,8,4, ss: 50
2,8,1, ss: 50
2,8,5, ss: 50
10,2,4, ss: 50
10,2,1, ss: 50
10,2,5, ss: 50
10,2,8, ss: 50
10,4,1, ss: 50
10,4,5, ss: 50
10,4,8, ss: 50
10,1,4, ss: 50
10,1,5, ss: 50
10,1,8, ss: 50
10,5,4, ss: 50
10,5,1, ss: 50
10,5,8, ss: 50
10,8,4, ss: 50
10,8,1, ss: 50
10,8,5, ss: 50
4,2,1, ss: 50
4,2,5, ss: 50
4,2,8, ss: 50
4,10,1, ss: 50
4,10,5, ss: 50
4,10,8, ss: 50
4,1,5, ss: 50
4,1,8, ss: 50
4,5,1, ss: 50
4,5,8, ss: 50
4,8,1, ss: 50
4,8,5, ss: 50
1,2,4, ss: 50
1,2,5, ss: 50
1,2,8, ss: 50
1,10,4, ss: 50
1,10,5, ss: 50
1,10,8, ss: 50
1,4,5, ss: 50
1,4,8, ss: 50
1,5,4, ss: 50
1,5,8, ss: 50
1,8,4, ss: 50
1,8,5, ss: 50


=== rcno: 6, nData: 160, year: 8, train_course: 0, model: 10 ===
4,7,9,5,10,2


bet: 100
4,7,9, ss: 50
4,7,5, ss: 50
4,7,10, ss: 50
4,7,2, ss: 50
4,9,5, ss: 50
4,9,10, ss: 50
4,9,2, ss: 50
4,5,9, ss: 50
4,5,10, ss: 50
4,5,2, ss: 50
4,10,9, ss: 50
4,10,5, ss: 50
4,10,2, ss: 50
4,2,9, ss: 50
4,2,5, ss: 50
4,2,10, ss: 50
7,4,9, ss: 50
7,4,5, ss: 50
7,4,10, ss: 50
7,4,2, ss: 50
7,9,5, ss: 50
7,9,10, ss: 50
7,9,2, ss: 50
7,5,9, ss: 50
7,5,10, ss: 50
7,5,2, ss: 50
7,10,9, ss: 50
7,10,5, ss: 50
7,10,2, ss: 50
7,2,9, ss: 50
7,2,5, ss: 50
7,2,10, ss: 50
9,4,5, ss: 50
9,4,10, ss: 50
9,4,2, ss: 50
9,7,5, ss: 50
9,7,10, ss: 50
9,7,2, ss: 50
9,5,10, ss: 50
9,5,2, ss: 50
9,10,5, ss: 50
9,10,2, ss: 50
9,2,5, ss: 50
9,2,10, ss: 50
5,4,9, ss: 50
5,4,10, ss: 50
5,4,2, ss: 50
5,7,9, ss: 50
5,7,10, ss: 50
5,7,2, ss: 50
5,9,10, ss: 50
5,9,2, ss: 50
5,10,9, ss: 50
5,10,2, ss: 50
5,2,9, ss: 50
5,2,10, ss: 50


=== rcno: 7, nData: 160, year: 8, train_course: 0, model: 10 ===
4,8,5,6,1,3


bet: 100
4,8,5, ss: 50
4,8,6, ss: 50
4,8,1, ss: 50
4,8,3, ss: 50
4,5,6, ss: 50
4,5,1, ss: 50
4,5,3, ss: 50
4,6,5, ss: 50
4,6,1, ss: 50
4,6,3, ss: 50
4,1,5, ss: 50
4,1,6, ss: 50
4,1,3, ss: 50
4,3,5, ss: 50
4,3,6, ss: 50
4,3,1, ss: 50
8,4,5, ss: 50
8,4,6, ss: 50
8,4,1, ss: 50
8,4,3, ss: 50
8,5,6, ss: 50
8,5,1, ss: 50
8,5,3, ss: 50
8,6,5, ss: 50
8,6,1, ss: 50
8,6,3, ss: 50
8,1,5, ss: 50
8,1,6, ss: 50
8,1,3, ss: 50
8,3,5, ss: 50
8,3,6, ss: 50
8,3,1, ss: 50
5,4,6, ss: 50
5,4,1, ss: 50
5,4,3, ss: 50
5,8,6, ss: 50
5,8,1, ss: 50
5,8,3, ss: 50
5,6,1, ss: 50
5,6,3, ss: 50
5,1,6, ss: 50
5,1,3, ss: 50
5,3,6, ss: 50
5,3,1, ss: 50
6,4,5, ss: 50
6,4,1, ss: 50
6,4,3, ss: 50
6,8,5, ss: 50
6,8,1, ss: 50
6,8,3, ss: 50
6,5,1, ss: 50
6,5,3, ss: 50
6,1,5, ss: 50
6,1,3, ss: 50
6,3,5, ss: 50
6,3,1, ss: 50


=== rcno: 8, nData: 160, year: 8, train_course: 0, model: 10 ===
2,4,6,3,10,7


bet: 100
2,4,6, ss: 50
2,4,3, ss: 50
2,4,10, ss: 50
2,4,7, ss: 50
2,6,3, ss: 50
2,6,10, ss: 50
2,6,7, ss: 50
2,3,6, ss: 50
2,3,10, ss: 50
2,3,7, ss: 50
2,10,6, ss: 50
2,10,3, ss: 50
2,10,7, ss: 50
2,7,6, ss: 50
2,7,3, ss: 50
2,7,10, ss: 50
4,2,6, ss: 50
4,2,3, ss: 50
4,2,10, ss: 50
4,2,7, ss: 50
4,6,3, ss: 50
4,6,10, ss: 50
4,6,7, ss: 50
4,3,6, ss: 50
4,3,10, ss: 50
4,3,7, ss: 50
4,10,6, ss: 50
4,10,3, ss: 50
4,10,7, ss: 50
4,7,6, ss: 50
4,7,3, ss: 50
4,7,10, ss: 50
6,2,3, ss: 50
6,2,10, ss: 50
6,2,7, ss: 50
6,4,3, ss: 50
6,4,10, ss: 50
6,4,7, ss: 50
6,3,10, ss: 50
6,3,7, ss: 50
6,10,3, ss: 50
6,10,7, ss: 50
6,7,3, ss: 50
6,7,10, ss: 50
3,2,6, ss: 50
3,2,10, ss: 50
3,2,7, ss: 50
3,4,6, ss: 50
3,4,10, ss: 50
3,4,7, ss: 50
3,6,10, ss: 50
3,6,7, ss: 50
3,10,6, ss: 50
3,10,7, ss: 50
3,7,6, ss: 50
3,7,10, ss: 50


=== rcno: 9, nData: 160, year: 8, train_course: 0, model: 10 ===
5,3,7,4,8,6


bet: 100
5,3,7, ss: 50
5,3,4, ss: 50
5,3,8, ss: 50
5,3,6, ss: 50
5,7,4, ss: 50
5,7,8, ss: 50
5,7,6, ss: 50
5,4,7, ss: 50
5,4,8, ss: 50
5,4,6, ss: 50
5,8,7, ss: 50
5,8,4, ss: 50
5,8,6, ss: 50
5,6,7, ss: 50
5,6,4, ss: 50
5,6,8, ss: 50
3,5,7, ss: 50
3,5,4, ss: 50
3,5,8, ss: 50
3,5,6, ss: 50
3,7,4, ss: 50
3,7,8, ss: 50
3,7,6, ss: 50
3,4,7, ss: 50
3,4,8, ss: 50
3,4,6, ss: 50
3,8,7, ss: 50
3,8,4, ss: 50
3,8,6, ss: 50
3,6,7, ss: 50
3,6,4, ss: 50
3,6,8, ss: 50
7,5,4, ss: 50
7,5,8, ss: 50
7,5,6, ss: 50
7,3,4, ss: 50
7,3,8, ss: 50
7,3,6, ss: 50
7,4,8, ss: 50
7,4,6, ss: 50
7,8,4, ss: 50
7,8,6, ss: 50
7,6,4, ss: 50
7,6,8, ss: 50
4,5,7, ss: 50
4,5,8, ss: 50
4,5,6, ss: 50
4,3,7, ss: 50
4,3,8, ss: 50
4,3,6, ss: 50
4,7,8, ss: 50
4,7,6, ss: 50
4,8,7, ss: 50
4,8,6, ss: 50
4,6,7, ss: 50
4,6,8, ss: 50