


=== rcno: 1, nData: 212, year: 8, train_course: 0, model: 0 ===
3,10,1,4,11,7

3,10,1, ss: 500
3,1,10, ss: 300
10,3,1, ss: 300
10,1,3, ss: 300
1,3,10, ss: 200
1,10,3, ss: 200


=== rcno: 2, nData: 212, year: 8, train_course: 0, model: 0 ===
9,4,6,2,8,1

9,4,6, ss: 500
9,6,4, ss: 300
4,9,6, ss: 300
4,6,9, ss: 300
6,9,4, ss: 200
6,4,9, ss: 200


=== rcno: 3, nData: 212, year: 8, train_course: 0, model: 0 ===
7,1,3,2,5,10

7,1,3, ss: 500
7,3,1, ss: 300
1,7,3, ss: 300
1,3,7, ss: 300
3,7,1, ss: 200
3,1,7, ss: 200


=== rcno: 4, nData: 212, year: 8, train_course: 0, model: 0 ===
4,6,1,5,7,11

4,6,1, ss: 500
4,1,6, ss: 300
6,4,1, ss: 300
6,1,4, ss: 300
1,4,6, ss: 200
1,6,4, ss: 200


=== rcno: 5, nData: 212, year: 8, train_course: 0, model: 0 ===
3,7,5,2,10,8

3,7,5, ss: 500
3,5,7, ss: 300
7,3,5, ss: 300
7,5,3, ss: 300
5,3,7, ss: 200
5,7,3, ss: 200


=== rcno: 6, nData: 212, year: 8, train_course: 0, model: 0 ===
14,13,10,11,3,4

14,13,10, ss: 500
14,10,13, ss: 300
13,14,10, ss: 300
13,10,14, ss: 300
10,14,13, ss: 200
10,13,14, ss: 200


=== rcno: 1, nData: 212, year: 8, train_course: 0, model: 1 ===
10,3,11,1,4,6

10,3,11, ss: 500
10,11,3, ss: 300
3,10,11, ss: 300
3,11,10, ss: 300
11,10,3, ss: 200
11,3,10, ss: 200


=== rcno: 2, nData: 212, year: 8, train_course: 0, model: 1 ===
9,4,6,1,2,5

9,4,6, ss: 500
9,6,4, ss: 300
4,9,6, ss: 300
4,6,9, ss: 300
6,9,4, ss: 200
6,4,9, ss: 200


=== rcno: 3, nData: 212, year: 8, train_course: 0, model: 1 ===
7,5,3,1,2,8

7,5,3, ss: 500
7,3,5, ss: 300
5,7,3, ss: 300
5,3,7, ss: 300
3,7,5, ss: 200
3,5,7, ss: 200


=== rcno: 4, nData: 212, year: 8, train_course: 0, model: 1 ===
4,6,7,1,11,5

4,6,7, ss: 500
4,7,6, ss: 300
6,4,7, ss: 300
6,7,4, ss: 300
7,4,6, ss: 200
7,6,4, ss: 200


=== rcno: 5, nData: 212, year: 8, train_course: 0, model: 1 ===
3,5,2,7,1,10

3,5,2, ss: 500
3,2,5, ss: 300
5,3,2, ss: 300
5,2,3, ss: 300
2,3,5, ss: 200
2,5,3, ss: 200


=== rcno: 6, nData: 212, year: 8, train_course: 0, model: 1 ===
14,13,10,2,11,6

14,13,10, ss: 500
14,10,13, ss: 300
13,14,10, ss: 300
13,10,14, ss: 300
10,14,13, ss: 200
10,13,14, ss: 200


=== rcno: 1, nData: 212, year: 8, train_course: 0, model: 2 ===
3,1,10,4,7,6

3,1,10, ss: 500
3,10,1, ss: 300
1,3,10, ss: 300
1,10,3, ss: 300
10,3,1, ss: 200
10,1,3, ss: 200


=== rcno: 2, nData: 212, year: 8, train_course: 0, model: 2 ===
9,4,1,8,6,2

9,4,1, ss: 500
9,1,4, ss: 300
4,9,1, ss: 300
4,1,9, ss: 300
1,9,4, ss: 200
1,4,9, ss: 200


=== rcno: 3, nData: 212, year: 8, train_course: 0, model: 2 ===
7,1,5,8,3,2

7,1,5, ss: 500
7,5,1, ss: 300
1,7,5, ss: 300
1,5,7, ss: 300
5,7,1, ss: 200
5,1,7, ss: 200


=== rcno: 4, nData: 212, year: 8, train_course: 0, model: 2 ===
4,7,1,11,2,5

4,7,1, ss: 500
4,1,7, ss: 300
7,4,1, ss: 300
7,1,4, ss: 300
1,4,7, ss: 200
1,7,4, ss: 200


=== rcno: 5, nData: 212, year: 8, train_course: 0, model: 2 ===
3,2,7,10,8,5

3,2,7, ss: 500
3,7,2, ss: 300
2,3,7, ss: 300
2,7,3, ss: 300
7,3,2, ss: 200
7,2,3, ss: 200


=== rcno: 6, nData: 212, year: 8, train_course: 0, model: 2 ===
14,13,10,11,7,12

14,13,10, ss: 500
14,10,13, ss: 300
13,14,10, ss: 300
13,10,14, ss: 300
10,14,13, ss: 200
10,13,14, ss: 200


=== rcno: 1, nData: 212, year: 8, train_course: 0, model: 3 ===
3,4,10,1,7,6

3,4,10, ss: 500
3,10,4, ss: 300
4,3,10, ss: 300
4,10,3, ss: 300
10,3,4, ss: 200
10,4,3, ss: 200


=== rcno: 2, nData: 212, year: 8, train_course: 0, model: 3 ===
9,4,1,8,6,2

9,4,1, ss: 500
9,1,4, ss: 300
4,9,1, ss: 300
4,1,9, ss: 300
1,9,4, ss: 200
1,4,9, ss: 200


=== rcno: 3, nData: 212, year: 8, train_course: 0, model: 3 ===
7,1,5,2,6,3

7,1,5, ss: 500
7,5,1, ss: 300
1,7,5, ss: 300
1,5,7, ss: 300
5,7,1, ss: 200
5,1,7, ss: 200


=== rcno: 4, nData: 212, year: 8, train_course: 0, model: 3 ===
4,7,1,6,11,5

4,7,1, ss: 500
4,1,7, ss: 300
7,4,1, ss: 300
7,1,4, ss: 300
1,4,7, ss: 200
1,7,4, ss: 200


=== rcno: 5, nData: 212, year: 8, train_course: 0, model: 3 ===
2,3,7,10,4,5

2,3,7, ss: 500
2,7,3, ss: 300
3,2,7, ss: 300
3,7,2, ss: 300
7,2,3, ss: 200
7,3,2, ss: 200


=== rcno: 6, nData: 212, year: 8, train_course: 0, model: 3 ===
14,13,10,11,7,4

14,13,10, ss: 500
14,10,13, ss: 300
13,14,10, ss: 300
13,10,14, ss: 300
10,14,13, ss: 200
10,13,14, ss: 200


=== rcno: 1, nData: 212, year: 8, train_course: 0, model: 4 ===
3,10,1,4,7,5

3,10,1, ss: 500
3,1,10, ss: 300
10,3,1, ss: 300
10,1,3, ss: 300
1,3,10, ss: 200
1,10,3, ss: 200


=== rcno: 2, nData: 212, year: 8, train_course: 0, model: 4 ===
9,4,1,6,2,8

9,4,1, ss: 500
9,1,4, ss: 300
4,9,1, ss: 300
4,1,9, ss: 300
1,9,4, ss: 200
1,4,9, ss: 200


=== rcno: 3, nData: 212, year: 8, train_course: 0, model: 4 ===
7,5,1,2,8,3

7,5,1, ss: 500
7,1,5, ss: 300
5,7,1, ss: 300
5,1,7, ss: 300
1,7,5, ss: 200
1,5,7, ss: 200


=== rcno: 4, nData: 212, year: 8, train_course: 0, model: 4 ===
4,7,11,6,1,2

4,7,11, ss: 500
4,11,7, ss: 300
7,4,11, ss: 300
7,11,4, ss: 300
11,4,7, ss: 200
11,7,4, ss: 200


=== rcno: 5, nData: 212, year: 8, train_course: 0, model: 4 ===
3,2,7,10,4,5

3,2,7, ss: 500
3,7,2, ss: 300
2,3,7, ss: 300
2,7,3, ss: 300
7,3,2, ss: 200
7,2,3, ss: 200


=== rcno: 6, nData: 212, year: 8, train_course: 0, model: 4 ===
14,13,10,7,4,11

14,13,10, ss: 500
14,10,13, ss: 300
13,14,10, ss: 300
13,10,14, ss: 300
10,14,13, ss: 200
10,13,14, ss: 200


=== rcno: 1, nData: 212, year: 8, train_course: 0, model: 5 ===
1,3,10,6,4,5

1,3,10, ss: 500
1,10,3, ss: 300
3,1,10, ss: 300
3,10,1, ss: 300
10,1,3, ss: 200
10,3,1, ss: 200


=== rcno: 2, nData: 212, year: 8, train_course: 0, model: 5 ===
9,1,4,6,5,8

9,1,4, ss: 500
9,4,1, ss: 300
1,9,4, ss: 300
1,4,9, ss: 300
4,9,1, ss: 200
4,1,9, ss: 200


=== rcno: 3, nData: 212, year: 8, train_course: 0, model: 5 ===
5,7,8,1,2,9

5,7,8, ss: 500
5,8,7, ss: 300
7,5,8, ss: 300
7,8,5, ss: 300
8,5,7, ss: 200
8,7,5, ss: 200


=== rcno: 4, nData: 212, year: 8, train_course: 0, model: 5 ===
4,7,11,1,6,2

4,7,11, ss: 500
4,11,7, ss: 300
7,4,11, ss: 300
7,11,4, ss: 300
11,4,7, ss: 200
11,7,4, ss: 200


=== rcno: 5, nData: 212, year: 8, train_course: 0, model: 5 ===
3,2,10,4,7,1

3,2,10, ss: 500
3,10,2, ss: 300
2,3,10, ss: 300
2,10,3, ss: 300
10,3,2, ss: 200
10,2,3, ss: 200


=== rcno: 6, nData: 212, year: 8, train_course: 0, model: 5 ===
14,13,7,8,10,11

14,13,7, ss: 500
14,7,13, ss: 300
13,14,7, ss: 300
13,7,14, ss: 300
7,14,13, ss: 200
7,13,14, ss: 200


=== rcno: 1, nData: 212, year: 8, train_course: 0, model: 6 ===
3,4,1,7,10,2

3,4,1, ss: 500
3,1,4, ss: 300
4,3,1, ss: 300
4,1,3, ss: 300
1,3,4, ss: 200
1,4,3, ss: 200


=== rcno: 2, nData: 212, year: 8, train_course: 0, model: 6 ===
9,4,8,6,1,2

9,4,8, ss: 500
9,8,4, ss: 300
4,9,8, ss: 300
4,8,9, ss: 300
8,9,4, ss: 200
8,4,9, ss: 200


=== rcno: 3, nData: 212, year: 8, train_course: 0, model: 6 ===
7,1,5,2,3,6

7,1,5, ss: 500
7,5,1, ss: 300
1,7,5, ss: 300
1,5,7, ss: 300
5,7,1, ss: 200
5,1,7, ss: 200


=== rcno: 4, nData: 212, year: 8, train_course: 0, model: 6 ===
4,7,11,6,1,5

4,7,11, ss: 500
4,11,7, ss: 300
7,4,11, ss: 300
7,11,4, ss: 300
11,4,7, ss: 200
11,7,4, ss: 200


=== rcno: 5, nData: 212, year: 8, train_course: 0, model: 6 ===
3,7,2,10,8,4

3,7,2, ss: 500
3,2,7, ss: 300
7,3,2, ss: 300
7,2,3, ss: 300
2,3,7, ss: 200
2,7,3, ss: 200


=== rcno: 6, nData: 212, year: 8, train_course: 0, model: 6 ===
14,10,13,4,11,3

14,10,13, ss: 500
14,13,10, ss: 300
10,14,13, ss: 300
10,13,14, ss: 300
13,14,10, ss: 200
13,10,14, ss: 200


=== rcno: 1, nData: 212, year: 8, train_course: 0, model: 7 ===
4,3,2,7,1,10

4,3,2, ss: 500
4,2,3, ss: 300
3,4,2, ss: 300
3,2,4, ss: 300
2,4,3, ss: 200
2,3,4, ss: 200


=== rcno: 2, nData: 212, year: 8, train_course: 0, model: 7 ===
9,4,8,2,1,5

9,4,8, ss: 500
9,8,4, ss: 300
4,9,8, ss: 300
4,8,9, ss: 300
8,9,4, ss: 200
8,4,9, ss: 200


=== rcno: 3, nData: 212, year: 8, train_course: 0, model: 7 ===
1,7,3,2,10,6

1,7,3, ss: 500
1,3,7, ss: 300
7,1,3, ss: 300
7,3,1, ss: 300
3,1,7, ss: 200
3,7,1, ss: 200


=== rcno: 4, nData: 212, year: 8, train_course: 0, model: 7 ===
5,4,1,10,6,9

5,4,1, ss: 500
5,1,4, ss: 300
4,5,1, ss: 300
4,1,5, ss: 300
1,5,4, ss: 200
1,4,5, ss: 200


=== rcno: 5, nData: 212, year: 8, train_course: 0, model: 7 ===
7,3,8,10,2,9

7,3,8, ss: 500
7,8,3, ss: 300
3,7,8, ss: 300
3,8,7, ss: 300
8,7,3, ss: 200
8,3,7, ss: 200


=== rcno: 6, nData: 212, year: 8, train_course: 0, model: 7 ===
14,10,11,13,3,7

14,10,11, ss: 500
14,11,10, ss: 300
10,14,11, ss: 300
10,11,14, ss: 300
11,14,10, ss: 200
11,10,14, ss: 200


=== rcno: 1, nData: 212, year: 8, train_course: 0, model: 8 ===
3,11,10,4,9,2

3,11,10, ss: 500
3,10,11, ss: 300
11,3,10, ss: 300
11,10,3, ss: 300
10,3,11, ss: 200
10,11,3, ss: 200


=== rcno: 2, nData: 212, year: 8, train_course: 0, model: 8 ===
9,4,6,2,3,8

9,4,6, ss: 500
9,6,4, ss: 300
4,9,6, ss: 300
4,6,9, ss: 300
6,9,4, ss: 200
6,4,9, ss: 200


=== rcno: 3, nData: 212, year: 8, train_course: 0, model: 8 ===
7,1,2,3,5,11

7,1,2, ss: 500
7,2,1, ss: 300
1,7,2, ss: 300
1,2,7, ss: 300
2,7,1, ss: 200
2,1,7, ss: 200


=== rcno: 4, nData: 212, year: 8, train_course: 0, model: 8 ===
4,6,5,7,11,1

4,6,5, ss: 500
4,5,6, ss: 300
6,4,5, ss: 300
6,5,4, ss: 300
5,4,6, ss: 200
5,6,4, ss: 200


=== rcno: 5, nData: 212, year: 8, train_course: 0, model: 8 ===
3,5,2,7,8,10

3,5,2, ss: 500
3,2,5, ss: 300
5,3,2, ss: 300
5,2,3, ss: 300
2,3,5, ss: 200
2,5,3, ss: 200


=== rcno: 6, nData: 212, year: 8, train_course: 0, model: 8 ===
14,13,10,6,2,3

14,13,10, ss: 500
14,10,13, ss: 300
13,14,10, ss: 300
13,10,14, ss: 300
10,14,13, ss: 200
10,13,14, ss: 200


=== rcno: 1, nData: 212, year: 8, train_course: 0, model: 9 ===
1,10,3,6,4,11

1,10,3, ss: 500
1,3,10, ss: 300
10,1,3, ss: 300
10,3,1, ss: 300
3,1,10, ss: 200
3,10,1, ss: 200


=== rcno: 2, nData: 212, year: 8, train_course: 0, model: 9 ===
9,1,4,6,2,7

9,1,4, ss: 500
9,4,1, ss: 300
1,9,4, ss: 300
1,4,9, ss: 300
4,9,1, ss: 200
4,1,9, ss: 200


=== rcno: 3, nData: 212, year: 8, train_course: 0, model: 9 ===
2,5,7,3,1,9

2,5,7, ss: 500
2,7,5, ss: 300
5,2,7, ss: 300
5,7,2, ss: 300
7,2,5, ss: 200
7,5,2, ss: 200


=== rcno: 4, nData: 212, year: 8, train_course: 0, model: 9 ===
4,6,1,2,7,5

4,6,1, ss: 500
4,1,6, ss: 300
6,4,1, ss: 300
6,1,4, ss: 300
1,4,6, ss: 200
1,6,4, ss: 200


=== rcno: 5, nData: 212, year: 8, train_course: 0, model: 9 ===
3,2,5,7,1,10

3,2,5, ss: 500
3,5,2, ss: 300
2,3,5, ss: 300
2,5,3, ss: 300
5,3,2, ss: 200
5,2,3, ss: 200


=== rcno: 6, nData: 212, year: 8, train_course: 0, model: 9 ===
13,14,4,10,3,6

13,14,4, ss: 500
13,4,14, ss: 300
14,13,4, ss: 300
14,4,13, ss: 300
4,13,14, ss: 200
4,14,13, ss: 200


=== rcno: 1, nData: 212, year: 8, train_course: 0, model: 10 ===
3,10,4,1,7,11

3,10,4, ss: 500
3,4,10, ss: 300
10,3,4, ss: 300
10,4,3, ss: 300
4,3,10, ss: 200
4,10,3, ss: 200


=== rcno: 2, nData: 212, year: 8, train_course: 0, model: 10 ===
9,4,1,6,8,2

9,4,1, ss: 500
9,1,4, ss: 300
4,9,1, ss: 300
4,1,9, ss: 300
1,9,4, ss: 200
1,4,9, ss: 200


=== rcno: 3, nData: 212, year: 8, train_course: 0, model: 10 ===
7,1,5,2,3,8

7,1,5, ss: 500
7,5,1, ss: 300
1,7,5, ss: 300
1,5,7, ss: 300
5,7,1, ss: 200
5,1,7, ss: 200


=== rcno: 4, nData: 212, year: 8, train_course: 0, model: 10 ===
4,6,7,1,11,5

4,6,7, ss: 500
4,7,6, ss: 300
6,4,7, ss: 300
6,7,4, ss: 300
7,4,6, ss: 200
7,6,4, ss: 200


=== rcno: 5, nData: 212, year: 8, train_course: 0, model: 10 ===
3,2,7,10,5,4

3,2,7, ss: 500
3,7,2, ss: 300
2,3,7, ss: 300
2,7,3, ss: 300
7,3,2, ss: 200
7,2,3, ss: 200


=== rcno: 6, nData: 212, year: 8, train_course: 0, model: 10 ===
14,13,10,11,4,7

14,13,10, ss: 500
14,10,13, ss: 300
13,14,10, ss: 300
13,10,14, ss: 300
10,14,13, ss: 200
10,13,14, ss: 200