

bet: 300
6,3,{12,9,1,10}
6,12,{9,1,10}
6,9,{12,1,10}
6,1,{12,9,10}
6,10,{12,9,1}
3,6,{12,9,1,10}
3,12,{9,1,10}
3,9,{12,1,10}
3,1,{12,9,10}
3,10,{12,9,1}
12,6,{9,1,10}
12,3,{9,1,10}
12,9,{1,10}
12,1,{9,10}
12,10,{9,1}
9,6,{12,1,10}
9,3,{1,10}
9,12,{1,10}
9,1,{12,10}
9,10,{12,1}

bet: 2000
9,1,10
9,10,1
1,9,10
1,10,9
10,9,1
10,1,9

bet: 2000
7,9,12
7,12,9
9,7,12
9,12,7
12,7,9
12,9,7

bet: 2000
3,10,7
3,7,10
10,3,7
10,7,3
7,3,10
7,10,3

bet: 400
6,3,{9,7,1,12}
6,9,{3,7,1,12}
6,7,{3,9,1,12}
6,1,{3,9,7,12}
3,6,{9,7,1,12}
3,9,{6,7,1,12}
3,7,{6,9,1,12}
3,1,{6,9,7,12}
9,6,{3,7,1,12}
9,3,{6,7,1,12}
9,7,{6,3,1,12}
9,1,{6,3,7,12}

bet: 2000
5,11,9
5,9,11
11,5,9
11,9,5
9,5,11
9,11,5

bet: 14000
1,6,5