

bet: 100
2,12,{6,8,1,11}
2,6,{8,1,11}
2,8,{6,1,11}
2,1,{6,8,11}
2,11,{6,8,1}
12,2,{6,8,1,11}
12,6,{8,1,11}
12,8,{6,1,11}
12,1,{6,8,11}
12,11,{6,8,1}
6,2,{8,1,11}
6,12,{8,1,11}
6,8,{1,11}
6,1,{8,11}
6,11,{8,1}
8,2,{6,1,11}
8,12,{1,11}
8,6,{1,11}
8,1,{6,11}
8,11,{6,1}

bet: 700
8,1,11
8,11,1
1,8,11
1,11,8
11,8,1
11,1,8

bet: 700
6,1,8
6,8,1
1,6,8
1,8,6
8,6,1
8,1,6

bet: 700
1,2,8
1,8,2
2,1,8
2,8,1
8,1,2
8,2,1

bet: 100
2,11,{6,8,12,3}
2,6,{11,8,12,3}
2,8,{11,6,12,3}
2,12,{11,6,8,3}
11,2,{6,8,12,3}
11,6,{2,8,12,3}
11,8,{2,6,12,3}
11,12,{2,6,8,3}
6,2,{11,8,12,3}
6,11,{2,8,12,3}
6,8,{2,11,12,3}
6,12,{2,11,8,3}

bet: 700
9,12,4
9,4,12
12,9,4
12,4,9
4,9,12
4,12,9

bet: 4000
2,12,11