


=== rcno: 1, nData: 186, year: 6, train_course: 0, model: 0 ===
12,11,10,7,2,6

12,11,10, ss: 5000
12,10,11, ss: 2000
11,12,10, ss: 2000
11,10,12, ss: 2000


=== rcno: 1, nData: 186, year: 6, train_course: 0, model: 1 ===
12,11,10,6,7,2

12,11,10, ss: 5000
12,10,11, ss: 2000
11,12,10, ss: 2000
11,10,12, ss: 2000


=== rcno: 1, nData: 186, year: 6, train_course: 0, model: 2 ===
12,11,10,2,7,6

12,11,10, ss: 5000
12,10,11, ss: 2000
11,12,10, ss: 2000
11,10,12, ss: 2000


=== rcno: 1, nData: 186, year: 6, train_course: 0, model: 3 ===
12,11,10,7,2,6

12,11,10, ss: 5000
12,10,11, ss: 2000
11,12,10, ss: 2000
11,10,12, ss: 2000


=== rcno: 1, nData: 186, year: 6, train_course: 0, model: 0 ===
12,11,10,7,2,6

12,11,10, ss: 5000
12,10,11, ss: 2000
11,12,10, ss: 2000
11,10,12, ss: 2000


=== rcno: 1, nData: 186, year: 6, train_course: 0, model: 1 ===
12,11,10,6,7,2

12,11,10, ss: 5000
12,10,11, ss: 2000
11,12,10, ss: 2000
11,10,12, ss: 2000


=== rcno: 1, nData: 186, year: 6, train_course: 0, model: 2 ===
12,11,10,2,7,6

12,11,10, ss: 5000
12,10,11, ss: 2000
11,12,10, ss: 2000
11,10,12, ss: 2000


=== rcno: 1, nData: 186, year: 6, train_course: 0, model: 3 ===
12,11,10,7,2,6

12,11,10, ss: 5000
12,10,11, ss: 2000
11,12,10, ss: 2000
11,10,12, ss: 2000


=== rcno: 1, nData: 186, year: 6, train_course: 0, model: 0 ===
12,11,10,7,2,6

12,11,10, ss: 5000
12,10,11, ss: 2000
11,12,10, ss: 2000
11,10,12, ss: 2000


=== rcno: 1, nData: 186, year: 6, train_course: 0, model: 1 ===
12,11,10,6,7,2

12,11,10, ss: 5000
12,10,11, ss: 2000
11,12,10, ss: 2000
11,10,12, ss: 2000


=== rcno: 1, nData: 186, year: 6, train_course: 0, model: 2 ===
12,11,10,2,7,6

12,11,10, ss: 5000
12,10,11, ss: 2000
11,12,10, ss: 2000
11,10,12, ss: 2000


=== rcno: 1, nData: 186, year: 6, train_course: 0, model: 3 ===
12,11,10,7,2,6

12,11,10, ss: 5000
12,10,11, ss: 2000
11,12,10, ss: 2000
11,10,12, ss: 2000


=== rcno: 1, nData: 186, year: 6, train_course: 0, model: 0 ===
12,11,10,7,2,6

12,11,10, ss: 5000
12,10,11, ss: 2000
11,12,10, ss: 2000
11,10,12, ss: 2000


=== rcno: 1, nData: 186, year: 6, train_course: 0, model: 1 ===
12,11,10,6,1,7

12,11,10, ss: 5000
12,10,11, ss: 2000
11,12,10, ss: 2000
11,10,12, ss: 2000


=== rcno: 1, nData: 186, year: 6, train_course: 0, model: 2 ===
12,11,10,7,2,9

12,11,10, ss: 5000
12,10,11, ss: 2000
11,12,10, ss: 2000
11,10,12, ss: 2000


=== rcno: 1, nData: 186, year: 6, train_course: 0, model: 3 ===
12,11,10,7,6,1

12,11,10, ss: 5000
12,10,11, ss: 2000
11,12,10, ss: 2000
11,10,12, ss: 2000


=== rcno: 1, nData: 186, year: 6, train_course: 0, model: 0 ===
12,11,10,7,2,6

12,11,10, ss: 5000
12,10,11, ss: 2000
11,12,10, ss: 2000
11,10,12, ss: 2000


=== rcno: 1, nData: 186, year: 6, train_course: 0, model: 1 ===
12,11,10,6,1,7

12,11,10, ss: 5000
12,10,11, ss: 2000
11,12,10, ss: 2000
11,10,12, ss: 2000


=== rcno: 1, nData: 186, year: 6, train_course: 0, model: 2 ===
12,11,10,7,2,9

12,11,10, ss: 5000
12,10,11, ss: 2000
11,12,10, ss: 2000
11,10,12, ss: 2000


=== rcno: 1, nData: 186, year: 6, train_course: 0, model: 3 ===
12,11,10,7,6,1

12,11,10, ss: 5000
12,10,11, ss: 2000
11,12,10, ss: 2000
11,10,12, ss: 2000


=== rcno: 1, nData: 186, year: 6, train_course: 0, model: 0 ===
12,11,10,7,2,6

12,11,10, ss: 5000
12,10,11, ss: 2000
11,12,10, ss: 2000
11,10,12, ss: 2000


=== rcno: 1, nData: 186, year: 6, train_course: 0, model: 1 ===
12,11,10,6,1,7

12,11,10, ss: 5000
12,10,11, ss: 2000
11,12,10, ss: 2000
11,10,12, ss: 2000


=== rcno: 1, nData: 186, year: 6, train_course: 0, model: 2 ===
12,11,10,7,2,9

12,11,10, ss: 5000
12,10,11, ss: 2000
11,12,10, ss: 2000
11,10,12, ss: 2000


=== rcno: 1, nData: 186, year: 6, train_course: 0, model: 3 ===
12,11,10,7,6,1

12,11,10, ss: 5000
12,10,11, ss: 2000
11,12,10, ss: 2000
11,10,12, ss: 2000