


=== rcno: 1, nData: 192, year: 8, train_course: 0, model: 0 ===
7,12,9,11,10,1,2,6


bet: 700
11,10,1, ss: 200
11,1,10, ss: 200
10,11,1, ss: 200
10,1,11, ss: 200
1,11,10, ss: 200
1,10,11, ss: 200


=== rcno: 2, nData: 192, year: 8, train_course: 0, model: 0 ===
6,4,7,2,12,8,9,10


bet: 700
2,12,8, ss: 200
2,8,12, ss: 200
12,2,8, ss: 200
12,8,2, ss: 200
8,2,12, ss: 200
8,12,2, ss: 200


=== rcno: 3, nData: 192, year: 8, train_course: 0, model: 0 ===
9,10,11,12,4,2,5,3


bet: 700
12,4,2, ss: 200
12,2,4, ss: 200
4,12,2, ss: 200
4,2,12, ss: 200
2,12,4, ss: 200
2,4,12, ss: 200


=== rcno: 4, nData: 192, year: 8, train_course: 0, model: 0 ===
4,7,11,6,10,5,1,9


bet: 700
6,10,5, ss: 200
6,5,10, ss: 200
10,6,5, ss: 200
10,5,6, ss: 200
5,6,10, ss: 200
5,10,6, ss: 200


=== rcno: 5, nData: 192, year: 8, train_course: 0, model: 0 ===
2,7,5,4,6,3,1,9


bet: 700
4,6,3, ss: 200
4,3,6, ss: 200
6,4,3, ss: 200
6,3,4, ss: 200
3,4,6, ss: 200
3,6,4, ss: 200


=== rcno: 6, nData: 192, year: 8, train_course: 0, model: 0 ===
2,11,7,3,10,9,8,5


bet: 700
3,10,9, ss: 200
3,9,10, ss: 200
10,3,9, ss: 200
10,9,3, ss: 200
9,3,10, ss: 200
9,10,3, ss: 200


=== rcno: 1, nData: 192, year: 8, train_course: 0, model: 1 ===
7,10,1,2,12,9,6,3


bet: 700
2,12,9, ss: 200
2,9,12, ss: 200
12,2,9, ss: 200
12,9,2, ss: 200
9,2,12, ss: 200
9,12,2, ss: 200


=== rcno: 2, nData: 192, year: 8, train_course: 0, model: 1 ===
6,4,2,12,10,7,8,11


bet: 700
12,10,7, ss: 200
12,7,10, ss: 200
10,12,7, ss: 200
10,7,12, ss: 200
7,12,10, ss: 200
7,10,12, ss: 200


=== rcno: 3, nData: 192, year: 8, train_course: 0, model: 1 ===
9,11,4,7,2,10,3,1


bet: 700
7,2,10, ss: 200
7,10,2, ss: 200
2,7,10, ss: 200
2,10,7, ss: 200
10,7,2, ss: 200
10,2,7, ss: 200


=== rcno: 4, nData: 192, year: 8, train_course: 0, model: 1 ===
11,5,6,7,4,1,10,2


bet: 700
7,4,1, ss: 200
7,1,4, ss: 200
4,7,1, ss: 200
4,1,7, ss: 200
1,7,4, ss: 200
1,4,7, ss: 200


=== rcno: 5, nData: 192, year: 8, train_course: 0, model: 1 ===
2,7,5,1,6,4,3,8


bet: 700
1,6,4, ss: 200
1,4,6, ss: 200
6,1,4, ss: 200
6,4,1, ss: 200
4,1,6, ss: 200
4,6,1, ss: 200


=== rcno: 6, nData: 192, year: 8, train_course: 0, model: 1 ===
10,2,7,11,5,9,12,8


bet: 700
11,5,9, ss: 200
11,9,5, ss: 200
5,11,9, ss: 200
5,9,11, ss: 200
9,11,5, ss: 200
9,5,11, ss: 200


=== rcno: 1, nData: 192, year: 8, train_course: 0, model: 2 ===
12,9,7,4,2,11,6,10


bet: 700
4,2,11, ss: 200
4,11,2, ss: 200
2,4,11, ss: 200
2,11,4, ss: 200
11,4,2, ss: 200
11,2,4, ss: 200


=== rcno: 2, nData: 192, year: 8, train_course: 0, model: 2 ===
6,7,4,2,12,1,10,8


bet: 700
2,12,1, ss: 200
2,1,12, ss: 200
12,2,1, ss: 200
12,1,2, ss: 200
1,2,12, ss: 200
1,12,2, ss: 200


=== rcno: 3, nData: 192, year: 8, train_course: 0, model: 2 ===
9,10,12,8,4,2,11,1


bet: 700
8,4,2, ss: 200
8,2,4, ss: 200
4,8,2, ss: 200
4,2,8, ss: 200
2,8,4, ss: 200
2,4,8, ss: 200


=== rcno: 4, nData: 192, year: 8, train_course: 0, model: 2 ===
10,7,11,5,6,4,8,2


bet: 700
5,6,4, ss: 200
5,4,6, ss: 200
6,5,4, ss: 200
6,4,5, ss: 200
4,5,6, ss: 200
4,6,5, ss: 200


=== rcno: 5, nData: 192, year: 8, train_course: 0, model: 2 ===
5,2,3,8,6,7,1,4


bet: 700
8,6,7, ss: 200
8,7,6, ss: 200
6,8,7, ss: 200
6,7,8, ss: 200
7,8,6, ss: 200
7,6,8, ss: 200


=== rcno: 6, nData: 192, year: 8, train_course: 0, model: 2 ===
10,2,7,9,3,11,6,12


bet: 700
9,3,11, ss: 200
9,11,3, ss: 200
3,9,11, ss: 200
3,11,9, ss: 200
11,9,3, ss: 200
11,3,9, ss: 200


=== rcno: 1, nData: 192, year: 8, train_course: 0, model: 3 ===
7,12,9,10,2,1,11,6

7,12,9, ss: 1500
12,7,9, ss: 1500
12,9,7, ss: 1500
7,9,12, ss: 1500

bet: 700
10,2,1, ss: 200
10,1,2, ss: 200
2,10,1, ss: 200
2,1,10, ss: 200
1,10,2, ss: 200
1,2,10, ss: 200


=== rcno: 2, nData: 192, year: 8, train_course: 0, model: 3 ===
6,4,7,2,12,10,8,9

6,4,7, ss: 1500
4,6,7, ss: 1500
4,7,6, ss: 1500
6,7,4, ss: 1500

bet: 700
2,12,10, ss: 200
2,10,12, ss: 200
12,2,10, ss: 200
12,10,2, ss: 200
10,2,12, ss: 200
10,12,2, ss: 200


=== rcno: 3, nData: 192, year: 8, train_course: 0, model: 3 ===
9,10,12,11,4,2,7,1

9,10,12, ss: 1500
10,9,12, ss: 1500
10,12,9, ss: 1500
9,12,10, ss: 1500

bet: 700
11,4,2, ss: 200
11,2,4, ss: 200
4,11,2, ss: 200
4,2,11, ss: 200
2,11,4, ss: 200
2,4,11, ss: 200


=== rcno: 4, nData: 192, year: 8, train_course: 0, model: 3 ===
7,11,10,4,5,6,1,2

7,11,10, ss: 1500
11,7,10, ss: 1500
11,10,7, ss: 1500
7,10,11, ss: 1500

bet: 700
4,5,6, ss: 200
4,6,5, ss: 200
5,4,6, ss: 200
5,6,4, ss: 200
6,4,5, ss: 200
6,5,4, ss: 200


=== rcno: 5, nData: 192, year: 8, train_course: 0, model: 3 ===
2,7,5,6,3,1,4,8

2,7,5, ss: 1500
7,2,5, ss: 1500
7,5,2, ss: 1500
2,5,7, ss: 1500

bet: 700
6,3,1, ss: 200
6,1,3, ss: 200
3,6,1, ss: 200
3,1,6, ss: 200
1,6,3, ss: 200
1,3,6, ss: 200


=== rcno: 6, nData: 192, year: 8, train_course: 0, model: 3 ===
10,2,7,11,3,9,5,8

10,2,7, ss: 1500
2,10,7, ss: 1500
2,7,10, ss: 1500
10,7,2, ss: 1500

bet: 700
11,3,9, ss: 200
11,9,3, ss: 200
3,11,9, ss: 200
3,9,11, ss: 200
9,11,3, ss: 200
9,3,11, ss: 200