


=== rcno: 1, nData: 192, year: 8, train_course: 0, model: 0 ===
12,7,9,10,11,1,2,6

12,7,9, ss: 300
12,9,7, ss: 300
7,12,9, ss: 300
7,9,12, ss: 300
9,12,7, ss: 300
9,7,12, ss: 300

bet: 700
10,11,1, ss: 300
10,1,11, ss: 300
11,10,1, ss: 300
11,1,10, ss: 300
1,10,11, ss: 300
1,11,10, ss: 300


=== rcno: 2, nData: 192, year: 8, train_course: 0, model: 0 ===
6,7,4,2,12,8,10,9

6,7,4, ss: 300
6,4,7, ss: 300
7,6,4, ss: 300
7,4,6, ss: 300
4,6,7, ss: 300
4,7,6, ss: 300

bet: 700
2,12,8, ss: 300
2,8,12, ss: 300
12,2,8, ss: 300
12,8,2, ss: 300
8,2,12, ss: 300
8,12,2, ss: 300


=== rcno: 3, nData: 192, year: 8, train_course: 0, model: 0 ===
9,10,11,12,4,5,2,7

9,10,11, ss: 300
9,11,10, ss: 300
10,9,11, ss: 300
10,11,9, ss: 300
11,9,10, ss: 300
11,10,9, ss: 300

bet: 700
12,4,5, ss: 300
12,5,4, ss: 300
4,12,5, ss: 300
4,5,12, ss: 300
5,12,4, ss: 300
5,4,12, ss: 300


=== rcno: 4, nData: 192, year: 8, train_course: 0, model: 0 ===
4,11,7,5,10,6,1,9

4,11,7, ss: 300
4,7,11, ss: 300
11,4,7, ss: 300
11,7,4, ss: 300
7,4,11, ss: 300
7,11,4, ss: 300

bet: 700
5,10,6, ss: 300
5,6,10, ss: 300
10,5,6, ss: 300
10,6,5, ss: 300
6,5,10, ss: 300
6,10,5, ss: 300


=== rcno: 5, nData: 192, year: 8, train_course: 0, model: 0 ===
2,7,5,4,3,6,1,8

2,7,5, ss: 300
2,5,7, ss: 300
7,2,5, ss: 300
7,5,2, ss: 300
5,2,7, ss: 300
5,7,2, ss: 300

bet: 700
4,3,6, ss: 300
4,6,3, ss: 300
3,4,6, ss: 300
3,6,4, ss: 300
6,4,3, ss: 300
6,3,4, ss: 300


=== rcno: 6, nData: 192, year: 8, train_course: 0, model: 0 ===
10,2,11,7,3,9,8,5

10,2,11, ss: 300
10,11,2, ss: 300
2,10,11, ss: 300
2,11,10, ss: 300
11,10,2, ss: 300
11,2,10, ss: 300

bet: 700
7,3,9, ss: 300
7,9,3, ss: 300
3,7,9, ss: 300
3,9,7, ss: 300
9,7,3, ss: 300
9,3,7, ss: 300


=== rcno: 1, nData: 192, year: 8, train_course: 0, model: 1 ===
7,12,10,11,1,2,9,6

7,12,10, ss: 300
7,10,12, ss: 300
12,7,10, ss: 300
12,10,7, ss: 300
10,7,12, ss: 300
10,12,7, ss: 300

bet: 700
11,1,2, ss: 300
11,2,1, ss: 300
1,11,2, ss: 300
1,2,11, ss: 300
2,11,1, ss: 300
2,1,11, ss: 300


=== rcno: 2, nData: 192, year: 8, train_course: 0, model: 1 ===
6,2,4,8,9,10,12,7

6,2,4, ss: 300
6,4,2, ss: 300
2,6,4, ss: 300
2,4,6, ss: 300
4,6,2, ss: 300
4,2,6, ss: 300

bet: 700
8,9,10, ss: 300
8,10,9, ss: 300
9,8,10, ss: 300
9,10,8, ss: 300
10,8,9, ss: 300
10,9,8, ss: 300


=== rcno: 3, nData: 192, year: 8, train_course: 0, model: 1 ===
11,10,9,5,4,2,12,7

11,10,9, ss: 300
11,9,10, ss: 300
10,11,9, ss: 300
10,9,11, ss: 300
9,11,10, ss: 300
9,10,11, ss: 300

bet: 700
5,4,2, ss: 300
5,2,4, ss: 300
4,5,2, ss: 300
4,2,5, ss: 300
2,5,4, ss: 300
2,4,5, ss: 300


=== rcno: 4, nData: 192, year: 8, train_course: 0, model: 1 ===
11,4,5,7,6,1,2,3

11,4,5, ss: 300
11,5,4, ss: 300
4,11,5, ss: 300
4,5,11, ss: 300
5,11,4, ss: 300
5,4,11, ss: 300

bet: 700
7,6,1, ss: 300
7,1,6, ss: 300
6,7,1, ss: 300
6,1,7, ss: 300
1,7,6, ss: 300
1,6,7, ss: 300


=== rcno: 5, nData: 192, year: 8, train_course: 0, model: 1 ===
7,2,5,6,3,4,1,8

7,2,5, ss: 300
7,5,2, ss: 300
2,7,5, ss: 300
2,5,7, ss: 300
5,7,2, ss: 300
5,2,7, ss: 300

bet: 700
6,3,4, ss: 300
6,4,3, ss: 300
3,6,4, ss: 300
3,4,6, ss: 300
4,6,3, ss: 300
4,3,6, ss: 300


=== rcno: 6, nData: 192, year: 8, train_course: 0, model: 1 ===
2,11,10,7,3,5,8,12

2,11,10, ss: 300
2,10,11, ss: 300
11,2,10, ss: 300
11,10,2, ss: 300
10,2,11, ss: 300
10,11,2, ss: 300

bet: 700
7,3,5, ss: 300
7,5,3, ss: 300
3,7,5, ss: 300
3,5,7, ss: 300
5,7,3, ss: 300
5,3,7, ss: 300


=== rcno: 1, nData: 192, year: 8, train_course: 0, model: 2 ===
12,9,7,4,2,11,6,10

12,9,7, ss: 300
12,7,9, ss: 300
9,12,7, ss: 300
9,7,12, ss: 300
7,12,9, ss: 300
7,9,12, ss: 300

bet: 700
4,2,11, ss: 300
4,11,2, ss: 300
2,4,11, ss: 300
2,11,4, ss: 300
11,4,2, ss: 300
11,2,4, ss: 300


=== rcno: 2, nData: 192, year: 8, train_course: 0, model: 2 ===
6,7,4,2,12,10,1,8

6,7,4, ss: 300
6,4,7, ss: 300
7,6,4, ss: 300
7,4,6, ss: 300
4,6,7, ss: 300
4,7,6, ss: 300

bet: 700
2,12,10, ss: 300
2,10,12, ss: 300
12,2,10, ss: 300
12,10,2, ss: 300
10,2,12, ss: 300
10,12,2, ss: 300


=== rcno: 3, nData: 192, year: 8, train_course: 0, model: 2 ===
9,10,12,8,2,11,4,5

9,10,12, ss: 300
9,12,10, ss: 300
10,9,12, ss: 300
10,12,9, ss: 300
12,9,10, ss: 300
12,10,9, ss: 300

bet: 700
8,2,11, ss: 300
8,11,2, ss: 300
2,8,11, ss: 300
2,11,8, ss: 300
11,8,2, ss: 300
11,2,8, ss: 300


=== rcno: 4, nData: 192, year: 8, train_course: 0, model: 2 ===
10,7,11,4,5,6,8,9

10,7,11, ss: 300
10,11,7, ss: 300
7,10,11, ss: 300
7,11,10, ss: 300
11,10,7, ss: 300
11,7,10, ss: 300

bet: 700
4,5,6, ss: 300
4,6,5, ss: 300
5,4,6, ss: 300
5,6,4, ss: 300
6,4,5, ss: 300
6,5,4, ss: 300


=== rcno: 5, nData: 192, year: 8, train_course: 0, model: 2 ===
5,3,6,2,7,8,1,4

5,3,6, ss: 300
5,6,3, ss: 300
3,5,6, ss: 300
3,6,5, ss: 300
6,5,3, ss: 300
6,3,5, ss: 300

bet: 700
2,7,8, ss: 300
2,8,7, ss: 300
7,2,8, ss: 300
7,8,2, ss: 300
8,2,7, ss: 300
8,7,2, ss: 300


=== rcno: 6, nData: 192, year: 8, train_course: 0, model: 2 ===
10,7,2,9,3,11,6,12

10,7,2, ss: 300
10,2,7, ss: 300
7,10,2, ss: 300
7,2,10, ss: 300
2,10,7, ss: 300
2,7,10, ss: 300

bet: 700
9,3,11, ss: 300
9,11,3, ss: 300
3,9,11, ss: 300
3,11,9, ss: 300
11,9,3, ss: 300
11,3,9, ss: 300


=== rcno: 1, nData: 192, year: 8, train_course: 0, model: 3 ===
12,7,9,10,11,2,1,4

12,7,9, ss: 300
12,9,7, ss: 300
7,12,9, ss: 300
7,9,12, ss: 300
9,12,7, ss: 300
9,7,12, ss: 300

bet: 700
10,11,2, ss: 300
10,2,11, ss: 300
11,10,2, ss: 300
11,2,10, ss: 300
2,10,11, ss: 300
2,11,10, ss: 300


=== rcno: 2, nData: 192, year: 8, train_course: 0, model: 3 ===
6,7,4,2,12,10,8,9

6,7,4, ss: 300
6,4,7, ss: 300
7,6,4, ss: 300
7,4,6, ss: 300
4,6,7, ss: 300
4,7,6, ss: 300

bet: 700
2,12,10, ss: 300
2,10,12, ss: 300
12,2,10, ss: 300
12,10,2, ss: 300
10,2,12, ss: 300
10,12,2, ss: 300


=== rcno: 3, nData: 192, year: 8, train_course: 0, model: 3 ===
9,10,12,11,4,2,5,7

9,10,12, ss: 300
9,12,10, ss: 300
10,9,12, ss: 300
10,12,9, ss: 300
12,9,10, ss: 300
12,10,9, ss: 300

bet: 700
11,4,2, ss: 300
11,2,4, ss: 300
4,11,2, ss: 300
4,2,11, ss: 300
2,11,4, ss: 300
2,4,11, ss: 300


=== rcno: 4, nData: 192, year: 8, train_course: 0, model: 3 ===
11,7,4,10,5,6,1,9

11,7,4, ss: 300
11,4,7, ss: 300
7,11,4, ss: 300
7,4,11, ss: 300
4,11,7, ss: 300
4,7,11, ss: 300

bet: 700
10,5,6, ss: 300
10,6,5, ss: 300
5,10,6, ss: 300
5,6,10, ss: 300
6,10,5, ss: 300
6,5,10, ss: 300


=== rcno: 5, nData: 192, year: 8, train_course: 0, model: 3 ===
2,7,5,6,3,4,1,8

2,7,5, ss: 300
2,5,7, ss: 300
7,2,5, ss: 300
7,5,2, ss: 300
5,2,7, ss: 300
5,7,2, ss: 300

bet: 700
6,3,4, ss: 300
6,4,3, ss: 300
3,6,4, ss: 300
3,4,6, ss: 300
4,6,3, ss: 300
4,3,6, ss: 300


=== rcno: 6, nData: 192, year: 8, train_course: 0, model: 3 ===
10,2,7,11,3,9,8,5

10,2,7, ss: 300
10,7,2, ss: 300
2,10,7, ss: 300
2,7,10, ss: 300
7,10,2, ss: 300
7,2,10, ss: 300

bet: 700
11,3,9, ss: 300
11,9,3, ss: 300
3,11,9, ss: 300
3,9,11, ss: 300
9,11,3, ss: 300
9,3,11, ss: 300


=== rcno: 1, nData: 192, year: 8, train_course: 0, model: 0 ===
12,7,9,1,11,10,2,6


bet: 700
1,11,10, ss: 300
1,10,11, ss: 300
11,1,10, ss: 300
11,10,1, ss: 300
10,1,11, ss: 300
10,11,1, ss: 300


=== rcno: 2, nData: 192, year: 8, train_course: 0, model: 0 ===
6,4,7,2,12,8,9,10


bet: 700
2,12,8, ss: 300
2,8,12, ss: 300
12,2,8, ss: 300
12,8,2, ss: 300
8,2,12, ss: 300
8,12,2, ss: 300


=== rcno: 3, nData: 192, year: 8, train_course: 0, model: 0 ===
9,10,12,11,4,2,5,3


bet: 700
11,4,2, ss: 300
11,2,4, ss: 300
4,11,2, ss: 300
4,2,11, ss: 300
2,11,4, ss: 300
2,4,11, ss: 300


=== rcno: 4, nData: 192, year: 8, train_course: 0, model: 0 ===
4,7,11,6,10,5,1,9


bet: 700
6,10,5, ss: 300
6,5,10, ss: 300
10,6,5, ss: 300
10,5,6, ss: 300
5,6,10, ss: 300
5,10,6, ss: 300


=== rcno: 5, nData: 192, year: 8, train_course: 0, model: 0 ===
2,7,5,4,6,3,1,9


bet: 700
4,6,3, ss: 300
4,3,6, ss: 300
6,4,3, ss: 300
6,3,4, ss: 300
3,4,6, ss: 300
3,6,4, ss: 300


=== rcno: 6, nData: 192, year: 8, train_course: 0, model: 0 ===
2,11,7,3,10,9,8,5


bet: 700
3,10,9, ss: 300
3,9,10, ss: 300
10,3,9, ss: 300
10,9,3, ss: 300
9,3,10, ss: 300
9,10,3, ss: 300


=== rcno: 1, nData: 192, year: 8, train_course: 0, model: 1 ===
7,10,1,2,12,6,9,3


bet: 700
2,12,6, ss: 300
2,6,12, ss: 300
12,2,6, ss: 300
12,6,2, ss: 300
6,2,12, ss: 300
6,12,2, ss: 300


=== rcno: 2, nData: 192, year: 8, train_course: 0, model: 1 ===
6,4,2,12,7,10,8,11


bet: 700
12,7,10, ss: 300
12,10,7, ss: 300
7,12,10, ss: 300
7,10,12, ss: 300
10,12,7, ss: 300
10,7,12, ss: 300


=== rcno: 3, nData: 192, year: 8, train_course: 0, model: 1 ===
9,4,11,7,2,10,3,1


bet: 700
7,2,10, ss: 300
7,10,2, ss: 300
2,7,10, ss: 300
2,10,7, ss: 300
10,7,2, ss: 300
10,2,7, ss: 300


=== rcno: 4, nData: 192, year: 8, train_course: 0, model: 1 ===
5,11,6,7,4,1,10,2


bet: 700
7,4,1, ss: 300
7,1,4, ss: 300
4,7,1, ss: 300
4,1,7, ss: 300
1,7,4, ss: 300
1,4,7, ss: 300


=== rcno: 5, nData: 192, year: 8, train_course: 0, model: 1 ===
2,7,5,6,1,4,3,8


bet: 700
6,1,4, ss: 300
6,4,1, ss: 300
1,6,4, ss: 300
1,4,6, ss: 300
4,6,1, ss: 300
4,1,6, ss: 300


=== rcno: 6, nData: 192, year: 8, train_course: 0, model: 1 ===
10,2,7,11,5,9,8,12


bet: 700
11,5,9, ss: 300
11,9,5, ss: 300
5,11,9, ss: 300
5,9,11, ss: 300
9,11,5, ss: 300
9,5,11, ss: 300


=== rcno: 1, nData: 192, year: 8, train_course: 0, model: 2 ===
12,9,7,2,4,6,11,10


bet: 700
2,4,6, ss: 300
2,6,4, ss: 300
4,2,6, ss: 300
4,6,2, ss: 300
6,2,4, ss: 300
6,4,2, ss: 300


=== rcno: 2, nData: 192, year: 8, train_course: 0, model: 2 ===
6,7,4,2,12,1,10,8


bet: 700
2,12,1, ss: 300
2,1,12, ss: 300
12,2,1, ss: 300
12,1,2, ss: 300
1,2,12, ss: 300
1,12,2, ss: 300


=== rcno: 3, nData: 192, year: 8, train_course: 0, model: 2 ===
9,12,10,2,8,4,11,1


bet: 700
2,8,4, ss: 300
2,4,8, ss: 300
8,2,4, ss: 300
8,4,2, ss: 300
4,2,8, ss: 300
4,8,2, ss: 300


=== rcno: 4, nData: 192, year: 8, train_course: 0, model: 2 ===
10,7,11,5,6,4,8,2


bet: 700
5,6,4, ss: 300
5,4,6, ss: 300
6,5,4, ss: 300
6,4,5, ss: 300
4,5,6, ss: 300
4,6,5, ss: 300


=== rcno: 5, nData: 192, year: 8, train_course: 0, model: 2 ===
5,2,3,8,6,7,1,4


bet: 700
8,6,7, ss: 300
8,7,6, ss: 300
6,8,7, ss: 300
6,7,8, ss: 300
7,8,6, ss: 300
7,6,8, ss: 300


=== rcno: 6, nData: 192, year: 8, train_course: 0, model: 2 ===
10,2,7,9,3,11,6,1


bet: 700
9,3,11, ss: 300
9,11,3, ss: 300
3,9,11, ss: 300
3,11,9, ss: 300
11,9,3, ss: 300
11,3,9, ss: 300


=== rcno: 1, nData: 192, year: 8, train_course: 0, model: 3 ===
7,12,9,2,10,1,6,11


bet: 700
2,10,1, ss: 300
2,1,10, ss: 300
10,2,1, ss: 300
10,1,2, ss: 300
1,2,10, ss: 300
1,10,2, ss: 300


=== rcno: 2, nData: 192, year: 8, train_course: 0, model: 3 ===
6,4,7,2,12,10,8,9


bet: 700
2,12,10, ss: 300
2,10,12, ss: 300
12,2,10, ss: 300
12,10,2, ss: 300
10,2,12, ss: 300
10,12,2, ss: 300


=== rcno: 3, nData: 192, year: 8, train_course: 0, model: 3 ===
9,10,12,11,4,2,7,1


bet: 700
11,4,2, ss: 300
11,2,4, ss: 300
4,11,2, ss: 300
4,2,11, ss: 300
2,11,4, ss: 300
2,4,11, ss: 300


=== rcno: 4, nData: 192, year: 8, train_course: 0, model: 3 ===
7,11,10,4,5,6,1,2


bet: 700
4,5,6, ss: 300
4,6,5, ss: 300
5,4,6, ss: 300
5,6,4, ss: 300
6,4,5, ss: 300
6,5,4, ss: 300


=== rcno: 5, nData: 192, year: 8, train_course: 0, model: 3 ===
2,7,5,6,3,1,4,8


bet: 700
6,3,1, ss: 300
6,1,3, ss: 300
3,6,1, ss: 300
3,1,6, ss: 300
1,6,3, ss: 300
1,3,6, ss: 300


=== rcno: 6, nData: 192, year: 8, train_course: 0, model: 3 ===
10,2,7,11,3,9,5,8


bet: 700
11,3,9, ss: 300
11,9,3, ss: 300
3,11,9, ss: 300
3,9,11, ss: 300
9,11,3, ss: 300
9,3,11, ss: 300