


=== rcno: 1, nData: 137, year: 8, train_course: 0, model: 0 ===
1,9,6,5,7,4


bet: 100
1,9,6, ss: 50
1,9,5, ss: 50
1,9,7, ss: 50
1,9,4, ss: 50
1,6,5, ss: 50
1,6,7, ss: 50
1,6,4, ss: 50
1,5,6, ss: 50
1,5,7, ss: 50
1,5,4, ss: 50
1,7,6, ss: 50
1,7,5, ss: 50
1,7,4, ss: 50
1,4,6, ss: 50
1,4,5, ss: 50
1,4,7, ss: 50
9,1,6, ss: 50
9,1,5, ss: 50
9,1,7, ss: 50
9,1,4, ss: 50
9,6,5, ss: 50
9,6,7, ss: 50
9,6,4, ss: 50
9,5,6, ss: 50
9,5,7, ss: 50
9,5,4, ss: 50
9,7,6, ss: 50
9,7,5, ss: 50
9,7,4, ss: 50
9,4,6, ss: 50
9,4,5, ss: 50
9,4,7, ss: 50
6,1,5, ss: 50
6,1,7, ss: 50
6,1,4, ss: 50
6,9,5, ss: 50
6,9,7, ss: 50
6,9,4, ss: 50
6,5,7, ss: 50
6,5,4, ss: 50
6,7,5, ss: 50
6,7,4, ss: 50
6,4,5, ss: 50
6,4,7, ss: 50
5,1,6, ss: 50
5,1,7, ss: 50
5,1,4, ss: 50
5,9,6, ss: 50
5,9,7, ss: 50
5,9,4, ss: 50
5,6,7, ss: 50
5,6,4, ss: 50
5,7,6, ss: 50
5,7,4, ss: 50
5,4,6, ss: 50
5,4,7, ss: 50


=== rcno: 2, nData: 137, year: 8, train_course: 0, model: 0 ===
4,3,7,6,5,2


bet: 100
4,3,7, ss: 50
4,3,6, ss: 50
4,3,5, ss: 50
4,3,2, ss: 50
4,7,6, ss: 50
4,7,5, ss: 50
4,7,2, ss: 50
4,6,7, ss: 50
4,6,5, ss: 50
4,6,2, ss: 50
4,5,7, ss: 50
4,5,6, ss: 50
4,5,2, ss: 50
4,2,7, ss: 50
4,2,6, ss: 50
4,2,5, ss: 50
3,4,7, ss: 50
3,4,6, ss: 50
3,4,5, ss: 50
3,4,2, ss: 50
3,7,6, ss: 50
3,7,5, ss: 50
3,7,2, ss: 50
3,6,7, ss: 50
3,6,5, ss: 50
3,6,2, ss: 50
3,5,7, ss: 50
3,5,6, ss: 50
3,5,2, ss: 50
3,2,7, ss: 50
3,2,6, ss: 50
3,2,5, ss: 50
7,4,6, ss: 50
7,4,5, ss: 50
7,4,2, ss: 50
7,3,6, ss: 50
7,3,5, ss: 50
7,3,2, ss: 50
7,6,5, ss: 50
7,6,2, ss: 50
7,5,6, ss: 50
7,5,2, ss: 50
7,2,6, ss: 50
7,2,5, ss: 50
6,4,7, ss: 50
6,4,5, ss: 50
6,4,2, ss: 50
6,3,7, ss: 50
6,3,5, ss: 50
6,3,2, ss: 50
6,7,5, ss: 50
6,7,2, ss: 50
6,5,7, ss: 50
6,5,2, ss: 50
6,2,7, ss: 50
6,2,5, ss: 50


=== rcno: 3, nData: 137, year: 8, train_course: 0, model: 0 ===
2,6,1,4,7,9


bet: 100
2,6,1, ss: 50
2,6,4, ss: 50
2,6,7, ss: 50
2,6,9, ss: 50
2,1,4, ss: 50
2,1,7, ss: 50
2,1,9, ss: 50
2,4,1, ss: 50
2,4,7, ss: 50
2,4,9, ss: 50
2,7,1, ss: 50
2,7,4, ss: 50
2,7,9, ss: 50
2,9,1, ss: 50
2,9,4, ss: 50
2,9,7, ss: 50
6,2,1, ss: 50
6,2,4, ss: 50
6,2,7, ss: 50
6,2,9, ss: 50
6,1,4, ss: 50
6,1,7, ss: 50
6,1,9, ss: 50
6,4,1, ss: 50
6,4,7, ss: 50
6,4,9, ss: 50
6,7,1, ss: 50
6,7,4, ss: 50
6,7,9, ss: 50
6,9,1, ss: 50
6,9,4, ss: 50
6,9,7, ss: 50
1,2,4, ss: 50
1,2,7, ss: 50
1,2,9, ss: 50
1,6,4, ss: 50
1,6,7, ss: 50
1,6,9, ss: 50
1,4,7, ss: 50
1,4,9, ss: 50
1,7,4, ss: 50
1,7,9, ss: 50
1,9,4, ss: 50
1,9,7, ss: 50
4,2,1, ss: 50
4,2,7, ss: 50
4,2,9, ss: 50
4,6,1, ss: 50
4,6,7, ss: 50
4,6,9, ss: 50
4,1,7, ss: 50
4,1,9, ss: 50
4,7,1, ss: 50
4,7,9, ss: 50
4,9,1, ss: 50
4,9,7, ss: 50


=== rcno: 4, nData: 137, year: 8, train_course: 0, model: 0 ===
5,6,1,2,10,7


bet: 100
5,6,1, ss: 50
5,6,2, ss: 50
5,6,10, ss: 50
5,6,7, ss: 50
5,1,2, ss: 50
5,1,10, ss: 50
5,1,7, ss: 50
5,2,1, ss: 50
5,2,10, ss: 50
5,2,7, ss: 50
5,10,1, ss: 50
5,10,2, ss: 50
5,10,7, ss: 50
5,7,1, ss: 50
5,7,2, ss: 50
5,7,10, ss: 50
6,5,1, ss: 50
6,5,2, ss: 50
6,5,10, ss: 50
6,5,7, ss: 50
6,1,2, ss: 50
6,1,10, ss: 50
6,1,7, ss: 50
6,2,1, ss: 50
6,2,10, ss: 50
6,2,7, ss: 50
6,10,1, ss: 50
6,10,2, ss: 50
6,10,7, ss: 50
6,7,1, ss: 50
6,7,2, ss: 50
6,7,10, ss: 50
1,5,2, ss: 50
1,5,10, ss: 50
1,5,7, ss: 50
1,6,2, ss: 50
1,6,10, ss: 50
1,6,7, ss: 50
1,2,10, ss: 50
1,2,7, ss: 50
1,10,2, ss: 50
1,10,7, ss: 50
1,7,2, ss: 50
1,7,10, ss: 50
2,5,1, ss: 50
2,5,10, ss: 50
2,5,7, ss: 50
2,6,1, ss: 50
2,6,10, ss: 50
2,6,7, ss: 50
2,1,10, ss: 50
2,1,7, ss: 50
2,10,1, ss: 50
2,10,7, ss: 50
2,7,1, ss: 50
2,7,10, ss: 50


=== rcno: 5, nData: 137, year: 8, train_course: 0, model: 0 ===
4,10,6,11,1,7


bet: 100
4,10,6, ss: 50
4,10,11, ss: 50
4,10,1, ss: 50
4,10,7, ss: 50
4,6,11, ss: 50
4,6,1, ss: 50
4,6,7, ss: 50
4,11,6, ss: 50
4,11,1, ss: 50
4,11,7, ss: 50
4,1,6, ss: 50
4,1,11, ss: 50
4,1,7, ss: 50
4,7,6, ss: 50
4,7,11, ss: 50
4,7,1, ss: 50
10,4,6, ss: 50
10,4,11, ss: 50
10,4,1, ss: 50
10,4,7, ss: 50
10,6,11, ss: 50
10,6,1, ss: 50
10,6,7, ss: 50
10,11,6, ss: 50
10,11,1, ss: 50
10,11,7, ss: 50
10,1,6, ss: 50
10,1,11, ss: 50
10,1,7, ss: 50
10,7,6, ss: 50
10,7,11, ss: 50
10,7,1, ss: 50
6,4,11, ss: 50
6,4,1, ss: 50
6,4,7, ss: 50
6,10,11, ss: 50
6,10,1, ss: 50
6,10,7, ss: 50
6,11,1, ss: 50
6,11,7, ss: 50
6,1,11, ss: 50
6,1,7, ss: 50
6,7,11, ss: 50
6,7,1, ss: 50
11,4,6, ss: 50
11,4,1, ss: 50
11,4,7, ss: 50
11,10,6, ss: 50
11,10,1, ss: 50
11,10,7, ss: 50
11,6,1, ss: 50
11,6,7, ss: 50
11,1,6, ss: 50
11,1,7, ss: 50
11,7,6, ss: 50
11,7,1, ss: 50


=== rcno: 6, nData: 137, year: 8, train_course: 0, model: 0 ===
2,3,7,9,5,6


bet: 100
2,3,7, ss: 50
2,3,9, ss: 50
2,3,5, ss: 50
2,3,6, ss: 50
2,7,9, ss: 50
2,7,5, ss: 50
2,7,6, ss: 50
2,9,7, ss: 50
2,9,5, ss: 50
2,9,6, ss: 50
2,5,7, ss: 50
2,5,9, ss: 50
2,5,6, ss: 50
2,6,7, ss: 50
2,6,9, ss: 50
2,6,5, ss: 50
3,2,7, ss: 50
3,2,9, ss: 50
3,2,5, ss: 50
3,2,6, ss: 50
3,7,9, ss: 50
3,7,5, ss: 50
3,7,6, ss: 50
3,9,7, ss: 50
3,9,5, ss: 50
3,9,6, ss: 50
3,5,7, ss: 50
3,5,9, ss: 50
3,5,6, ss: 50
3,6,7, ss: 50
3,6,9, ss: 50
3,6,5, ss: 50
7,2,9, ss: 50
7,2,5, ss: 50
7,2,6, ss: 50
7,3,9, ss: 50
7,3,5, ss: 50
7,3,6, ss: 50
7,9,5, ss: 50
7,9,6, ss: 50
7,5,9, ss: 50
7,5,6, ss: 50
7,6,9, ss: 50
7,6,5, ss: 50
9,2,7, ss: 50
9,2,5, ss: 50
9,2,6, ss: 50
9,3,7, ss: 50
9,3,5, ss: 50
9,3,6, ss: 50
9,7,5, ss: 50
9,7,6, ss: 50
9,5,7, ss: 50
9,5,6, ss: 50
9,6,7, ss: 50
9,6,5, ss: 50


=== rcno: 7, nData: 137, year: 8, train_course: 0, model: 0 ===
6,4,7,8,5,3


bet: 100
6,4,7, ss: 50
6,4,8, ss: 50
6,4,5, ss: 50
6,4,3, ss: 50
6,7,8, ss: 50
6,7,5, ss: 50
6,7,3, ss: 50
6,8,7, ss: 50
6,8,5, ss: 50
6,8,3, ss: 50
6,5,7, ss: 50
6,5,8, ss: 50
6,5,3, ss: 50
6,3,7, ss: 50
6,3,8, ss: 50
6,3,5, ss: 50
4,6,7, ss: 50
4,6,8, ss: 50
4,6,5, ss: 50
4,6,3, ss: 50
4,7,8, ss: 50
4,7,5, ss: 50
4,7,3, ss: 50
4,8,7, ss: 50
4,8,5, ss: 50
4,8,3, ss: 50
4,5,7, ss: 50
4,5,8, ss: 50
4,5,3, ss: 50
4,3,7, ss: 50
4,3,8, ss: 50
4,3,5, ss: 50
7,6,8, ss: 50
7,6,5, ss: 50
7,6,3, ss: 50
7,4,8, ss: 50
7,4,5, ss: 50
7,4,3, ss: 50
7,8,5, ss: 50
7,8,3, ss: 50
7,5,8, ss: 50
7,5,3, ss: 50
7,3,8, ss: 50
7,3,5, ss: 50
8,6,7, ss: 50
8,6,5, ss: 50
8,6,3, ss: 50
8,4,7, ss: 50
8,4,5, ss: 50
8,4,3, ss: 50
8,7,5, ss: 50
8,7,3, ss: 50
8,5,7, ss: 50
8,5,3, ss: 50
8,3,7, ss: 50
8,3,5, ss: 50


=== rcno: 8, nData: 137, year: 8, train_course: 0, model: 0 ===
5,7,1,9,10,8


bet: 100
5,7,1, ss: 50
5,7,9, ss: 50
5,7,10, ss: 50
5,7,8, ss: 50
5,1,9, ss: 50
5,1,10, ss: 50
5,1,8, ss: 50
5,9,1, ss: 50
5,9,10, ss: 50
5,9,8, ss: 50
5,10,1, ss: 50
5,10,9, ss: 50
5,10,8, ss: 50
5,8,1, ss: 50
5,8,9, ss: 50
5,8,10, ss: 50
7,5,1, ss: 50
7,5,9, ss: 50
7,5,10, ss: 50
7,5,8, ss: 50
7,1,9, ss: 50
7,1,10, ss: 50
7,1,8, ss: 50
7,9,1, ss: 50
7,9,10, ss: 50
7,9,8, ss: 50
7,10,1, ss: 50
7,10,9, ss: 50
7,10,8, ss: 50
7,8,1, ss: 50
7,8,9, ss: 50
7,8,10, ss: 50
1,5,9, ss: 50
1,5,10, ss: 50
1,5,8, ss: 50
1,7,9, ss: 50
1,7,10, ss: 50
1,7,8, ss: 50
1,9,10, ss: 50
1,9,8, ss: 50
1,10,9, ss: 50
1,10,8, ss: 50
1,8,9, ss: 50
1,8,10, ss: 50
9,5,1, ss: 50
9,5,10, ss: 50
9,5,8, ss: 50
9,7,1, ss: 50
9,7,10, ss: 50
9,7,8, ss: 50
9,1,10, ss: 50
9,1,8, ss: 50
9,10,1, ss: 50
9,10,8, ss: 50
9,8,1, ss: 50
9,8,10, ss: 50


=== rcno: 9, nData: 137, year: 8, train_course: 0, model: 0 ===
2,9,6,1,3,4


bet: 100
2,9,6, ss: 50
2,9,1, ss: 50
2,9,3, ss: 50
2,9,4, ss: 50
2,6,1, ss: 50
2,6,3, ss: 50
2,6,4, ss: 50
2,1,6, ss: 50
2,1,3, ss: 50
2,1,4, ss: 50
2,3,6, ss: 50
2,3,1, ss: 50
2,3,4, ss: 50
2,4,6, ss: 50
2,4,1, ss: 50
2,4,3, ss: 50
9,2,6, ss: 50
9,2,1, ss: 50
9,2,3, ss: 50
9,2,4, ss: 50
9,6,1, ss: 50
9,6,3, ss: 50
9,6,4, ss: 50
9,1,6, ss: 50
9,1,3, ss: 50
9,1,4, ss: 50
9,3,6, ss: 50
9,3,1, ss: 50
9,3,4, ss: 50
9,4,6, ss: 50
9,4,1, ss: 50
9,4,3, ss: 50
6,2,1, ss: 50
6,2,3, ss: 50
6,2,4, ss: 50
6,9,1, ss: 50
6,9,3, ss: 50
6,9,4, ss: 50
6,1,3, ss: 50
6,1,4, ss: 50
6,3,1, ss: 50
6,3,4, ss: 50
6,4,1, ss: 50
6,4,3, ss: 50
1,2,6, ss: 50
1,2,3, ss: 50
1,2,4, ss: 50
1,9,6, ss: 50
1,9,3, ss: 50
1,9,4, ss: 50
1,6,3, ss: 50
1,6,4, ss: 50
1,3,6, ss: 50
1,3,4, ss: 50
1,4,6, ss: 50
1,4,3, ss: 50


=== rcno: 1, nData: 137, year: 8, train_course: 0, model: 1 ===
1,5,4,9,7,3


bet: 100
1,5,4, ss: 50
1,5,9, ss: 50
1,5,7, ss: 50
1,5,3, ss: 50
1,4,9, ss: 50
1,4,7, ss: 50
1,4,3, ss: 50
1,9,4, ss: 50
1,9,7, ss: 50
1,9,3, ss: 50
1,7,4, ss: 50
1,7,9, ss: 50
1,7,3, ss: 50
1,3,4, ss: 50
1,3,9, ss: 50
1,3,7, ss: 50
5,1,4, ss: 50
5,1,9, ss: 50
5,1,7, ss: 50
5,1,3, ss: 50
5,4,9, ss: 50
5,4,7, ss: 50
5,4,3, ss: 50
5,9,4, ss: 50
5,9,7, ss: 50
5,9,3, ss: 50
5,7,4, ss: 50
5,7,9, ss: 50
5,7,3, ss: 50
5,3,4, ss: 50
5,3,9, ss: 50
5,3,7, ss: 50
4,1,9, ss: 50
4,1,7, ss: 50
4,1,3, ss: 50
4,5,9, ss: 50
4,5,7, ss: 50
4,5,3, ss: 50
4,9,7, ss: 50
4,9,3, ss: 50
4,7,9, ss: 50
4,7,3, ss: 50
4,3,9, ss: 50
4,3,7, ss: 50
9,1,4, ss: 50
9,1,7, ss: 50
9,1,3, ss: 50
9,5,4, ss: 50
9,5,7, ss: 50
9,5,3, ss: 50
9,4,7, ss: 50
9,4,3, ss: 50
9,7,4, ss: 50
9,7,3, ss: 50
9,3,4, ss: 50
9,3,7, ss: 50


=== rcno: 2, nData: 137, year: 8, train_course: 0, model: 1 ===
4,3,7,5,2,9


bet: 100
4,3,7, ss: 50
4,3,5, ss: 50
4,3,2, ss: 50
4,3,9, ss: 50
4,7,5, ss: 50
4,7,2, ss: 50
4,7,9, ss: 50
4,5,7, ss: 50
4,5,2, ss: 50
4,5,9, ss: 50
4,2,7, ss: 50
4,2,5, ss: 50
4,2,9, ss: 50
4,9,7, ss: 50
4,9,5, ss: 50
4,9,2, ss: 50
3,4,7, ss: 50
3,4,5, ss: 50
3,4,2, ss: 50
3,4,9, ss: 50
3,7,5, ss: 50
3,7,2, ss: 50
3,7,9, ss: 50
3,5,7, ss: 50
3,5,2, ss: 50
3,5,9, ss: 50
3,2,7, ss: 50
3,2,5, ss: 50
3,2,9, ss: 50
3,9,7, ss: 50
3,9,5, ss: 50
3,9,2, ss: 50
7,4,5, ss: 50
7,4,2, ss: 50
7,4,9, ss: 50
7,3,5, ss: 50
7,3,2, ss: 50
7,3,9, ss: 50
7,5,2, ss: 50
7,5,9, ss: 50
7,2,5, ss: 50
7,2,9, ss: 50
7,9,5, ss: 50
7,9,2, ss: 50
5,4,7, ss: 50
5,4,2, ss: 50
5,4,9, ss: 50
5,3,7, ss: 50
5,3,2, ss: 50
5,3,9, ss: 50
5,7,2, ss: 50
5,7,9, ss: 50
5,2,7, ss: 50
5,2,9, ss: 50
5,9,7, ss: 50
5,9,2, ss: 50


=== rcno: 3, nData: 137, year: 8, train_course: 0, model: 1 ===
2,1,6,7,3,4


bet: 100
2,1,6, ss: 50
2,1,7, ss: 50
2,1,3, ss: 50
2,1,4, ss: 50
2,6,7, ss: 50
2,6,3, ss: 50
2,6,4, ss: 50
2,7,6, ss: 50
2,7,3, ss: 50
2,7,4, ss: 50
2,3,6, ss: 50
2,3,7, ss: 50
2,3,4, ss: 50
2,4,6, ss: 50
2,4,7, ss: 50
2,4,3, ss: 50
1,2,6, ss: 50
1,2,7, ss: 50
1,2,3, ss: 50
1,2,4, ss: 50
1,6,7, ss: 50
1,6,3, ss: 50
1,6,4, ss: 50
1,7,6, ss: 50
1,7,3, ss: 50
1,7,4, ss: 50
1,3,6, ss: 50
1,3,7, ss: 50
1,3,4, ss: 50
1,4,6, ss: 50
1,4,7, ss: 50
1,4,3, ss: 50
6,2,7, ss: 50
6,2,3, ss: 50
6,2,4, ss: 50
6,1,7, ss: 50
6,1,3, ss: 50
6,1,4, ss: 50
6,7,3, ss: 50
6,7,4, ss: 50
6,3,7, ss: 50
6,3,4, ss: 50
6,4,7, ss: 50
6,4,3, ss: 50
7,2,6, ss: 50
7,2,3, ss: 50
7,2,4, ss: 50
7,1,6, ss: 50
7,1,3, ss: 50
7,1,4, ss: 50
7,6,3, ss: 50
7,6,4, ss: 50
7,3,6, ss: 50
7,3,4, ss: 50
7,4,6, ss: 50
7,4,3, ss: 50


=== rcno: 4, nData: 137, year: 8, train_course: 0, model: 1 ===
7,12,5,9,6,11


bet: 100
7,12,5, ss: 50
7,12,9, ss: 50
7,12,6, ss: 50
7,12,11, ss: 50
7,5,9, ss: 50
7,5,6, ss: 50
7,5,11, ss: 50
7,9,5, ss: 50
7,9,6, ss: 50
7,9,11, ss: 50
7,6,5, ss: 50
7,6,9, ss: 50
7,6,11, ss: 50
7,11,5, ss: 50
7,11,9, ss: 50
7,11,6, ss: 50
12,7,5, ss: 50
12,7,9, ss: 50
12,7,6, ss: 50
12,7,11, ss: 50
12,5,9, ss: 50
12,5,6, ss: 50
12,5,11, ss: 50
12,9,5, ss: 50
12,9,6, ss: 50
12,9,11, ss: 50
12,6,5, ss: 50
12,6,9, ss: 50
12,6,11, ss: 50
12,11,5, ss: 50
12,11,9, ss: 50
12,11,6, ss: 50
5,7,9, ss: 50
5,7,6, ss: 50
5,7,11, ss: 50
5,12,9, ss: 50
5,12,6, ss: 50
5,12,11, ss: 50
5,9,6, ss: 50
5,9,11, ss: 50
5,6,9, ss: 50
5,6,11, ss: 50
5,11,9, ss: 50
5,11,6, ss: 50
9,7,5, ss: 50
9,7,6, ss: 50
9,7,11, ss: 50
9,12,5, ss: 50
9,12,6, ss: 50
9,12,11, ss: 50
9,5,6, ss: 50
9,5,11, ss: 50
9,6,5, ss: 50
9,6,11, ss: 50
9,11,5, ss: 50
9,11,6, ss: 50


=== rcno: 5, nData: 137, year: 8, train_course: 0, model: 1 ===
4,10,1,6,7,5


bet: 100
4,10,1, ss: 50
4,10,6, ss: 50
4,10,7, ss: 50
4,10,5, ss: 50
4,1,6, ss: 50
4,1,7, ss: 50
4,1,5, ss: 50
4,6,1, ss: 50
4,6,7, ss: 50
4,6,5, ss: 50
4,7,1, ss: 50
4,7,6, ss: 50
4,7,5, ss: 50
4,5,1, ss: 50
4,5,6, ss: 50
4,5,7, ss: 50
10,4,1, ss: 50
10,4,6, ss: 50
10,4,7, ss: 50
10,4,5, ss: 50
10,1,6, ss: 50
10,1,7, ss: 50
10,1,5, ss: 50
10,6,1, ss: 50
10,6,7, ss: 50
10,6,5, ss: 50
10,7,1, ss: 50
10,7,6, ss: 50
10,7,5, ss: 50
10,5,1, ss: 50
10,5,6, ss: 50
10,5,7, ss: 50
1,4,6, ss: 50
1,4,7, ss: 50
1,4,5, ss: 50
1,10,6, ss: 50
1,10,7, ss: 50
1,10,5, ss: 50
1,6,7, ss: 50
1,6,5, ss: 50
1,7,6, ss: 50
1,7,5, ss: 50
1,5,6, ss: 50
1,5,7, ss: 50
6,4,1, ss: 50
6,4,7, ss: 50
6,4,5, ss: 50
6,10,1, ss: 50
6,10,7, ss: 50
6,10,5, ss: 50
6,1,7, ss: 50
6,1,5, ss: 50
6,7,1, ss: 50
6,7,5, ss: 50
6,5,1, ss: 50
6,5,7, ss: 50


=== rcno: 6, nData: 137, year: 8, train_course: 0, model: 1 ===
2,9,3,7,5,10


bet: 100
2,9,3, ss: 50
2,9,7, ss: 50
2,9,5, ss: 50
2,9,10, ss: 50
2,3,7, ss: 50
2,3,5, ss: 50
2,3,10, ss: 50
2,7,3, ss: 50
2,7,5, ss: 50
2,7,10, ss: 50
2,5,3, ss: 50
2,5,7, ss: 50
2,5,10, ss: 50
2,10,3, ss: 50
2,10,7, ss: 50
2,10,5, ss: 50
9,2,3, ss: 50
9,2,7, ss: 50
9,2,5, ss: 50
9,2,10, ss: 50
9,3,7, ss: 50
9,3,5, ss: 50
9,3,10, ss: 50
9,7,3, ss: 50
9,7,5, ss: 50
9,7,10, ss: 50
9,5,3, ss: 50
9,5,7, ss: 50
9,5,10, ss: 50
9,10,3, ss: 50
9,10,7, ss: 50
9,10,5, ss: 50
3,2,7, ss: 50
3,2,5, ss: 50
3,2,10, ss: 50
3,9,7, ss: 50
3,9,5, ss: 50
3,9,10, ss: 50
3,7,5, ss: 50
3,7,10, ss: 50
3,5,7, ss: 50
3,5,10, ss: 50
3,10,7, ss: 50
3,10,5, ss: 50
7,2,3, ss: 50
7,2,5, ss: 50
7,2,10, ss: 50
7,9,3, ss: 50
7,9,5, ss: 50
7,9,10, ss: 50
7,3,5, ss: 50
7,3,10, ss: 50
7,5,3, ss: 50
7,5,10, ss: 50
7,10,3, ss: 50
7,10,5, ss: 50


=== rcno: 7, nData: 137, year: 8, train_course: 0, model: 1 ===
4,6,7,8,5,2


bet: 100
4,6,7, ss: 50
4,6,8, ss: 50
4,6,5, ss: 50
4,6,2, ss: 50
4,7,8, ss: 50
4,7,5, ss: 50
4,7,2, ss: 50
4,8,7, ss: 50
4,8,5, ss: 50
4,8,2, ss: 50
4,5,7, ss: 50
4,5,8, ss: 50
4,5,2, ss: 50
4,2,7, ss: 50
4,2,8, ss: 50
4,2,5, ss: 50
6,4,7, ss: 50
6,4,8, ss: 50
6,4,5, ss: 50
6,4,2, ss: 50
6,7,8, ss: 50
6,7,5, ss: 50
6,7,2, ss: 50
6,8,7, ss: 50
6,8,5, ss: 50
6,8,2, ss: 50
6,5,7, ss: 50
6,5,8, ss: 50
6,5,2, ss: 50
6,2,7, ss: 50
6,2,8, ss: 50
6,2,5, ss: 50
7,4,8, ss: 50
7,4,5, ss: 50
7,4,2, ss: 50
7,6,8, ss: 50
7,6,5, ss: 50
7,6,2, ss: 50
7,8,5, ss: 50
7,8,2, ss: 50
7,5,8, ss: 50
7,5,2, ss: 50
7,2,8, ss: 50
7,2,5, ss: 50
8,4,7, ss: 50
8,4,5, ss: 50
8,4,2, ss: 50
8,6,7, ss: 50
8,6,5, ss: 50
8,6,2, ss: 50
8,7,5, ss: 50
8,7,2, ss: 50
8,5,7, ss: 50
8,5,2, ss: 50
8,2,7, ss: 50
8,2,5, ss: 50


=== rcno: 8, nData: 137, year: 8, train_course: 0, model: 1 ===
9,5,1,8,7,2


bet: 100
9,5,1, ss: 50
9,5,8, ss: 50
9,5,7, ss: 50
9,5,2, ss: 50
9,1,8, ss: 50
9,1,7, ss: 50
9,1,2, ss: 50
9,8,1, ss: 50
9,8,7, ss: 50
9,8,2, ss: 50
9,7,1, ss: 50
9,7,8, ss: 50
9,7,2, ss: 50
9,2,1, ss: 50
9,2,8, ss: 50
9,2,7, ss: 50
5,9,1, ss: 50
5,9,8, ss: 50
5,9,7, ss: 50
5,9,2, ss: 50
5,1,8, ss: 50
5,1,7, ss: 50
5,1,2, ss: 50
5,8,1, ss: 50
5,8,7, ss: 50
5,8,2, ss: 50
5,7,1, ss: 50
5,7,8, ss: 50
5,7,2, ss: 50
5,2,1, ss: 50
5,2,8, ss: 50
5,2,7, ss: 50
1,9,8, ss: 50
1,9,7, ss: 50
1,9,2, ss: 50
1,5,8, ss: 50
1,5,7, ss: 50
1,5,2, ss: 50
1,8,7, ss: 50
1,8,2, ss: 50
1,7,8, ss: 50
1,7,2, ss: 50
1,2,8, ss: 50
1,2,7, ss: 50
8,9,1, ss: 50
8,9,7, ss: 50
8,9,2, ss: 50
8,5,1, ss: 50
8,5,7, ss: 50
8,5,2, ss: 50
8,1,7, ss: 50
8,1,2, ss: 50
8,7,1, ss: 50
8,7,2, ss: 50
8,2,1, ss: 50
8,2,7, ss: 50


=== rcno: 9, nData: 137, year: 8, train_course: 0, model: 1 ===
2,6,9,10,3,1


bet: 100
2,6,9, ss: 50
2,6,10, ss: 50
2,6,3, ss: 50
2,6,1, ss: 50
2,9,10, ss: 50
2,9,3, ss: 50
2,9,1, ss: 50
2,10,9, ss: 50
2,10,3, ss: 50
2,10,1, ss: 50
2,3,9, ss: 50
2,3,10, ss: 50
2,3,1, ss: 50
2,1,9, ss: 50
2,1,10, ss: 50
2,1,3, ss: 50
6,2,9, ss: 50
6,2,10, ss: 50
6,2,3, ss: 50
6,2,1, ss: 50
6,9,10, ss: 50
6,9,3, ss: 50
6,9,1, ss: 50
6,10,9, ss: 50
6,10,3, ss: 50
6,10,1, ss: 50
6,3,9, ss: 50
6,3,10, ss: 50
6,3,1, ss: 50
6,1,9, ss: 50
6,1,10, ss: 50
6,1,3, ss: 50
9,2,10, ss: 50
9,2,3, ss: 50
9,2,1, ss: 50
9,6,10, ss: 50
9,6,3, ss: 50
9,6,1, ss: 50
9,10,3, ss: 50
9,10,1, ss: 50
9,3,10, ss: 50
9,3,1, ss: 50
9,1,10, ss: 50
9,1,3, ss: 50
10,2,9, ss: 50
10,2,3, ss: 50
10,2,1, ss: 50
10,6,9, ss: 50
10,6,3, ss: 50
10,6,1, ss: 50
10,9,3, ss: 50
10,9,1, ss: 50
10,3,9, ss: 50
10,3,1, ss: 50
10,1,9, ss: 50
10,1,3, ss: 50


=== rcno: 1, nData: 137, year: 8, train_course: 0, model: 2 ===
5,1,9,7,4,8


bet: 100
5,1,9, ss: 50
5,1,7, ss: 50
5,1,4, ss: 50
5,1,8, ss: 50
5,9,7, ss: 50
5,9,4, ss: 50
5,9,8, ss: 50
5,7,9, ss: 50
5,7,4, ss: 50
5,7,8, ss: 50
5,4,9, ss: 50
5,4,7, ss: 50
5,4,8, ss: 50
5,8,9, ss: 50
5,8,7, ss: 50
5,8,4, ss: 50
1,5,9, ss: 50
1,5,7, ss: 50
1,5,4, ss: 50
1,5,8, ss: 50
1,9,7, ss: 50
1,9,4, ss: 50
1,9,8, ss: 50
1,7,9, ss: 50
1,7,4, ss: 50
1,7,8, ss: 50
1,4,9, ss: 50
1,4,7, ss: 50
1,4,8, ss: 50
1,8,9, ss: 50
1,8,7, ss: 50
1,8,4, ss: 50
9,5,7, ss: 50
9,5,4, ss: 50
9,5,8, ss: 50
9,1,7, ss: 50
9,1,4, ss: 50
9,1,8, ss: 50
9,7,4, ss: 50
9,7,8, ss: 50
9,4,7, ss: 50
9,4,8, ss: 50
9,8,7, ss: 50
9,8,4, ss: 50
7,5,9, ss: 50
7,5,4, ss: 50
7,5,8, ss: 50
7,1,9, ss: 50
7,1,4, ss: 50
7,1,8, ss: 50
7,9,4, ss: 50
7,9,8, ss: 50
7,4,9, ss: 50
7,4,8, ss: 50
7,8,9, ss: 50
7,8,4, ss: 50


=== rcno: 2, nData: 137, year: 8, train_course: 0, model: 2 ===
4,3,2,7,5,6


bet: 100
4,3,2, ss: 50
4,3,7, ss: 50
4,3,5, ss: 50
4,3,6, ss: 50
4,2,7, ss: 50
4,2,5, ss: 50
4,2,6, ss: 50
4,7,2, ss: 50
4,7,5, ss: 50
4,7,6, ss: 50
4,5,2, ss: 50
4,5,7, ss: 50
4,5,6, ss: 50
4,6,2, ss: 50
4,6,7, ss: 50
4,6,5, ss: 50
3,4,2, ss: 50
3,4,7, ss: 50
3,4,5, ss: 50
3,4,6, ss: 50
3,2,7, ss: 50
3,2,5, ss: 50
3,2,6, ss: 50
3,7,2, ss: 50
3,7,5, ss: 50
3,7,6, ss: 50
3,5,2, ss: 50
3,5,7, ss: 50
3,5,6, ss: 50
3,6,2, ss: 50
3,6,7, ss: 50
3,6,5, ss: 50
2,4,7, ss: 50
2,4,5, ss: 50
2,4,6, ss: 50
2,3,7, ss: 50
2,3,5, ss: 50
2,3,6, ss: 50
2,7,5, ss: 50
2,7,6, ss: 50
2,5,7, ss: 50
2,5,6, ss: 50
2,6,7, ss: 50
2,6,5, ss: 50
7,4,2, ss: 50
7,4,5, ss: 50
7,4,6, ss: 50
7,3,2, ss: 50
7,3,5, ss: 50
7,3,6, ss: 50
7,2,5, ss: 50
7,2,6, ss: 50
7,5,2, ss: 50
7,5,6, ss: 50
7,6,2, ss: 50
7,6,5, ss: 50


=== rcno: 3, nData: 137, year: 8, train_course: 0, model: 2 ===
2,6,3,1,7,4


bet: 100
2,6,3, ss: 50
2,6,1, ss: 50
2,6,7, ss: 50
2,6,4, ss: 50
2,3,1, ss: 50
2,3,7, ss: 50
2,3,4, ss: 50
2,1,3, ss: 50
2,1,7, ss: 50
2,1,4, ss: 50
2,7,3, ss: 50
2,7,1, ss: 50
2,7,4, ss: 50
2,4,3, ss: 50
2,4,1, ss: 50
2,4,7, ss: 50
6,2,3, ss: 50
6,2,1, ss: 50
6,2,7, ss: 50
6,2,4, ss: 50
6,3,1, ss: 50
6,3,7, ss: 50
6,3,4, ss: 50
6,1,3, ss: 50
6,1,7, ss: 50
6,1,4, ss: 50
6,7,3, ss: 50
6,7,1, ss: 50
6,7,4, ss: 50
6,4,3, ss: 50
6,4,1, ss: 50
6,4,7, ss: 50
3,2,1, ss: 50
3,2,7, ss: 50
3,2,4, ss: 50
3,6,1, ss: 50
3,6,7, ss: 50
3,6,4, ss: 50
3,1,7, ss: 50
3,1,4, ss: 50
3,7,1, ss: 50
3,7,4, ss: 50
3,4,1, ss: 50
3,4,7, ss: 50
1,2,3, ss: 50
1,2,7, ss: 50
1,2,4, ss: 50
1,6,3, ss: 50
1,6,7, ss: 50
1,6,4, ss: 50
1,3,7, ss: 50
1,3,4, ss: 50
1,7,3, ss: 50
1,7,4, ss: 50
1,4,3, ss: 50
1,4,7, ss: 50


=== rcno: 4, nData: 137, year: 8, train_course: 0, model: 2 ===
12,11,7,5,6,9


bet: 100
12,11,7, ss: 50
12,11,5, ss: 50
12,11,6, ss: 50
12,11,9, ss: 50
12,7,5, ss: 50
12,7,6, ss: 50
12,7,9, ss: 50
12,5,7, ss: 50
12,5,6, ss: 50
12,5,9, ss: 50
12,6,7, ss: 50
12,6,5, ss: 50
12,6,9, ss: 50
12,9,7, ss: 50
12,9,5, ss: 50
12,9,6, ss: 50
11,12,7, ss: 50
11,12,5, ss: 50
11,12,6, ss: 50
11,12,9, ss: 50
11,7,5, ss: 50
11,7,6, ss: 50
11,7,9, ss: 50
11,5,7, ss: 50
11,5,6, ss: 50
11,5,9, ss: 50
11,6,7, ss: 50
11,6,5, ss: 50
11,6,9, ss: 50
11,9,7, ss: 50
11,9,5, ss: 50
11,9,6, ss: 50
7,12,5, ss: 50
7,12,6, ss: 50
7,12,9, ss: 50
7,11,5, ss: 50
7,11,6, ss: 50
7,11,9, ss: 50
7,5,6, ss: 50
7,5,9, ss: 50
7,6,5, ss: 50
7,6,9, ss: 50
7,9,5, ss: 50
7,9,6, ss: 50
5,12,7, ss: 50
5,12,6, ss: 50
5,12,9, ss: 50
5,11,7, ss: 50
5,11,6, ss: 50
5,11,9, ss: 50
5,7,6, ss: 50
5,7,9, ss: 50
5,6,7, ss: 50
5,6,9, ss: 50
5,9,7, ss: 50
5,9,6, ss: 50


=== rcno: 5, nData: 137, year: 8, train_course: 0, model: 2 ===
10,6,8,4,1,11


bet: 100
10,6,8, ss: 50
10,6,4, ss: 50
10,6,1, ss: 50
10,6,11, ss: 50
10,8,4, ss: 50
10,8,1, ss: 50
10,8,11, ss: 50
10,4,8, ss: 50
10,4,1, ss: 50
10,4,11, ss: 50
10,1,8, ss: 50
10,1,4, ss: 50
10,1,11, ss: 50
10,11,8, ss: 50
10,11,4, ss: 50
10,11,1, ss: 50
6,10,8, ss: 50
6,10,4, ss: 50
6,10,1, ss: 50
6,10,11, ss: 50
6,8,4, ss: 50
6,8,1, ss: 50
6,8,11, ss: 50
6,4,8, ss: 50
6,4,1, ss: 50
6,4,11, ss: 50
6,1,8, ss: 50
6,1,4, ss: 50
6,1,11, ss: 50
6,11,8, ss: 50
6,11,4, ss: 50
6,11,1, ss: 50
8,10,4, ss: 50
8,10,1, ss: 50
8,10,11, ss: 50
8,6,4, ss: 50
8,6,1, ss: 50
8,6,11, ss: 50
8,4,1, ss: 50
8,4,11, ss: 50
8,1,4, ss: 50
8,1,11, ss: 50
8,11,4, ss: 50
8,11,1, ss: 50
4,10,8, ss: 50
4,10,1, ss: 50
4,10,11, ss: 50
4,6,8, ss: 50
4,6,1, ss: 50
4,6,11, ss: 50
4,8,1, ss: 50
4,8,11, ss: 50
4,1,8, ss: 50
4,1,11, ss: 50
4,11,8, ss: 50
4,11,1, ss: 50


=== rcno: 6, nData: 137, year: 8, train_course: 0, model: 2 ===
2,9,3,7,5,10


bet: 100
2,9,3, ss: 50
2,9,7, ss: 50
2,9,5, ss: 50
2,9,10, ss: 50
2,3,7, ss: 50
2,3,5, ss: 50
2,3,10, ss: 50
2,7,3, ss: 50
2,7,5, ss: 50
2,7,10, ss: 50
2,5,3, ss: 50
2,5,7, ss: 50
2,5,10, ss: 50
2,10,3, ss: 50
2,10,7, ss: 50
2,10,5, ss: 50
9,2,3, ss: 50
9,2,7, ss: 50
9,2,5, ss: 50
9,2,10, ss: 50
9,3,7, ss: 50
9,3,5, ss: 50
9,3,10, ss: 50
9,7,3, ss: 50
9,7,5, ss: 50
9,7,10, ss: 50
9,5,3, ss: 50
9,5,7, ss: 50
9,5,10, ss: 50
9,10,3, ss: 50
9,10,7, ss: 50
9,10,5, ss: 50
3,2,7, ss: 50
3,2,5, ss: 50
3,2,10, ss: 50
3,9,7, ss: 50
3,9,5, ss: 50
3,9,10, ss: 50
3,7,5, ss: 50
3,7,10, ss: 50
3,5,7, ss: 50
3,5,10, ss: 50
3,10,7, ss: 50
3,10,5, ss: 50
7,2,3, ss: 50
7,2,5, ss: 50
7,2,10, ss: 50
7,9,3, ss: 50
7,9,5, ss: 50
7,9,10, ss: 50
7,3,5, ss: 50
7,3,10, ss: 50
7,5,3, ss: 50
7,5,10, ss: 50
7,10,3, ss: 50
7,10,5, ss: 50


=== rcno: 7, nData: 137, year: 8, train_course: 0, model: 2 ===
4,7,6,8,5,2


bet: 100
4,7,6, ss: 50
4,7,8, ss: 50
4,7,5, ss: 50
4,7,2, ss: 50
4,6,8, ss: 50
4,6,5, ss: 50
4,6,2, ss: 50
4,8,6, ss: 50
4,8,5, ss: 50
4,8,2, ss: 50
4,5,6, ss: 50
4,5,8, ss: 50
4,5,2, ss: 50
4,2,6, ss: 50
4,2,8, ss: 50
4,2,5, ss: 50
7,4,6, ss: 50
7,4,8, ss: 50
7,4,5, ss: 50
7,4,2, ss: 50
7,6,8, ss: 50
7,6,5, ss: 50
7,6,2, ss: 50
7,8,6, ss: 50
7,8,5, ss: 50
7,8,2, ss: 50
7,5,6, ss: 50
7,5,8, ss: 50
7,5,2, ss: 50
7,2,6, ss: 50
7,2,8, ss: 50
7,2,5, ss: 50
6,4,8, ss: 50
6,4,5, ss: 50
6,4,2, ss: 50
6,7,8, ss: 50
6,7,5, ss: 50
6,7,2, ss: 50
6,8,5, ss: 50
6,8,2, ss: 50
6,5,8, ss: 50
6,5,2, ss: 50
6,2,8, ss: 50
6,2,5, ss: 50
8,4,6, ss: 50
8,4,5, ss: 50
8,4,2, ss: 50
8,7,6, ss: 50
8,7,5, ss: 50
8,7,2, ss: 50
8,6,5, ss: 50
8,6,2, ss: 50
8,5,6, ss: 50
8,5,2, ss: 50
8,2,6, ss: 50
8,2,5, ss: 50


=== rcno: 8, nData: 137, year: 8, train_course: 0, model: 2 ===
1,7,8,5,9,3


bet: 100
1,7,8, ss: 50
1,7,5, ss: 50
1,7,9, ss: 50
1,7,3, ss: 50
1,8,5, ss: 50
1,8,9, ss: 50
1,8,3, ss: 50
1,5,8, ss: 50
1,5,9, ss: 50
1,5,3, ss: 50
1,9,8, ss: 50
1,9,5, ss: 50
1,9,3, ss: 50
1,3,8, ss: 50
1,3,5, ss: 50
1,3,9, ss: 50
7,1,8, ss: 50
7,1,5, ss: 50
7,1,9, ss: 50
7,1,3, ss: 50
7,8,5, ss: 50
7,8,9, ss: 50
7,8,3, ss: 50
7,5,8, ss: 50
7,5,9, ss: 50
7,5,3, ss: 50
7,9,8, ss: 50
7,9,5, ss: 50
7,9,3, ss: 50
7,3,8, ss: 50
7,3,5, ss: 50
7,3,9, ss: 50
8,1,5, ss: 50
8,1,9, ss: 50
8,1,3, ss: 50
8,7,5, ss: 50
8,7,9, ss: 50
8,7,3, ss: 50
8,5,9, ss: 50
8,5,3, ss: 50
8,9,5, ss: 50
8,9,3, ss: 50
8,3,5, ss: 50
8,3,9, ss: 50
5,1,8, ss: 50
5,1,9, ss: 50
5,1,3, ss: 50
5,7,8, ss: 50
5,7,9, ss: 50
5,7,3, ss: 50
5,8,9, ss: 50
5,8,3, ss: 50
5,9,8, ss: 50
5,9,3, ss: 50
5,3,8, ss: 50
5,3,9, ss: 50


=== rcno: 9, nData: 137, year: 8, train_course: 0, model: 2 ===
2,6,9,8,1,3


bet: 100
2,6,9, ss: 50
2,6,8, ss: 50
2,6,1, ss: 50
2,6,3, ss: 50
2,9,8, ss: 50
2,9,1, ss: 50
2,9,3, ss: 50
2,8,9, ss: 50
2,8,1, ss: 50
2,8,3, ss: 50
2,1,9, ss: 50
2,1,8, ss: 50
2,1,3, ss: 50
2,3,9, ss: 50
2,3,8, ss: 50
2,3,1, ss: 50
6,2,9, ss: 50
6,2,8, ss: 50
6,2,1, ss: 50
6,2,3, ss: 50
6,9,8, ss: 50
6,9,1, ss: 50
6,9,3, ss: 50
6,8,9, ss: 50
6,8,1, ss: 50
6,8,3, ss: 50
6,1,9, ss: 50
6,1,8, ss: 50
6,1,3, ss: 50
6,3,9, ss: 50
6,3,8, ss: 50
6,3,1, ss: 50
9,2,8, ss: 50
9,2,1, ss: 50
9,2,3, ss: 50
9,6,8, ss: 50
9,6,1, ss: 50
9,6,3, ss: 50
9,8,1, ss: 50
9,8,3, ss: 50
9,1,8, ss: 50
9,1,3, ss: 50
9,3,8, ss: 50
9,3,1, ss: 50
8,2,9, ss: 50
8,2,1, ss: 50
8,2,3, ss: 50
8,6,9, ss: 50
8,6,1, ss: 50
8,6,3, ss: 50
8,9,1, ss: 50
8,9,3, ss: 50
8,1,9, ss: 50
8,1,3, ss: 50
8,3,9, ss: 50
8,3,1, ss: 50


=== rcno: 1, nData: 137, year: 8, train_course: 0, model: 3 ===
1,9,5,7,8,6


bet: 100
1,9,5, ss: 50
1,9,7, ss: 50
1,9,8, ss: 50
1,9,6, ss: 50
1,5,7, ss: 50
1,5,8, ss: 50
1,5,6, ss: 50
1,7,5, ss: 50
1,7,8, ss: 50
1,7,6, ss: 50
1,8,5, ss: 50
1,8,7, ss: 50
1,8,6, ss: 50
1,6,5, ss: 50
1,6,7, ss: 50
1,6,8, ss: 50
9,1,5, ss: 50
9,1,7, ss: 50
9,1,8, ss: 50
9,1,6, ss: 50
9,5,7, ss: 50
9,5,8, ss: 50
9,5,6, ss: 50
9,7,5, ss: 50
9,7,8, ss: 50
9,7,6, ss: 50
9,8,5, ss: 50
9,8,7, ss: 50
9,8,6, ss: 50
9,6,5, ss: 50
9,6,7, ss: 50
9,6,8, ss: 50
5,1,7, ss: 50
5,1,8, ss: 50
5,1,6, ss: 50
5,9,7, ss: 50
5,9,8, ss: 50
5,9,6, ss: 50
5,7,8, ss: 50
5,7,6, ss: 50
5,8,7, ss: 50
5,8,6, ss: 50
5,6,7, ss: 50
5,6,8, ss: 50
7,1,5, ss: 50
7,1,8, ss: 50
7,1,6, ss: 50
7,9,5, ss: 50
7,9,8, ss: 50
7,9,6, ss: 50
7,5,8, ss: 50
7,5,6, ss: 50
7,8,5, ss: 50
7,8,6, ss: 50
7,6,5, ss: 50
7,6,8, ss: 50


=== rcno: 2, nData: 137, year: 8, train_course: 0, model: 3 ===
6,4,1,7,5,3


bet: 100
6,4,1, ss: 50
6,4,7, ss: 50
6,4,5, ss: 50
6,4,3, ss: 50
6,1,7, ss: 50
6,1,5, ss: 50
6,1,3, ss: 50
6,7,1, ss: 50
6,7,5, ss: 50
6,7,3, ss: 50
6,5,1, ss: 50
6,5,7, ss: 50
6,5,3, ss: 50
6,3,1, ss: 50
6,3,7, ss: 50
6,3,5, ss: 50
4,6,1, ss: 50
4,6,7, ss: 50
4,6,5, ss: 50
4,6,3, ss: 50
4,1,7, ss: 50
4,1,5, ss: 50
4,1,3, ss: 50
4,7,1, ss: 50
4,7,5, ss: 50
4,7,3, ss: 50
4,5,1, ss: 50
4,5,7, ss: 50
4,5,3, ss: 50
4,3,1, ss: 50
4,3,7, ss: 50
4,3,5, ss: 50
1,6,7, ss: 50
1,6,5, ss: 50
1,6,3, ss: 50
1,4,7, ss: 50
1,4,5, ss: 50
1,4,3, ss: 50
1,7,5, ss: 50
1,7,3, ss: 50
1,5,7, ss: 50
1,5,3, ss: 50
1,3,7, ss: 50
1,3,5, ss: 50
7,6,1, ss: 50
7,6,5, ss: 50
7,6,3, ss: 50
7,4,1, ss: 50
7,4,5, ss: 50
7,4,3, ss: 50
7,1,5, ss: 50
7,1,3, ss: 50
7,5,1, ss: 50
7,5,3, ss: 50
7,3,1, ss: 50
7,3,5, ss: 50


=== rcno: 3, nData: 137, year: 8, train_course: 0, model: 3 ===
2,1,9,6,3,4


bet: 100
2,1,9, ss: 50
2,1,6, ss: 50
2,1,3, ss: 50
2,1,4, ss: 50
2,9,6, ss: 50
2,9,3, ss: 50
2,9,4, ss: 50
2,6,9, ss: 50
2,6,3, ss: 50
2,6,4, ss: 50
2,3,9, ss: 50
2,3,6, ss: 50
2,3,4, ss: 50
2,4,9, ss: 50
2,4,6, ss: 50
2,4,3, ss: 50
1,2,9, ss: 50
1,2,6, ss: 50
1,2,3, ss: 50
1,2,4, ss: 50
1,9,6, ss: 50
1,9,3, ss: 50
1,9,4, ss: 50
1,6,9, ss: 50
1,6,3, ss: 50
1,6,4, ss: 50
1,3,9, ss: 50
1,3,6, ss: 50
1,3,4, ss: 50
1,4,9, ss: 50
1,4,6, ss: 50
1,4,3, ss: 50
9,2,6, ss: 50
9,2,3, ss: 50
9,2,4, ss: 50
9,1,6, ss: 50
9,1,3, ss: 50
9,1,4, ss: 50
9,6,3, ss: 50
9,6,4, ss: 50
9,3,6, ss: 50
9,3,4, ss: 50
9,4,6, ss: 50
9,4,3, ss: 50
6,2,9, ss: 50
6,2,3, ss: 50
6,2,4, ss: 50
6,1,9, ss: 50
6,1,3, ss: 50
6,1,4, ss: 50
6,9,3, ss: 50
6,9,4, ss: 50
6,3,9, ss: 50
6,3,4, ss: 50
6,4,9, ss: 50
6,4,3, ss: 50


=== rcno: 4, nData: 137, year: 8, train_course: 0, model: 3 ===
5,6,1,10,9,7


bet: 100
5,6,1, ss: 50
5,6,10, ss: 50
5,6,9, ss: 50
5,6,7, ss: 50
5,1,10, ss: 50
5,1,9, ss: 50
5,1,7, ss: 50
5,10,1, ss: 50
5,10,9, ss: 50
5,10,7, ss: 50
5,9,1, ss: 50
5,9,10, ss: 50
5,9,7, ss: 50
5,7,1, ss: 50
5,7,10, ss: 50
5,7,9, ss: 50
6,5,1, ss: 50
6,5,10, ss: 50
6,5,9, ss: 50
6,5,7, ss: 50
6,1,10, ss: 50
6,1,9, ss: 50
6,1,7, ss: 50
6,10,1, ss: 50
6,10,9, ss: 50
6,10,7, ss: 50
6,9,1, ss: 50
6,9,10, ss: 50
6,9,7, ss: 50
6,7,1, ss: 50
6,7,10, ss: 50
6,7,9, ss: 50
1,5,10, ss: 50
1,5,9, ss: 50
1,5,7, ss: 50
1,6,10, ss: 50
1,6,9, ss: 50
1,6,7, ss: 50
1,10,9, ss: 50
1,10,7, ss: 50
1,9,10, ss: 50
1,9,7, ss: 50
1,7,10, ss: 50
1,7,9, ss: 50
10,5,1, ss: 50
10,5,9, ss: 50
10,5,7, ss: 50
10,6,1, ss: 50
10,6,9, ss: 50
10,6,7, ss: 50
10,1,9, ss: 50
10,1,7, ss: 50
10,9,1, ss: 50
10,9,7, ss: 50
10,7,1, ss: 50
10,7,9, ss: 50


=== rcno: 5, nData: 137, year: 8, train_course: 0, model: 3 ===
4,1,10,8,7,11


bet: 100
4,1,10, ss: 50
4,1,8, ss: 50
4,1,7, ss: 50
4,1,11, ss: 50
4,10,8, ss: 50
4,10,7, ss: 50
4,10,11, ss: 50
4,8,10, ss: 50
4,8,7, ss: 50
4,8,11, ss: 50
4,7,10, ss: 50
4,7,8, ss: 50
4,7,11, ss: 50
4,11,10, ss: 50
4,11,8, ss: 50
4,11,7, ss: 50
1,4,10, ss: 50
1,4,8, ss: 50
1,4,7, ss: 50
1,4,11, ss: 50
1,10,8, ss: 50
1,10,7, ss: 50
1,10,11, ss: 50
1,8,10, ss: 50
1,8,7, ss: 50
1,8,11, ss: 50
1,7,10, ss: 50
1,7,8, ss: 50
1,7,11, ss: 50
1,11,10, ss: 50
1,11,8, ss: 50
1,11,7, ss: 50
10,4,8, ss: 50
10,4,7, ss: 50
10,4,11, ss: 50
10,1,8, ss: 50
10,1,7, ss: 50
10,1,11, ss: 50
10,8,7, ss: 50
10,8,11, ss: 50
10,7,8, ss: 50
10,7,11, ss: 50
10,11,8, ss: 50
10,11,7, ss: 50
8,4,10, ss: 50
8,4,7, ss: 50
8,4,11, ss: 50
8,1,10, ss: 50
8,1,7, ss: 50
8,1,11, ss: 50
8,10,7, ss: 50
8,10,11, ss: 50
8,7,10, ss: 50
8,7,11, ss: 50
8,11,10, ss: 50
8,11,7, ss: 50


=== rcno: 6, nData: 137, year: 8, train_course: 0, model: 3 ===
2,9,3,7,5,4


bet: 100
2,9,3, ss: 50
2,9,7, ss: 50
2,9,5, ss: 50
2,9,4, ss: 50
2,3,7, ss: 50
2,3,5, ss: 50
2,3,4, ss: 50
2,7,3, ss: 50
2,7,5, ss: 50
2,7,4, ss: 50
2,5,3, ss: 50
2,5,7, ss: 50
2,5,4, ss: 50
2,4,3, ss: 50
2,4,7, ss: 50
2,4,5, ss: 50
9,2,3, ss: 50
9,2,7, ss: 50
9,2,5, ss: 50
9,2,4, ss: 50
9,3,7, ss: 50
9,3,5, ss: 50
9,3,4, ss: 50
9,7,3, ss: 50
9,7,5, ss: 50
9,7,4, ss: 50
9,5,3, ss: 50
9,5,7, ss: 50
9,5,4, ss: 50
9,4,3, ss: 50
9,4,7, ss: 50
9,4,5, ss: 50
3,2,7, ss: 50
3,2,5, ss: 50
3,2,4, ss: 50
3,9,7, ss: 50
3,9,5, ss: 50
3,9,4, ss: 50
3,7,5, ss: 50
3,7,4, ss: 50
3,5,7, ss: 50
3,5,4, ss: 50
3,4,7, ss: 50
3,4,5, ss: 50
7,2,3, ss: 50
7,2,5, ss: 50
7,2,4, ss: 50
7,9,3, ss: 50
7,9,5, ss: 50
7,9,4, ss: 50
7,3,5, ss: 50
7,3,4, ss: 50
7,5,3, ss: 50
7,5,4, ss: 50
7,4,3, ss: 50
7,4,5, ss: 50


=== rcno: 7, nData: 137, year: 8, train_course: 0, model: 3 ===
6,4,7,5,8,1


bet: 100
6,4,7, ss: 50
6,4,5, ss: 50
6,4,8, ss: 50
6,4,1, ss: 50
6,7,5, ss: 50
6,7,8, ss: 50
6,7,1, ss: 50
6,5,7, ss: 50
6,5,8, ss: 50
6,5,1, ss: 50
6,8,7, ss: 50
6,8,5, ss: 50
6,8,1, ss: 50
6,1,7, ss: 50
6,1,5, ss: 50
6,1,8, ss: 50
4,6,7, ss: 50
4,6,5, ss: 50
4,6,8, ss: 50
4,6,1, ss: 50
4,7,5, ss: 50
4,7,8, ss: 50
4,7,1, ss: 50
4,5,7, ss: 50
4,5,8, ss: 50
4,5,1, ss: 50
4,8,7, ss: 50
4,8,5, ss: 50
4,8,1, ss: 50
4,1,7, ss: 50
4,1,5, ss: 50
4,1,8, ss: 50
7,6,5, ss: 50
7,6,8, ss: 50
7,6,1, ss: 50
7,4,5, ss: 50
7,4,8, ss: 50
7,4,1, ss: 50
7,5,8, ss: 50
7,5,1, ss: 50
7,8,5, ss: 50
7,8,1, ss: 50
7,1,5, ss: 50
7,1,8, ss: 50
5,6,7, ss: 50
5,6,8, ss: 50
5,6,1, ss: 50
5,4,7, ss: 50
5,4,8, ss: 50
5,4,1, ss: 50
5,7,8, ss: 50
5,7,1, ss: 50
5,8,7, ss: 50
5,8,1, ss: 50
5,1,7, ss: 50
5,1,8, ss: 50


=== rcno: 8, nData: 137, year: 8, train_course: 0, model: 3 ===
7,8,1,5,9,10


bet: 100
7,8,1, ss: 50
7,8,5, ss: 50
7,8,9, ss: 50
7,8,10, ss: 50
7,1,5, ss: 50
7,1,9, ss: 50
7,1,10, ss: 50
7,5,1, ss: 50
7,5,9, ss: 50
7,5,10, ss: 50
7,9,1, ss: 50
7,9,5, ss: 50
7,9,10, ss: 50
7,10,1, ss: 50
7,10,5, ss: 50
7,10,9, ss: 50
8,7,1, ss: 50
8,7,5, ss: 50
8,7,9, ss: 50
8,7,10, ss: 50
8,1,5, ss: 50
8,1,9, ss: 50
8,1,10, ss: 50
8,5,1, ss: 50
8,5,9, ss: 50
8,5,10, ss: 50
8,9,1, ss: 50
8,9,5, ss: 50
8,9,10, ss: 50
8,10,1, ss: 50
8,10,5, ss: 50
8,10,9, ss: 50
1,7,5, ss: 50
1,7,9, ss: 50
1,7,10, ss: 50
1,8,5, ss: 50
1,8,9, ss: 50
1,8,10, ss: 50
1,5,9, ss: 50
1,5,10, ss: 50
1,9,5, ss: 50
1,9,10, ss: 50
1,10,5, ss: 50
1,10,9, ss: 50
5,7,1, ss: 50
5,7,9, ss: 50
5,7,10, ss: 50
5,8,1, ss: 50
5,8,9, ss: 50
5,8,10, ss: 50
5,1,9, ss: 50
5,1,10, ss: 50
5,9,1, ss: 50
5,9,10, ss: 50
5,10,1, ss: 50
5,10,9, ss: 50


=== rcno: 9, nData: 137, year: 8, train_course: 0, model: 3 ===
2,1,6,9,4,3


bet: 100
2,1,6, ss: 50
2,1,9, ss: 50
2,1,4, ss: 50
2,1,3, ss: 50
2,6,9, ss: 50
2,6,4, ss: 50
2,6,3, ss: 50
2,9,6, ss: 50
2,9,4, ss: 50
2,9,3, ss: 50
2,4,6, ss: 50
2,4,9, ss: 50
2,4,3, ss: 50
2,3,6, ss: 50
2,3,9, ss: 50
2,3,4, ss: 50
1,2,6, ss: 50
1,2,9, ss: 50
1,2,4, ss: 50
1,2,3, ss: 50
1,6,9, ss: 50
1,6,4, ss: 50
1,6,3, ss: 50
1,9,6, ss: 50
1,9,4, ss: 50
1,9,3, ss: 50
1,4,6, ss: 50
1,4,9, ss: 50
1,4,3, ss: 50
1,3,6, ss: 50
1,3,9, ss: 50
1,3,4, ss: 50
6,2,9, ss: 50
6,2,4, ss: 50
6,2,3, ss: 50
6,1,9, ss: 50
6,1,4, ss: 50
6,1,3, ss: 50
6,9,4, ss: 50
6,9,3, ss: 50
6,4,9, ss: 50
6,4,3, ss: 50
6,3,9, ss: 50
6,3,4, ss: 50
9,2,6, ss: 50
9,2,4, ss: 50
9,2,3, ss: 50
9,1,6, ss: 50
9,1,4, ss: 50
9,1,3, ss: 50
9,6,4, ss: 50
9,6,3, ss: 50
9,4,6, ss: 50
9,4,3, ss: 50
9,3,6, ss: 50
9,3,4, ss: 50


=== rcno: 1, nData: 137, year: 8, train_course: 0, model: 4 ===
1,9,6,8,7,2


bet: 100
1,9,6, ss: 50
1,9,8, ss: 50
1,9,7, ss: 50
1,9,2, ss: 50
1,6,8, ss: 50
1,6,7, ss: 50
1,6,2, ss: 50
1,8,6, ss: 50
1,8,7, ss: 50
1,8,2, ss: 50
1,7,6, ss: 50
1,7,8, ss: 50
1,7,2, ss: 50
1,2,6, ss: 50
1,2,8, ss: 50
1,2,7, ss: 50
9,1,6, ss: 50
9,1,8, ss: 50
9,1,7, ss: 50
9,1,2, ss: 50
9,6,8, ss: 50
9,6,7, ss: 50
9,6,2, ss: 50
9,8,6, ss: 50
9,8,7, ss: 50
9,8,2, ss: 50
9,7,6, ss: 50
9,7,8, ss: 50
9,7,2, ss: 50
9,2,6, ss: 50
9,2,8, ss: 50
9,2,7, ss: 50
6,1,8, ss: 50
6,1,7, ss: 50
6,1,2, ss: 50
6,9,8, ss: 50
6,9,7, ss: 50
6,9,2, ss: 50
6,8,7, ss: 50
6,8,2, ss: 50
6,7,8, ss: 50
6,7,2, ss: 50
6,2,8, ss: 50
6,2,7, ss: 50
8,1,6, ss: 50
8,1,7, ss: 50
8,1,2, ss: 50
8,9,6, ss: 50
8,9,7, ss: 50
8,9,2, ss: 50
8,6,7, ss: 50
8,6,2, ss: 50
8,7,6, ss: 50
8,7,2, ss: 50
8,2,6, ss: 50
8,2,7, ss: 50


=== rcno: 2, nData: 137, year: 8, train_course: 0, model: 4 ===
4,7,6,3,2,5


bet: 100
4,7,6, ss: 50
4,7,3, ss: 50
4,7,2, ss: 50
4,7,5, ss: 50
4,6,3, ss: 50
4,6,2, ss: 50
4,6,5, ss: 50
4,3,6, ss: 50
4,3,2, ss: 50
4,3,5, ss: 50
4,2,6, ss: 50
4,2,3, ss: 50
4,2,5, ss: 50
4,5,6, ss: 50
4,5,3, ss: 50
4,5,2, ss: 50
7,4,6, ss: 50
7,4,3, ss: 50
7,4,2, ss: 50
7,4,5, ss: 50
7,6,3, ss: 50
7,6,2, ss: 50
7,6,5, ss: 50
7,3,6, ss: 50
7,3,2, ss: 50
7,3,5, ss: 50
7,2,6, ss: 50
7,2,3, ss: 50
7,2,5, ss: 50
7,5,6, ss: 50
7,5,3, ss: 50
7,5,2, ss: 50
6,4,3, ss: 50
6,4,2, ss: 50
6,4,5, ss: 50
6,7,3, ss: 50
6,7,2, ss: 50
6,7,5, ss: 50
6,3,2, ss: 50
6,3,5, ss: 50
6,2,3, ss: 50
6,2,5, ss: 50
6,5,3, ss: 50
6,5,2, ss: 50
3,4,6, ss: 50
3,4,2, ss: 50
3,4,5, ss: 50
3,7,6, ss: 50
3,7,2, ss: 50
3,7,5, ss: 50
3,6,2, ss: 50
3,6,5, ss: 50
3,2,6, ss: 50
3,2,5, ss: 50
3,5,6, ss: 50
3,5,2, ss: 50


=== rcno: 3, nData: 137, year: 8, train_course: 0, model: 4 ===
2,7,6,1,9,3


bet: 100
2,7,6, ss: 50
2,7,1, ss: 50
2,7,9, ss: 50
2,7,3, ss: 50
2,6,1, ss: 50
2,6,9, ss: 50
2,6,3, ss: 50
2,1,6, ss: 50
2,1,9, ss: 50
2,1,3, ss: 50
2,9,6, ss: 50
2,9,1, ss: 50
2,9,3, ss: 50
2,3,6, ss: 50
2,3,1, ss: 50
2,3,9, ss: 50
7,2,6, ss: 50
7,2,1, ss: 50
7,2,9, ss: 50
7,2,3, ss: 50
7,6,1, ss: 50
7,6,9, ss: 50
7,6,3, ss: 50
7,1,6, ss: 50
7,1,9, ss: 50
7,1,3, ss: 50
7,9,6, ss: 50
7,9,1, ss: 50
7,9,3, ss: 50
7,3,6, ss: 50
7,3,1, ss: 50
7,3,9, ss: 50
6,2,1, ss: 50
6,2,9, ss: 50
6,2,3, ss: 50
6,7,1, ss: 50
6,7,9, ss: 50
6,7,3, ss: 50
6,1,9, ss: 50
6,1,3, ss: 50
6,9,1, ss: 50
6,9,3, ss: 50
6,3,1, ss: 50
6,3,9, ss: 50
1,2,6, ss: 50
1,2,9, ss: 50
1,2,3, ss: 50
1,7,6, ss: 50
1,7,9, ss: 50
1,7,3, ss: 50
1,6,9, ss: 50
1,6,3, ss: 50
1,9,6, ss: 50
1,9,3, ss: 50
1,3,6, ss: 50
1,3,9, ss: 50


=== rcno: 4, nData: 137, year: 8, train_course: 0, model: 4 ===
6,1,5,2,10,8


bet: 100
6,1,5, ss: 50
6,1,2, ss: 50
6,1,10, ss: 50
6,1,8, ss: 50
6,5,2, ss: 50
6,5,10, ss: 50
6,5,8, ss: 50
6,2,5, ss: 50
6,2,10, ss: 50
6,2,8, ss: 50
6,10,5, ss: 50
6,10,2, ss: 50
6,10,8, ss: 50
6,8,5, ss: 50
6,8,2, ss: 50
6,8,10, ss: 50
1,6,5, ss: 50
1,6,2, ss: 50
1,6,10, ss: 50
1,6,8, ss: 50
1,5,2, ss: 50
1,5,10, ss: 50
1,5,8, ss: 50
1,2,5, ss: 50
1,2,10, ss: 50
1,2,8, ss: 50
1,10,5, ss: 50
1,10,2, ss: 50
1,10,8, ss: 50
1,8,5, ss: 50
1,8,2, ss: 50
1,8,10, ss: 50
5,6,2, ss: 50
5,6,10, ss: 50
5,6,8, ss: 50
5,1,2, ss: 50
5,1,10, ss: 50
5,1,8, ss: 50
5,2,10, ss: 50
5,2,8, ss: 50
5,10,2, ss: 50
5,10,8, ss: 50
5,8,2, ss: 50
5,8,10, ss: 50
2,6,5, ss: 50
2,6,10, ss: 50
2,6,8, ss: 50
2,1,5, ss: 50
2,1,10, ss: 50
2,1,8, ss: 50
2,5,10, ss: 50
2,5,8, ss: 50
2,10,5, ss: 50
2,10,8, ss: 50
2,8,5, ss: 50
2,8,10, ss: 50


=== rcno: 5, nData: 137, year: 8, train_course: 0, model: 4 ===
4,10,7,6,11,5


bet: 100
4,10,7, ss: 50
4,10,6, ss: 50
4,10,11, ss: 50
4,10,5, ss: 50
4,7,6, ss: 50
4,7,11, ss: 50
4,7,5, ss: 50
4,6,7, ss: 50
4,6,11, ss: 50
4,6,5, ss: 50
4,11,7, ss: 50
4,11,6, ss: 50
4,11,5, ss: 50
4,5,7, ss: 50
4,5,6, ss: 50
4,5,11, ss: 50
10,4,7, ss: 50
10,4,6, ss: 50
10,4,11, ss: 50
10,4,5, ss: 50
10,7,6, ss: 50
10,7,11, ss: 50
10,7,5, ss: 50
10,6,7, ss: 50
10,6,11, ss: 50
10,6,5, ss: 50
10,11,7, ss: 50
10,11,6, ss: 50
10,11,5, ss: 50
10,5,7, ss: 50
10,5,6, ss: 50
10,5,11, ss: 50
7,4,6, ss: 50
7,4,11, ss: 50
7,4,5, ss: 50
7,10,6, ss: 50
7,10,11, ss: 50
7,10,5, ss: 50
7,6,11, ss: 50
7,6,5, ss: 50
7,11,6, ss: 50
7,11,5, ss: 50
7,5,6, ss: 50
7,5,11, ss: 50
6,4,7, ss: 50
6,4,11, ss: 50
6,4,5, ss: 50
6,10,7, ss: 50
6,10,11, ss: 50
6,10,5, ss: 50
6,7,11, ss: 50
6,7,5, ss: 50
6,11,7, ss: 50
6,11,5, ss: 50
6,5,7, ss: 50
6,5,11, ss: 50


=== rcno: 6, nData: 137, year: 8, train_course: 0, model: 4 ===
2,9,3,7,5,6


bet: 100
2,9,3, ss: 50
2,9,7, ss: 50
2,9,5, ss: 50
2,9,6, ss: 50
2,3,7, ss: 50
2,3,5, ss: 50
2,3,6, ss: 50
2,7,3, ss: 50
2,7,5, ss: 50
2,7,6, ss: 50
2,5,3, ss: 50
2,5,7, ss: 50
2,5,6, ss: 50
2,6,3, ss: 50
2,6,7, ss: 50
2,6,5, ss: 50
9,2,3, ss: 50
9,2,7, ss: 50
9,2,5, ss: 50
9,2,6, ss: 50
9,3,7, ss: 50
9,3,5, ss: 50
9,3,6, ss: 50
9,7,3, ss: 50
9,7,5, ss: 50
9,7,6, ss: 50
9,5,3, ss: 50
9,5,7, ss: 50
9,5,6, ss: 50
9,6,3, ss: 50
9,6,7, ss: 50
9,6,5, ss: 50
3,2,7, ss: 50
3,2,5, ss: 50
3,2,6, ss: 50
3,9,7, ss: 50
3,9,5, ss: 50
3,9,6, ss: 50
3,7,5, ss: 50
3,7,6, ss: 50
3,5,7, ss: 50
3,5,6, ss: 50
3,6,7, ss: 50
3,6,5, ss: 50
7,2,3, ss: 50
7,2,5, ss: 50
7,2,6, ss: 50
7,9,3, ss: 50
7,9,5, ss: 50
7,9,6, ss: 50
7,3,5, ss: 50
7,3,6, ss: 50
7,5,3, ss: 50
7,5,6, ss: 50
7,6,3, ss: 50
7,6,5, ss: 50


=== rcno: 7, nData: 137, year: 8, train_course: 0, model: 4 ===
6,4,7,8,5,1


bet: 100
6,4,7, ss: 50
6,4,8, ss: 50
6,4,5, ss: 50
6,4,1, ss: 50
6,7,8, ss: 50
6,7,5, ss: 50
6,7,1, ss: 50
6,8,7, ss: 50
6,8,5, ss: 50
6,8,1, ss: 50
6,5,7, ss: 50
6,5,8, ss: 50
6,5,1, ss: 50
6,1,7, ss: 50
6,1,8, ss: 50
6,1,5, ss: 50
4,6,7, ss: 50
4,6,8, ss: 50
4,6,5, ss: 50
4,6,1, ss: 50
4,7,8, ss: 50
4,7,5, ss: 50
4,7,1, ss: 50
4,8,7, ss: 50
4,8,5, ss: 50
4,8,1, ss: 50
4,5,7, ss: 50
4,5,8, ss: 50
4,5,1, ss: 50
4,1,7, ss: 50
4,1,8, ss: 50
4,1,5, ss: 50
7,6,8, ss: 50
7,6,5, ss: 50
7,6,1, ss: 50
7,4,8, ss: 50
7,4,5, ss: 50
7,4,1, ss: 50
7,8,5, ss: 50
7,8,1, ss: 50
7,5,8, ss: 50
7,5,1, ss: 50
7,1,8, ss: 50
7,1,5, ss: 50
8,6,7, ss: 50
8,6,5, ss: 50
8,6,1, ss: 50
8,4,7, ss: 50
8,4,5, ss: 50
8,4,1, ss: 50
8,7,5, ss: 50
8,7,1, ss: 50
8,5,7, ss: 50
8,5,1, ss: 50
8,1,7, ss: 50
8,1,5, ss: 50


=== rcno: 8, nData: 137, year: 8, train_course: 0, model: 4 ===
1,5,10,7,9,8


bet: 100
1,5,10, ss: 50
1,5,7, ss: 50
1,5,9, ss: 50
1,5,8, ss: 50
1,10,7, ss: 50
1,10,9, ss: 50
1,10,8, ss: 50
1,7,10, ss: 50
1,7,9, ss: 50
1,7,8, ss: 50
1,9,10, ss: 50
1,9,7, ss: 50
1,9,8, ss: 50
1,8,10, ss: 50
1,8,7, ss: 50
1,8,9, ss: 50
5,1,10, ss: 50
5,1,7, ss: 50
5,1,9, ss: 50
5,1,8, ss: 50
5,10,7, ss: 50
5,10,9, ss: 50
5,10,8, ss: 50
5,7,10, ss: 50
5,7,9, ss: 50
5,7,8, ss: 50
5,9,10, ss: 50
5,9,7, ss: 50
5,9,8, ss: 50
5,8,10, ss: 50
5,8,7, ss: 50
5,8,9, ss: 50
10,1,7, ss: 50
10,1,9, ss: 50
10,1,8, ss: 50
10,5,7, ss: 50
10,5,9, ss: 50
10,5,8, ss: 50
10,7,9, ss: 50
10,7,8, ss: 50
10,9,7, ss: 50
10,9,8, ss: 50
10,8,7, ss: 50
10,8,9, ss: 50
7,1,10, ss: 50
7,1,9, ss: 50
7,1,8, ss: 50
7,5,10, ss: 50
7,5,9, ss: 50
7,5,8, ss: 50
7,10,9, ss: 50
7,10,8, ss: 50
7,9,10, ss: 50
7,9,8, ss: 50
7,8,10, ss: 50
7,8,9, ss: 50


=== rcno: 9, nData: 137, year: 8, train_course: 0, model: 4 ===
2,6,3,9,1,7


bet: 100
2,6,3, ss: 50
2,6,9, ss: 50
2,6,1, ss: 50
2,6,7, ss: 50
2,3,9, ss: 50
2,3,1, ss: 50
2,3,7, ss: 50
2,9,3, ss: 50
2,9,1, ss: 50
2,9,7, ss: 50
2,1,3, ss: 50
2,1,9, ss: 50
2,1,7, ss: 50
2,7,3, ss: 50
2,7,9, ss: 50
2,7,1, ss: 50
6,2,3, ss: 50
6,2,9, ss: 50
6,2,1, ss: 50
6,2,7, ss: 50
6,3,9, ss: 50
6,3,1, ss: 50
6,3,7, ss: 50
6,9,3, ss: 50
6,9,1, ss: 50
6,9,7, ss: 50
6,1,3, ss: 50
6,1,9, ss: 50
6,1,7, ss: 50
6,7,3, ss: 50
6,7,9, ss: 50
6,7,1, ss: 50
3,2,9, ss: 50
3,2,1, ss: 50
3,2,7, ss: 50
3,6,9, ss: 50
3,6,1, ss: 50
3,6,7, ss: 50
3,9,1, ss: 50
3,9,7, ss: 50
3,1,9, ss: 50
3,1,7, ss: 50
3,7,9, ss: 50
3,7,1, ss: 50
9,2,3, ss: 50
9,2,1, ss: 50
9,2,7, ss: 50
9,6,3, ss: 50
9,6,1, ss: 50
9,6,7, ss: 50
9,3,1, ss: 50
9,3,7, ss: 50
9,1,3, ss: 50
9,1,7, ss: 50
9,7,3, ss: 50
9,7,1, ss: 50


=== rcno: 1, nData: 137, year: 8, train_course: 0, model: 5 ===
1,5,9,6,2,7


bet: 100
1,5,9, ss: 50
1,5,6, ss: 50
1,5,2, ss: 50
1,5,7, ss: 50
1,9,6, ss: 50
1,9,2, ss: 50
1,9,7, ss: 50
1,6,9, ss: 50
1,6,2, ss: 50
1,6,7, ss: 50
1,2,9, ss: 50
1,2,6, ss: 50
1,2,7, ss: 50
1,7,9, ss: 50
1,7,6, ss: 50
1,7,2, ss: 50
5,1,9, ss: 50
5,1,6, ss: 50
5,1,2, ss: 50
5,1,7, ss: 50
5,9,6, ss: 50
5,9,2, ss: 50
5,9,7, ss: 50
5,6,9, ss: 50
5,6,2, ss: 50
5,6,7, ss: 50
5,2,9, ss: 50
5,2,6, ss: 50
5,2,7, ss: 50
5,7,9, ss: 50
5,7,6, ss: 50
5,7,2, ss: 50
9,1,6, ss: 50
9,1,2, ss: 50
9,1,7, ss: 50
9,5,6, ss: 50
9,5,2, ss: 50
9,5,7, ss: 50
9,6,2, ss: 50
9,6,7, ss: 50
9,2,6, ss: 50
9,2,7, ss: 50
9,7,6, ss: 50
9,7,2, ss: 50
6,1,9, ss: 50
6,1,2, ss: 50
6,1,7, ss: 50
6,5,9, ss: 50
6,5,2, ss: 50
6,5,7, ss: 50
6,9,2, ss: 50
6,9,7, ss: 50
6,2,9, ss: 50
6,2,7, ss: 50
6,7,9, ss: 50
6,7,2, ss: 50


=== rcno: 2, nData: 137, year: 8, train_course: 0, model: 5 ===
4,3,7,6,5,2


bet: 100
4,3,7, ss: 50
4,3,6, ss: 50
4,3,5, ss: 50
4,3,2, ss: 50
4,7,6, ss: 50
4,7,5, ss: 50
4,7,2, ss: 50
4,6,7, ss: 50
4,6,5, ss: 50
4,6,2, ss: 50
4,5,7, ss: 50
4,5,6, ss: 50
4,5,2, ss: 50
4,2,7, ss: 50
4,2,6, ss: 50
4,2,5, ss: 50
3,4,7, ss: 50
3,4,6, ss: 50
3,4,5, ss: 50
3,4,2, ss: 50
3,7,6, ss: 50
3,7,5, ss: 50
3,7,2, ss: 50
3,6,7, ss: 50
3,6,5, ss: 50
3,6,2, ss: 50
3,5,7, ss: 50
3,5,6, ss: 50
3,5,2, ss: 50
3,2,7, ss: 50
3,2,6, ss: 50
3,2,5, ss: 50
7,4,6, ss: 50
7,4,5, ss: 50
7,4,2, ss: 50
7,3,6, ss: 50
7,3,5, ss: 50
7,3,2, ss: 50
7,6,5, ss: 50
7,6,2, ss: 50
7,5,6, ss: 50
7,5,2, ss: 50
7,2,6, ss: 50
7,2,5, ss: 50
6,4,7, ss: 50
6,4,5, ss: 50
6,4,2, ss: 50
6,3,7, ss: 50
6,3,5, ss: 50
6,3,2, ss: 50
6,7,5, ss: 50
6,7,2, ss: 50
6,5,7, ss: 50
6,5,2, ss: 50
6,2,7, ss: 50
6,2,5, ss: 50


=== rcno: 3, nData: 137, year: 8, train_course: 0, model: 5 ===
2,1,6,4,7,9


bet: 100
2,1,6, ss: 50
2,1,4, ss: 50
2,1,7, ss: 50
2,1,9, ss: 50
2,6,4, ss: 50
2,6,7, ss: 50
2,6,9, ss: 50
2,4,6, ss: 50
2,4,7, ss: 50
2,4,9, ss: 50
2,7,6, ss: 50
2,7,4, ss: 50
2,7,9, ss: 50
2,9,6, ss: 50
2,9,4, ss: 50
2,9,7, ss: 50
1,2,6, ss: 50
1,2,4, ss: 50
1,2,7, ss: 50
1,2,9, ss: 50
1,6,4, ss: 50
1,6,7, ss: 50
1,6,9, ss: 50
1,4,6, ss: 50
1,4,7, ss: 50
1,4,9, ss: 50
1,7,6, ss: 50
1,7,4, ss: 50
1,7,9, ss: 50
1,9,6, ss: 50
1,9,4, ss: 50
1,9,7, ss: 50
6,2,4, ss: 50
6,2,7, ss: 50
6,2,9, ss: 50
6,1,4, ss: 50
6,1,7, ss: 50
6,1,9, ss: 50
6,4,7, ss: 50
6,4,9, ss: 50
6,7,4, ss: 50
6,7,9, ss: 50
6,9,4, ss: 50
6,9,7, ss: 50
4,2,6, ss: 50
4,2,7, ss: 50
4,2,9, ss: 50
4,1,6, ss: 50
4,1,7, ss: 50
4,1,9, ss: 50
4,6,7, ss: 50
4,6,9, ss: 50
4,7,6, ss: 50
4,7,9, ss: 50
4,9,6, ss: 50
4,9,7, ss: 50


=== rcno: 4, nData: 137, year: 8, train_course: 0, model: 5 ===
5,6,1,7,3,10


bet: 100
5,6,1, ss: 50
5,6,7, ss: 50
5,6,3, ss: 50
5,6,10, ss: 50
5,1,7, ss: 50
5,1,3, ss: 50
5,1,10, ss: 50
5,7,1, ss: 50
5,7,3, ss: 50
5,7,10, ss: 50
5,3,1, ss: 50
5,3,7, ss: 50
5,3,10, ss: 50
5,10,1, ss: 50
5,10,7, ss: 50
5,10,3, ss: 50
6,5,1, ss: 50
6,5,7, ss: 50
6,5,3, ss: 50
6,5,10, ss: 50
6,1,7, ss: 50
6,1,3, ss: 50
6,1,10, ss: 50
6,7,1, ss: 50
6,7,3, ss: 50
6,7,10, ss: 50
6,3,1, ss: 50
6,3,7, ss: 50
6,3,10, ss: 50
6,10,1, ss: 50
6,10,7, ss: 50
6,10,3, ss: 50
1,5,7, ss: 50
1,5,3, ss: 50
1,5,10, ss: 50
1,6,7, ss: 50
1,6,3, ss: 50
1,6,10, ss: 50
1,7,3, ss: 50
1,7,10, ss: 50
1,3,7, ss: 50
1,3,10, ss: 50
1,10,7, ss: 50
1,10,3, ss: 50
7,5,1, ss: 50
7,5,3, ss: 50
7,5,10, ss: 50
7,6,1, ss: 50
7,6,3, ss: 50
7,6,10, ss: 50
7,1,3, ss: 50
7,1,10, ss: 50
7,3,1, ss: 50
7,3,10, ss: 50
7,10,1, ss: 50
7,10,3, ss: 50


=== rcno: 5, nData: 137, year: 8, train_course: 0, model: 5 ===
6,1,10,4,7,11


bet: 100
6,1,10, ss: 50
6,1,4, ss: 50
6,1,7, ss: 50
6,1,11, ss: 50
6,10,4, ss: 50
6,10,7, ss: 50
6,10,11, ss: 50
6,4,10, ss: 50
6,4,7, ss: 50
6,4,11, ss: 50
6,7,10, ss: 50
6,7,4, ss: 50
6,7,11, ss: 50
6,11,10, ss: 50
6,11,4, ss: 50
6,11,7, ss: 50
1,6,10, ss: 50
1,6,4, ss: 50
1,6,7, ss: 50
1,6,11, ss: 50
1,10,4, ss: 50
1,10,7, ss: 50
1,10,11, ss: 50
1,4,10, ss: 50
1,4,7, ss: 50
1,4,11, ss: 50
1,7,10, ss: 50
1,7,4, ss: 50
1,7,11, ss: 50
1,11,10, ss: 50
1,11,4, ss: 50
1,11,7, ss: 50
10,6,4, ss: 50
10,6,7, ss: 50
10,6,11, ss: 50
10,1,4, ss: 50
10,1,7, ss: 50
10,1,11, ss: 50
10,4,7, ss: 50
10,4,11, ss: 50
10,7,4, ss: 50
10,7,11, ss: 50
10,11,4, ss: 50
10,11,7, ss: 50
4,6,10, ss: 50
4,6,7, ss: 50
4,6,11, ss: 50
4,1,10, ss: 50
4,1,7, ss: 50
4,1,11, ss: 50
4,10,7, ss: 50
4,10,11, ss: 50
4,7,10, ss: 50
4,7,11, ss: 50
4,11,10, ss: 50
4,11,7, ss: 50


=== rcno: 6, nData: 137, year: 8, train_course: 0, model: 5 ===
2,3,7,9,5,6


bet: 100
2,3,7, ss: 50
2,3,9, ss: 50
2,3,5, ss: 50
2,3,6, ss: 50
2,7,9, ss: 50
2,7,5, ss: 50
2,7,6, ss: 50
2,9,7, ss: 50
2,9,5, ss: 50
2,9,6, ss: 50
2,5,7, ss: 50
2,5,9, ss: 50
2,5,6, ss: 50
2,6,7, ss: 50
2,6,9, ss: 50
2,6,5, ss: 50
3,2,7, ss: 50
3,2,9, ss: 50
3,2,5, ss: 50
3,2,6, ss: 50
3,7,9, ss: 50
3,7,5, ss: 50
3,7,6, ss: 50
3,9,7, ss: 50
3,9,5, ss: 50
3,9,6, ss: 50
3,5,7, ss: 50
3,5,9, ss: 50
3,5,6, ss: 50
3,6,7, ss: 50
3,6,9, ss: 50
3,6,5, ss: 50
7,2,9, ss: 50
7,2,5, ss: 50
7,2,6, ss: 50
7,3,9, ss: 50
7,3,5, ss: 50
7,3,6, ss: 50
7,9,5, ss: 50
7,9,6, ss: 50
7,5,9, ss: 50
7,5,6, ss: 50
7,6,9, ss: 50
7,6,5, ss: 50
9,2,7, ss: 50
9,2,5, ss: 50
9,2,6, ss: 50
9,3,7, ss: 50
9,3,5, ss: 50
9,3,6, ss: 50
9,7,5, ss: 50
9,7,6, ss: 50
9,5,7, ss: 50
9,5,6, ss: 50
9,6,7, ss: 50
9,6,5, ss: 50


=== rcno: 7, nData: 137, year: 8, train_course: 0, model: 5 ===
6,4,7,8,5,3


bet: 100
6,4,7, ss: 50
6,4,8, ss: 50
6,4,5, ss: 50
6,4,3, ss: 50
6,7,8, ss: 50
6,7,5, ss: 50
6,7,3, ss: 50
6,8,7, ss: 50
6,8,5, ss: 50
6,8,3, ss: 50
6,5,7, ss: 50
6,5,8, ss: 50
6,5,3, ss: 50
6,3,7, ss: 50
6,3,8, ss: 50
6,3,5, ss: 50
4,6,7, ss: 50
4,6,8, ss: 50
4,6,5, ss: 50
4,6,3, ss: 50
4,7,8, ss: 50
4,7,5, ss: 50
4,7,3, ss: 50
4,8,7, ss: 50
4,8,5, ss: 50
4,8,3, ss: 50
4,5,7, ss: 50
4,5,8, ss: 50
4,5,3, ss: 50
4,3,7, ss: 50
4,3,8, ss: 50
4,3,5, ss: 50
7,6,8, ss: 50
7,6,5, ss: 50
7,6,3, ss: 50
7,4,8, ss: 50
7,4,5, ss: 50
7,4,3, ss: 50
7,8,5, ss: 50
7,8,3, ss: 50
7,5,8, ss: 50
7,5,3, ss: 50
7,3,8, ss: 50
7,3,5, ss: 50
8,6,7, ss: 50
8,6,5, ss: 50
8,6,3, ss: 50
8,4,7, ss: 50
8,4,5, ss: 50
8,4,3, ss: 50
8,7,5, ss: 50
8,7,3, ss: 50
8,5,7, ss: 50
8,5,3, ss: 50
8,3,7, ss: 50
8,3,5, ss: 50


=== rcno: 8, nData: 137, year: 8, train_course: 0, model: 5 ===
5,7,9,1,10,8


bet: 100
5,7,9, ss: 50
5,7,1, ss: 50
5,7,10, ss: 50
5,7,8, ss: 50
5,9,1, ss: 50
5,9,10, ss: 50
5,9,8, ss: 50
5,1,9, ss: 50
5,1,10, ss: 50
5,1,8, ss: 50
5,10,9, ss: 50
5,10,1, ss: 50
5,10,8, ss: 50
5,8,9, ss: 50
5,8,1, ss: 50
5,8,10, ss: 50
7,5,9, ss: 50
7,5,1, ss: 50
7,5,10, ss: 50
7,5,8, ss: 50
7,9,1, ss: 50
7,9,10, ss: 50
7,9,8, ss: 50
7,1,9, ss: 50
7,1,10, ss: 50
7,1,8, ss: 50
7,10,9, ss: 50
7,10,1, ss: 50
7,10,8, ss: 50
7,8,9, ss: 50
7,8,1, ss: 50
7,8,10, ss: 50
9,5,1, ss: 50
9,5,10, ss: 50
9,5,8, ss: 50
9,7,1, ss: 50
9,7,10, ss: 50
9,7,8, ss: 50
9,1,10, ss: 50
9,1,8, ss: 50
9,10,1, ss: 50
9,10,8, ss: 50
9,8,1, ss: 50
9,8,10, ss: 50
1,5,9, ss: 50
1,5,10, ss: 50
1,5,8, ss: 50
1,7,9, ss: 50
1,7,10, ss: 50
1,7,8, ss: 50
1,9,10, ss: 50
1,9,8, ss: 50
1,10,9, ss: 50
1,10,8, ss: 50
1,8,9, ss: 50
1,8,10, ss: 50


=== rcno: 9, nData: 137, year: 8, train_course: 0, model: 5 ===
2,9,6,1,3,4


bet: 100
2,9,6, ss: 50
2,9,1, ss: 50
2,9,3, ss: 50
2,9,4, ss: 50
2,6,1, ss: 50
2,6,3, ss: 50
2,6,4, ss: 50
2,1,6, ss: 50
2,1,3, ss: 50
2,1,4, ss: 50
2,3,6, ss: 50
2,3,1, ss: 50
2,3,4, ss: 50
2,4,6, ss: 50
2,4,1, ss: 50
2,4,3, ss: 50
9,2,6, ss: 50
9,2,1, ss: 50
9,2,3, ss: 50
9,2,4, ss: 50
9,6,1, ss: 50
9,6,3, ss: 50
9,6,4, ss: 50
9,1,6, ss: 50
9,1,3, ss: 50
9,1,4, ss: 50
9,3,6, ss: 50
9,3,1, ss: 50
9,3,4, ss: 50
9,4,6, ss: 50
9,4,1, ss: 50
9,4,3, ss: 50
6,2,1, ss: 50
6,2,3, ss: 50
6,2,4, ss: 50
6,9,1, ss: 50
6,9,3, ss: 50
6,9,4, ss: 50
6,1,3, ss: 50
6,1,4, ss: 50
6,3,1, ss: 50
6,3,4, ss: 50
6,4,1, ss: 50
6,4,3, ss: 50
1,2,6, ss: 50
1,2,3, ss: 50
1,2,4, ss: 50
1,9,6, ss: 50
1,9,3, ss: 50
1,9,4, ss: 50
1,6,3, ss: 50
1,6,4, ss: 50
1,3,6, ss: 50
1,3,4, ss: 50
1,4,6, ss: 50
1,4,3, ss: 50


=== rcno: 1, nData: 137, year: 8, train_course: 0, model: 6 ===
4,1,7,9,5,6


bet: 100
4,1,7, ss: 50
4,1,9, ss: 50
4,1,5, ss: 50
4,1,6, ss: 50
4,7,9, ss: 50
4,7,5, ss: 50
4,7,6, ss: 50
4,9,7, ss: 50
4,9,5, ss: 50
4,9,6, ss: 50
4,5,7, ss: 50
4,5,9, ss: 50
4,5,6, ss: 50
4,6,7, ss: 50
4,6,9, ss: 50
4,6,5, ss: 50
1,4,7, ss: 50
1,4,9, ss: 50
1,4,5, ss: 50
1,4,6, ss: 50
1,7,9, ss: 50
1,7,5, ss: 50
1,7,6, ss: 50
1,9,7, ss: 50
1,9,5, ss: 50
1,9,6, ss: 50
1,5,7, ss: 50
1,5,9, ss: 50
1,5,6, ss: 50
1,6,7, ss: 50
1,6,9, ss: 50
1,6,5, ss: 50
7,4,9, ss: 50
7,4,5, ss: 50
7,4,6, ss: 50
7,1,9, ss: 50
7,1,5, ss: 50
7,1,6, ss: 50
7,9,5, ss: 50
7,9,6, ss: 50
7,5,9, ss: 50
7,5,6, ss: 50
7,6,9, ss: 50
7,6,5, ss: 50
9,4,7, ss: 50
9,4,5, ss: 50
9,4,6, ss: 50
9,1,7, ss: 50
9,1,5, ss: 50
9,1,6, ss: 50
9,7,5, ss: 50
9,7,6, ss: 50
9,5,7, ss: 50
9,5,6, ss: 50
9,6,7, ss: 50
9,6,5, ss: 50


=== rcno: 2, nData: 137, year: 8, train_course: 0, model: 6 ===
4,3,7,6,1,9


bet: 100
4,3,7, ss: 50
4,3,6, ss: 50
4,3,1, ss: 50
4,3,9, ss: 50
4,7,6, ss: 50
4,7,1, ss: 50
4,7,9, ss: 50
4,6,7, ss: 50
4,6,1, ss: 50
4,6,9, ss: 50
4,1,7, ss: 50
4,1,6, ss: 50
4,1,9, ss: 50
4,9,7, ss: 50
4,9,6, ss: 50
4,9,1, ss: 50
3,4,7, ss: 50
3,4,6, ss: 50
3,4,1, ss: 50
3,4,9, ss: 50
3,7,6, ss: 50
3,7,1, ss: 50
3,7,9, ss: 50
3,6,7, ss: 50
3,6,1, ss: 50
3,6,9, ss: 50
3,1,7, ss: 50
3,1,6, ss: 50
3,1,9, ss: 50
3,9,7, ss: 50
3,9,6, ss: 50
3,9,1, ss: 50
7,4,6, ss: 50
7,4,1, ss: 50
7,4,9, ss: 50
7,3,6, ss: 50
7,3,1, ss: 50
7,3,9, ss: 50
7,6,1, ss: 50
7,6,9, ss: 50
7,1,6, ss: 50
7,1,9, ss: 50
7,9,6, ss: 50
7,9,1, ss: 50
6,4,7, ss: 50
6,4,1, ss: 50
6,4,9, ss: 50
6,3,7, ss: 50
6,3,1, ss: 50
6,3,9, ss: 50
6,7,1, ss: 50
6,7,9, ss: 50
6,1,7, ss: 50
6,1,9, ss: 50
6,9,7, ss: 50
6,9,1, ss: 50


=== rcno: 3, nData: 137, year: 8, train_course: 0, model: 6 ===
1,6,2,7,3,4


bet: 100
1,6,2, ss: 50
1,6,7, ss: 50
1,6,3, ss: 50
1,6,4, ss: 50
1,2,7, ss: 50
1,2,3, ss: 50
1,2,4, ss: 50
1,7,2, ss: 50
1,7,3, ss: 50
1,7,4, ss: 50
1,3,2, ss: 50
1,3,7, ss: 50
1,3,4, ss: 50
1,4,2, ss: 50
1,4,7, ss: 50
1,4,3, ss: 50
6,1,2, ss: 50
6,1,7, ss: 50
6,1,3, ss: 50
6,1,4, ss: 50
6,2,7, ss: 50
6,2,3, ss: 50
6,2,4, ss: 50
6,7,2, ss: 50
6,7,3, ss: 50
6,7,4, ss: 50
6,3,2, ss: 50
6,3,7, ss: 50
6,3,4, ss: 50
6,4,2, ss: 50
6,4,7, ss: 50
6,4,3, ss: 50
2,1,7, ss: 50
2,1,3, ss: 50
2,1,4, ss: 50
2,6,7, ss: 50
2,6,3, ss: 50
2,6,4, ss: 50
2,7,3, ss: 50
2,7,4, ss: 50
2,3,7, ss: 50
2,3,4, ss: 50
2,4,7, ss: 50
2,4,3, ss: 50
7,1,2, ss: 50
7,1,3, ss: 50
7,1,4, ss: 50
7,6,2, ss: 50
7,6,3, ss: 50
7,6,4, ss: 50
7,2,3, ss: 50
7,2,4, ss: 50
7,3,2, ss: 50
7,3,4, ss: 50
7,4,2, ss: 50
7,4,3, ss: 50


=== rcno: 4, nData: 137, year: 8, train_course: 0, model: 6 ===
5,9,7,6,1,12


bet: 100
5,9,7, ss: 50
5,9,6, ss: 50
5,9,1, ss: 50
5,9,12, ss: 50
5,7,6, ss: 50
5,7,1, ss: 50
5,7,12, ss: 50
5,6,7, ss: 50
5,6,1, ss: 50
5,6,12, ss: 50
5,1,7, ss: 50
5,1,6, ss: 50
5,1,12, ss: 50
5,12,7, ss: 50
5,12,6, ss: 50
5,12,1, ss: 50
9,5,7, ss: 50
9,5,6, ss: 50
9,5,1, ss: 50
9,5,12, ss: 50
9,7,6, ss: 50
9,7,1, ss: 50
9,7,12, ss: 50
9,6,7, ss: 50
9,6,1, ss: 50
9,6,12, ss: 50
9,1,7, ss: 50
9,1,6, ss: 50
9,1,12, ss: 50
9,12,7, ss: 50
9,12,6, ss: 50
9,12,1, ss: 50
7,5,6, ss: 50
7,5,1, ss: 50
7,5,12, ss: 50
7,9,6, ss: 50
7,9,1, ss: 50
7,9,12, ss: 50
7,6,1, ss: 50
7,6,12, ss: 50
7,1,6, ss: 50
7,1,12, ss: 50
7,12,6, ss: 50
7,12,1, ss: 50
6,5,7, ss: 50
6,5,1, ss: 50
6,5,12, ss: 50
6,9,7, ss: 50
6,9,1, ss: 50
6,9,12, ss: 50
6,7,1, ss: 50
6,7,12, ss: 50
6,1,7, ss: 50
6,1,12, ss: 50
6,12,7, ss: 50
6,12,1, ss: 50


=== rcno: 5, nData: 137, year: 8, train_course: 0, model: 6 ===
4,10,7,1,6,11


bet: 100
4,10,7, ss: 50
4,10,1, ss: 50
4,10,6, ss: 50
4,10,11, ss: 50
4,7,1, ss: 50
4,7,6, ss: 50
4,7,11, ss: 50
4,1,7, ss: 50
4,1,6, ss: 50
4,1,11, ss: 50
4,6,7, ss: 50
4,6,1, ss: 50
4,6,11, ss: 50
4,11,7, ss: 50
4,11,1, ss: 50
4,11,6, ss: 50
10,4,7, ss: 50
10,4,1, ss: 50
10,4,6, ss: 50
10,4,11, ss: 50
10,7,1, ss: 50
10,7,6, ss: 50
10,7,11, ss: 50
10,1,7, ss: 50
10,1,6, ss: 50
10,1,11, ss: 50
10,6,7, ss: 50
10,6,1, ss: 50
10,6,11, ss: 50
10,11,7, ss: 50
10,11,1, ss: 50
10,11,6, ss: 50
7,4,1, ss: 50
7,4,6, ss: 50
7,4,11, ss: 50
7,10,1, ss: 50
7,10,6, ss: 50
7,10,11, ss: 50
7,1,6, ss: 50
7,1,11, ss: 50
7,6,1, ss: 50
7,6,11, ss: 50
7,11,1, ss: 50
7,11,6, ss: 50
1,4,7, ss: 50
1,4,6, ss: 50
1,4,11, ss: 50
1,10,7, ss: 50
1,10,6, ss: 50
1,10,11, ss: 50
1,7,6, ss: 50
1,7,11, ss: 50
1,6,7, ss: 50
1,6,11, ss: 50
1,11,7, ss: 50
1,11,6, ss: 50


=== rcno: 6, nData: 137, year: 8, train_course: 0, model: 6 ===
2,9,3,7,4,6


bet: 100
2,9,3, ss: 50
2,9,7, ss: 50
2,9,4, ss: 50
2,9,6, ss: 50
2,3,7, ss: 50
2,3,4, ss: 50
2,3,6, ss: 50
2,7,3, ss: 50
2,7,4, ss: 50
2,7,6, ss: 50
2,4,3, ss: 50
2,4,7, ss: 50
2,4,6, ss: 50
2,6,3, ss: 50
2,6,7, ss: 50
2,6,4, ss: 50
9,2,3, ss: 50
9,2,7, ss: 50
9,2,4, ss: 50
9,2,6, ss: 50
9,3,7, ss: 50
9,3,4, ss: 50
9,3,6, ss: 50
9,7,3, ss: 50
9,7,4, ss: 50
9,7,6, ss: 50
9,4,3, ss: 50
9,4,7, ss: 50
9,4,6, ss: 50
9,6,3, ss: 50
9,6,7, ss: 50
9,6,4, ss: 50
3,2,7, ss: 50
3,2,4, ss: 50
3,2,6, ss: 50
3,9,7, ss: 50
3,9,4, ss: 50
3,9,6, ss: 50
3,7,4, ss: 50
3,7,6, ss: 50
3,4,7, ss: 50
3,4,6, ss: 50
3,6,7, ss: 50
3,6,4, ss: 50
7,2,3, ss: 50
7,2,4, ss: 50
7,2,6, ss: 50
7,9,3, ss: 50
7,9,4, ss: 50
7,9,6, ss: 50
7,3,4, ss: 50
7,3,6, ss: 50
7,4,3, ss: 50
7,4,6, ss: 50
7,6,3, ss: 50
7,6,4, ss: 50


=== rcno: 7, nData: 137, year: 8, train_course: 0, model: 6 ===
6,4,7,8,5,3


bet: 100
6,4,7, ss: 50
6,4,8, ss: 50
6,4,5, ss: 50
6,4,3, ss: 50
6,7,8, ss: 50
6,7,5, ss: 50
6,7,3, ss: 50
6,8,7, ss: 50
6,8,5, ss: 50
6,8,3, ss: 50
6,5,7, ss: 50
6,5,8, ss: 50
6,5,3, ss: 50
6,3,7, ss: 50
6,3,8, ss: 50
6,3,5, ss: 50
4,6,7, ss: 50
4,6,8, ss: 50
4,6,5, ss: 50
4,6,3, ss: 50
4,7,8, ss: 50
4,7,5, ss: 50
4,7,3, ss: 50
4,8,7, ss: 50
4,8,5, ss: 50
4,8,3, ss: 50
4,5,7, ss: 50
4,5,8, ss: 50
4,5,3, ss: 50
4,3,7, ss: 50
4,3,8, ss: 50
4,3,5, ss: 50
7,6,8, ss: 50
7,6,5, ss: 50
7,6,3, ss: 50
7,4,8, ss: 50
7,4,5, ss: 50
7,4,3, ss: 50
7,8,5, ss: 50
7,8,3, ss: 50
7,5,8, ss: 50
7,5,3, ss: 50
7,3,8, ss: 50
7,3,5, ss: 50
8,6,7, ss: 50
8,6,5, ss: 50
8,6,3, ss: 50
8,4,7, ss: 50
8,4,5, ss: 50
8,4,3, ss: 50
8,7,5, ss: 50
8,7,3, ss: 50
8,5,7, ss: 50
8,5,3, ss: 50
8,3,7, ss: 50
8,3,5, ss: 50


=== rcno: 8, nData: 137, year: 8, train_course: 0, model: 6 ===
9,5,2,8,1,3


bet: 100
9,5,2, ss: 50
9,5,8, ss: 50
9,5,1, ss: 50
9,5,3, ss: 50
9,2,8, ss: 50
9,2,1, ss: 50
9,2,3, ss: 50
9,8,2, ss: 50
9,8,1, ss: 50
9,8,3, ss: 50
9,1,2, ss: 50
9,1,8, ss: 50
9,1,3, ss: 50
9,3,2, ss: 50
9,3,8, ss: 50
9,3,1, ss: 50
5,9,2, ss: 50
5,9,8, ss: 50
5,9,1, ss: 50
5,9,3, ss: 50
5,2,8, ss: 50
5,2,1, ss: 50
5,2,3, ss: 50
5,8,2, ss: 50
5,8,1, ss: 50
5,8,3, ss: 50
5,1,2, ss: 50
5,1,8, ss: 50
5,1,3, ss: 50
5,3,2, ss: 50
5,3,8, ss: 50
5,3,1, ss: 50
2,9,8, ss: 50
2,9,1, ss: 50
2,9,3, ss: 50
2,5,8, ss: 50
2,5,1, ss: 50
2,5,3, ss: 50
2,8,1, ss: 50
2,8,3, ss: 50
2,1,8, ss: 50
2,1,3, ss: 50
2,3,8, ss: 50
2,3,1, ss: 50
8,9,2, ss: 50
8,9,1, ss: 50
8,9,3, ss: 50
8,5,2, ss: 50
8,5,1, ss: 50
8,5,3, ss: 50
8,2,1, ss: 50
8,2,3, ss: 50
8,1,2, ss: 50
8,1,3, ss: 50
8,3,2, ss: 50
8,3,1, ss: 50


=== rcno: 9, nData: 137, year: 8, train_course: 0, model: 6 ===
2,3,4,6,9,1


bet: 100
2,3,4, ss: 50
2,3,6, ss: 50
2,3,9, ss: 50
2,3,1, ss: 50
2,4,6, ss: 50
2,4,9, ss: 50
2,4,1, ss: 50
2,6,4, ss: 50
2,6,9, ss: 50
2,6,1, ss: 50
2,9,4, ss: 50
2,9,6, ss: 50
2,9,1, ss: 50
2,1,4, ss: 50
2,1,6, ss: 50
2,1,9, ss: 50
3,2,4, ss: 50
3,2,6, ss: 50
3,2,9, ss: 50
3,2,1, ss: 50
3,4,6, ss: 50
3,4,9, ss: 50
3,4,1, ss: 50
3,6,4, ss: 50
3,6,9, ss: 50
3,6,1, ss: 50
3,9,4, ss: 50
3,9,6, ss: 50
3,9,1, ss: 50
3,1,4, ss: 50
3,1,6, ss: 50
3,1,9, ss: 50
4,2,6, ss: 50
4,2,9, ss: 50
4,2,1, ss: 50
4,3,6, ss: 50
4,3,9, ss: 50
4,3,1, ss: 50
4,6,9, ss: 50
4,6,1, ss: 50
4,9,6, ss: 50
4,9,1, ss: 50
4,1,6, ss: 50
4,1,9, ss: 50
6,2,4, ss: 50
6,2,9, ss: 50
6,2,1, ss: 50
6,3,4, ss: 50
6,3,9, ss: 50
6,3,1, ss: 50
6,4,9, ss: 50
6,4,1, ss: 50
6,9,4, ss: 50
6,9,1, ss: 50
6,1,4, ss: 50
6,1,9, ss: 50


=== rcno: 1, nData: 137, year: 8, train_course: 0, model: 7 ===
1,9,8,5,6,7


bet: 100
1,9,8, ss: 50
1,9,5, ss: 50
1,9,6, ss: 50
1,9,7, ss: 50
1,8,5, ss: 50
1,8,6, ss: 50
1,8,7, ss: 50
1,5,8, ss: 50
1,5,6, ss: 50
1,5,7, ss: 50
1,6,8, ss: 50
1,6,5, ss: 50
1,6,7, ss: 50
1,7,8, ss: 50
1,7,5, ss: 50
1,7,6, ss: 50
9,1,8, ss: 50
9,1,5, ss: 50
9,1,6, ss: 50
9,1,7, ss: 50
9,8,5, ss: 50
9,8,6, ss: 50
9,8,7, ss: 50
9,5,8, ss: 50
9,5,6, ss: 50
9,5,7, ss: 50
9,6,8, ss: 50
9,6,5, ss: 50
9,6,7, ss: 50
9,7,8, ss: 50
9,7,5, ss: 50
9,7,6, ss: 50
8,1,5, ss: 50
8,1,6, ss: 50
8,1,7, ss: 50
8,9,5, ss: 50
8,9,6, ss: 50
8,9,7, ss: 50
8,5,6, ss: 50
8,5,7, ss: 50
8,6,5, ss: 50
8,6,7, ss: 50
8,7,5, ss: 50
8,7,6, ss: 50
5,1,8, ss: 50
5,1,6, ss: 50
5,1,7, ss: 50
5,9,8, ss: 50
5,9,6, ss: 50
5,9,7, ss: 50
5,8,6, ss: 50
5,8,7, ss: 50
5,6,8, ss: 50
5,6,7, ss: 50
5,7,8, ss: 50
5,7,6, ss: 50


=== rcno: 2, nData: 137, year: 8, train_course: 0, model: 7 ===
4,2,5,3,7,6


bet: 100
4,2,5, ss: 50
4,2,3, ss: 50
4,2,7, ss: 50
4,2,6, ss: 50
4,5,3, ss: 50
4,5,7, ss: 50
4,5,6, ss: 50
4,3,5, ss: 50
4,3,7, ss: 50
4,3,6, ss: 50
4,7,5, ss: 50
4,7,3, ss: 50
4,7,6, ss: 50
4,6,5, ss: 50
4,6,3, ss: 50
4,6,7, ss: 50
2,4,5, ss: 50
2,4,3, ss: 50
2,4,7, ss: 50
2,4,6, ss: 50
2,5,3, ss: 50
2,5,7, ss: 50
2,5,6, ss: 50
2,3,5, ss: 50
2,3,7, ss: 50
2,3,6, ss: 50
2,7,5, ss: 50
2,7,3, ss: 50
2,7,6, ss: 50
2,6,5, ss: 50
2,6,3, ss: 50
2,6,7, ss: 50
5,4,3, ss: 50
5,4,7, ss: 50
5,4,6, ss: 50
5,2,3, ss: 50
5,2,7, ss: 50
5,2,6, ss: 50
5,3,7, ss: 50
5,3,6, ss: 50
5,7,3, ss: 50
5,7,6, ss: 50
5,6,3, ss: 50
5,6,7, ss: 50
3,4,5, ss: 50
3,4,7, ss: 50
3,4,6, ss: 50
3,2,5, ss: 50
3,2,7, ss: 50
3,2,6, ss: 50
3,5,7, ss: 50
3,5,6, ss: 50
3,7,5, ss: 50
3,7,6, ss: 50
3,6,5, ss: 50
3,6,7, ss: 50


=== rcno: 3, nData: 137, year: 8, train_course: 0, model: 7 ===
2,6,1,7,4,9


bet: 100
2,6,1, ss: 50
2,6,7, ss: 50
2,6,4, ss: 50
2,6,9, ss: 50
2,1,7, ss: 50
2,1,4, ss: 50
2,1,9, ss: 50
2,7,1, ss: 50
2,7,4, ss: 50
2,7,9, ss: 50
2,4,1, ss: 50
2,4,7, ss: 50
2,4,9, ss: 50
2,9,1, ss: 50
2,9,7, ss: 50
2,9,4, ss: 50
6,2,1, ss: 50
6,2,7, ss: 50
6,2,4, ss: 50
6,2,9, ss: 50
6,1,7, ss: 50
6,1,4, ss: 50
6,1,9, ss: 50
6,7,1, ss: 50
6,7,4, ss: 50
6,7,9, ss: 50
6,4,1, ss: 50
6,4,7, ss: 50
6,4,9, ss: 50
6,9,1, ss: 50
6,9,7, ss: 50
6,9,4, ss: 50
1,2,7, ss: 50
1,2,4, ss: 50
1,2,9, ss: 50
1,6,7, ss: 50
1,6,4, ss: 50
1,6,9, ss: 50
1,7,4, ss: 50
1,7,9, ss: 50
1,4,7, ss: 50
1,4,9, ss: 50
1,9,7, ss: 50
1,9,4, ss: 50
7,2,1, ss: 50
7,2,4, ss: 50
7,2,9, ss: 50
7,6,1, ss: 50
7,6,4, ss: 50
7,6,9, ss: 50
7,1,4, ss: 50
7,1,9, ss: 50
7,4,1, ss: 50
7,4,9, ss: 50
7,9,1, ss: 50
7,9,4, ss: 50


=== rcno: 4, nData: 137, year: 8, train_course: 0, model: 7 ===
6,5,1,2,10,3


bet: 100
6,5,1, ss: 50
6,5,2, ss: 50
6,5,10, ss: 50
6,5,3, ss: 50
6,1,2, ss: 50
6,1,10, ss: 50
6,1,3, ss: 50
6,2,1, ss: 50
6,2,10, ss: 50
6,2,3, ss: 50
6,10,1, ss: 50
6,10,2, ss: 50
6,10,3, ss: 50
6,3,1, ss: 50
6,3,2, ss: 50
6,3,10, ss: 50
5,6,1, ss: 50
5,6,2, ss: 50
5,6,10, ss: 50
5,6,3, ss: 50
5,1,2, ss: 50
5,1,10, ss: 50
5,1,3, ss: 50
5,2,1, ss: 50
5,2,10, ss: 50
5,2,3, ss: 50
5,10,1, ss: 50
5,10,2, ss: 50
5,10,3, ss: 50
5,3,1, ss: 50
5,3,2, ss: 50
5,3,10, ss: 50
1,6,2, ss: 50
1,6,10, ss: 50
1,6,3, ss: 50
1,5,2, ss: 50
1,5,10, ss: 50
1,5,3, ss: 50
1,2,10, ss: 50
1,2,3, ss: 50
1,10,2, ss: 50
1,10,3, ss: 50
1,3,2, ss: 50
1,3,10, ss: 50
2,6,1, ss: 50
2,6,10, ss: 50
2,6,3, ss: 50
2,5,1, ss: 50
2,5,10, ss: 50
2,5,3, ss: 50
2,1,10, ss: 50
2,1,3, ss: 50
2,10,1, ss: 50
2,10,3, ss: 50
2,3,1, ss: 50
2,3,10, ss: 50


=== rcno: 5, nData: 137, year: 8, train_course: 0, model: 7 ===
4,10,6,1,7,5


bet: 100
4,10,6, ss: 50
4,10,1, ss: 50
4,10,7, ss: 50
4,10,5, ss: 50
4,6,1, ss: 50
4,6,7, ss: 50
4,6,5, ss: 50
4,1,6, ss: 50
4,1,7, ss: 50
4,1,5, ss: 50
4,7,6, ss: 50
4,7,1, ss: 50
4,7,5, ss: 50
4,5,6, ss: 50
4,5,1, ss: 50
4,5,7, ss: 50
10,4,6, ss: 50
10,4,1, ss: 50
10,4,7, ss: 50
10,4,5, ss: 50
10,6,1, ss: 50
10,6,7, ss: 50
10,6,5, ss: 50
10,1,6, ss: 50
10,1,7, ss: 50
10,1,5, ss: 50
10,7,6, ss: 50
10,7,1, ss: 50
10,7,5, ss: 50
10,5,6, ss: 50
10,5,1, ss: 50
10,5,7, ss: 50
6,4,1, ss: 50
6,4,7, ss: 50
6,4,5, ss: 50
6,10,1, ss: 50
6,10,7, ss: 50
6,10,5, ss: 50
6,1,7, ss: 50
6,1,5, ss: 50
6,7,1, ss: 50
6,7,5, ss: 50
6,5,1, ss: 50
6,5,7, ss: 50
1,4,6, ss: 50
1,4,7, ss: 50
1,4,5, ss: 50
1,10,6, ss: 50
1,10,7, ss: 50
1,10,5, ss: 50
1,6,7, ss: 50
1,6,5, ss: 50
1,7,6, ss: 50
1,7,5, ss: 50
1,5,6, ss: 50
1,5,7, ss: 50


=== rcno: 6, nData: 137, year: 8, train_course: 0, model: 7 ===
2,9,3,7,5,6


bet: 100
2,9,3, ss: 50
2,9,7, ss: 50
2,9,5, ss: 50
2,9,6, ss: 50
2,3,7, ss: 50
2,3,5, ss: 50
2,3,6, ss: 50
2,7,3, ss: 50
2,7,5, ss: 50
2,7,6, ss: 50
2,5,3, ss: 50
2,5,7, ss: 50
2,5,6, ss: 50
2,6,3, ss: 50
2,6,7, ss: 50
2,6,5, ss: 50
9,2,3, ss: 50
9,2,7, ss: 50
9,2,5, ss: 50
9,2,6, ss: 50
9,3,7, ss: 50
9,3,5, ss: 50
9,3,6, ss: 50
9,7,3, ss: 50
9,7,5, ss: 50
9,7,6, ss: 50
9,5,3, ss: 50
9,5,7, ss: 50
9,5,6, ss: 50
9,6,3, ss: 50
9,6,7, ss: 50
9,6,5, ss: 50
3,2,7, ss: 50
3,2,5, ss: 50
3,2,6, ss: 50
3,9,7, ss: 50
3,9,5, ss: 50
3,9,6, ss: 50
3,7,5, ss: 50
3,7,6, ss: 50
3,5,7, ss: 50
3,5,6, ss: 50
3,6,7, ss: 50
3,6,5, ss: 50
7,2,3, ss: 50
7,2,5, ss: 50
7,2,6, ss: 50
7,9,3, ss: 50
7,9,5, ss: 50
7,9,6, ss: 50
7,3,5, ss: 50
7,3,6, ss: 50
7,5,3, ss: 50
7,5,6, ss: 50
7,6,3, ss: 50
7,6,5, ss: 50


=== rcno: 7, nData: 137, year: 8, train_course: 0, model: 7 ===
6,4,7,8,5,1


bet: 100
6,4,7, ss: 50
6,4,8, ss: 50
6,4,5, ss: 50
6,4,1, ss: 50
6,7,8, ss: 50
6,7,5, ss: 50
6,7,1, ss: 50
6,8,7, ss: 50
6,8,5, ss: 50
6,8,1, ss: 50
6,5,7, ss: 50
6,5,8, ss: 50
6,5,1, ss: 50
6,1,7, ss: 50
6,1,8, ss: 50
6,1,5, ss: 50
4,6,7, ss: 50
4,6,8, ss: 50
4,6,5, ss: 50
4,6,1, ss: 50
4,7,8, ss: 50
4,7,5, ss: 50
4,7,1, ss: 50
4,8,7, ss: 50
4,8,5, ss: 50
4,8,1, ss: 50
4,5,7, ss: 50
4,5,8, ss: 50
4,5,1, ss: 50
4,1,7, ss: 50
4,1,8, ss: 50
4,1,5, ss: 50
7,6,8, ss: 50
7,6,5, ss: 50
7,6,1, ss: 50
7,4,8, ss: 50
7,4,5, ss: 50
7,4,1, ss: 50
7,8,5, ss: 50
7,8,1, ss: 50
7,5,8, ss: 50
7,5,1, ss: 50
7,1,8, ss: 50
7,1,5, ss: 50
8,6,7, ss: 50
8,6,5, ss: 50
8,6,1, ss: 50
8,4,7, ss: 50
8,4,5, ss: 50
8,4,1, ss: 50
8,7,5, ss: 50
8,7,1, ss: 50
8,5,7, ss: 50
8,5,1, ss: 50
8,1,7, ss: 50
8,1,5, ss: 50


=== rcno: 8, nData: 137, year: 8, train_course: 0, model: 7 ===
7,9,5,1,10,8


bet: 100
7,9,5, ss: 50
7,9,1, ss: 50
7,9,10, ss: 50
7,9,8, ss: 50
7,5,1, ss: 50
7,5,10, ss: 50
7,5,8, ss: 50
7,1,5, ss: 50
7,1,10, ss: 50
7,1,8, ss: 50
7,10,5, ss: 50
7,10,1, ss: 50
7,10,8, ss: 50
7,8,5, ss: 50
7,8,1, ss: 50
7,8,10, ss: 50
9,7,5, ss: 50
9,7,1, ss: 50
9,7,10, ss: 50
9,7,8, ss: 50
9,5,1, ss: 50
9,5,10, ss: 50
9,5,8, ss: 50
9,1,5, ss: 50
9,1,10, ss: 50
9,1,8, ss: 50
9,10,5, ss: 50
9,10,1, ss: 50
9,10,8, ss: 50
9,8,5, ss: 50
9,8,1, ss: 50
9,8,10, ss: 50
5,7,1, ss: 50
5,7,10, ss: 50
5,7,8, ss: 50
5,9,1, ss: 50
5,9,10, ss: 50
5,9,8, ss: 50
5,1,10, ss: 50
5,1,8, ss: 50
5,10,1, ss: 50
5,10,8, ss: 50
5,8,1, ss: 50
5,8,10, ss: 50
1,7,5, ss: 50
1,7,10, ss: 50
1,7,8, ss: 50
1,9,5, ss: 50
1,9,10, ss: 50
1,9,8, ss: 50
1,5,10, ss: 50
1,5,8, ss: 50
1,10,5, ss: 50
1,10,8, ss: 50
1,8,5, ss: 50
1,8,10, ss: 50


=== rcno: 9, nData: 137, year: 8, train_course: 0, model: 7 ===
2,6,9,3,1,7


bet: 100
2,6,9, ss: 50
2,6,3, ss: 50
2,6,1, ss: 50
2,6,7, ss: 50
2,9,3, ss: 50
2,9,1, ss: 50
2,9,7, ss: 50
2,3,9, ss: 50
2,3,1, ss: 50
2,3,7, ss: 50
2,1,9, ss: 50
2,1,3, ss: 50
2,1,7, ss: 50
2,7,9, ss: 50
2,7,3, ss: 50
2,7,1, ss: 50
6,2,9, ss: 50
6,2,3, ss: 50
6,2,1, ss: 50
6,2,7, ss: 50
6,9,3, ss: 50
6,9,1, ss: 50
6,9,7, ss: 50
6,3,9, ss: 50
6,3,1, ss: 50
6,3,7, ss: 50
6,1,9, ss: 50
6,1,3, ss: 50
6,1,7, ss: 50
6,7,9, ss: 50
6,7,3, ss: 50
6,7,1, ss: 50
9,2,3, ss: 50
9,2,1, ss: 50
9,2,7, ss: 50
9,6,3, ss: 50
9,6,1, ss: 50
9,6,7, ss: 50
9,3,1, ss: 50
9,3,7, ss: 50
9,1,3, ss: 50
9,1,7, ss: 50
9,7,3, ss: 50
9,7,1, ss: 50
3,2,9, ss: 50
3,2,1, ss: 50
3,2,7, ss: 50
3,6,9, ss: 50
3,6,1, ss: 50
3,6,7, ss: 50
3,9,1, ss: 50
3,9,7, ss: 50
3,1,9, ss: 50
3,1,7, ss: 50
3,7,9, ss: 50
3,7,1, ss: 50


=== rcno: 1, nData: 137, year: 8, train_course: 0, model: 8 ===
1,5,4,9,7,6


bet: 100
1,5,4, ss: 50
1,5,9, ss: 50
1,5,7, ss: 50
1,5,6, ss: 50
1,4,9, ss: 50
1,4,7, ss: 50
1,4,6, ss: 50
1,9,4, ss: 50
1,9,7, ss: 50
1,9,6, ss: 50
1,7,4, ss: 50
1,7,9, ss: 50
1,7,6, ss: 50
1,6,4, ss: 50
1,6,9, ss: 50
1,6,7, ss: 50
5,1,4, ss: 50
5,1,9, ss: 50
5,1,7, ss: 50
5,1,6, ss: 50
5,4,9, ss: 50
5,4,7, ss: 50
5,4,6, ss: 50
5,9,4, ss: 50
5,9,7, ss: 50
5,9,6, ss: 50
5,7,4, ss: 50
5,7,9, ss: 50
5,7,6, ss: 50
5,6,4, ss: 50
5,6,9, ss: 50
5,6,7, ss: 50
4,1,9, ss: 50
4,1,7, ss: 50
4,1,6, ss: 50
4,5,9, ss: 50
4,5,7, ss: 50
4,5,6, ss: 50
4,9,7, ss: 50
4,9,6, ss: 50
4,7,9, ss: 50
4,7,6, ss: 50
4,6,9, ss: 50
4,6,7, ss: 50
9,1,4, ss: 50
9,1,7, ss: 50
9,1,6, ss: 50
9,5,4, ss: 50
9,5,7, ss: 50
9,5,6, ss: 50
9,4,7, ss: 50
9,4,6, ss: 50
9,7,4, ss: 50
9,7,6, ss: 50
9,6,4, ss: 50
9,6,7, ss: 50


=== rcno: 2, nData: 137, year: 8, train_course: 0, model: 8 ===
4,3,7,2,1,5


bet: 100
4,3,7, ss: 50
4,3,2, ss: 50
4,3,1, ss: 50
4,3,5, ss: 50
4,7,2, ss: 50
4,7,1, ss: 50
4,7,5, ss: 50
4,2,7, ss: 50
4,2,1, ss: 50
4,2,5, ss: 50
4,1,7, ss: 50
4,1,2, ss: 50
4,1,5, ss: 50
4,5,7, ss: 50
4,5,2, ss: 50
4,5,1, ss: 50
3,4,7, ss: 50
3,4,2, ss: 50
3,4,1, ss: 50
3,4,5, ss: 50
3,7,2, ss: 50
3,7,1, ss: 50
3,7,5, ss: 50
3,2,7, ss: 50
3,2,1, ss: 50
3,2,5, ss: 50
3,1,7, ss: 50
3,1,2, ss: 50
3,1,5, ss: 50
3,5,7, ss: 50
3,5,2, ss: 50
3,5,1, ss: 50
7,4,2, ss: 50
7,4,1, ss: 50
7,4,5, ss: 50
7,3,2, ss: 50
7,3,1, ss: 50
7,3,5, ss: 50
7,2,1, ss: 50
7,2,5, ss: 50
7,1,2, ss: 50
7,1,5, ss: 50
7,5,2, ss: 50
7,5,1, ss: 50
2,4,7, ss: 50
2,4,1, ss: 50
2,4,5, ss: 50
2,3,7, ss: 50
2,3,1, ss: 50
2,3,5, ss: 50
2,7,1, ss: 50
2,7,5, ss: 50
2,1,7, ss: 50
2,1,5, ss: 50
2,5,7, ss: 50
2,5,1, ss: 50


=== rcno: 3, nData: 137, year: 8, train_course: 0, model: 8 ===
6,1,2,4,7,8


bet: 100
6,1,2, ss: 50
6,1,4, ss: 50
6,1,7, ss: 50
6,1,8, ss: 50
6,2,4, ss: 50
6,2,7, ss: 50
6,2,8, ss: 50
6,4,2, ss: 50
6,4,7, ss: 50
6,4,8, ss: 50
6,7,2, ss: 50
6,7,4, ss: 50
6,7,8, ss: 50
6,8,2, ss: 50
6,8,4, ss: 50
6,8,7, ss: 50
1,6,2, ss: 50
1,6,4, ss: 50
1,6,7, ss: 50
1,6,8, ss: 50
1,2,4, ss: 50
1,2,7, ss: 50
1,2,8, ss: 50
1,4,2, ss: 50
1,4,7, ss: 50
1,4,8, ss: 50
1,7,2, ss: 50
1,7,4, ss: 50
1,7,8, ss: 50
1,8,2, ss: 50
1,8,4, ss: 50
1,8,7, ss: 50
2,6,4, ss: 50
2,6,7, ss: 50
2,6,8, ss: 50
2,1,4, ss: 50
2,1,7, ss: 50
2,1,8, ss: 50
2,4,7, ss: 50
2,4,8, ss: 50
2,7,4, ss: 50
2,7,8, ss: 50
2,8,4, ss: 50
2,8,7, ss: 50
4,6,2, ss: 50
4,6,7, ss: 50
4,6,8, ss: 50
4,1,2, ss: 50
4,1,7, ss: 50
4,1,8, ss: 50
4,2,7, ss: 50
4,2,8, ss: 50
4,7,2, ss: 50
4,7,8, ss: 50
4,8,2, ss: 50
4,8,7, ss: 50


=== rcno: 4, nData: 137, year: 8, train_course: 0, model: 8 ===
7,12,9,6,11,8


bet: 100
7,12,9, ss: 50
7,12,6, ss: 50
7,12,11, ss: 50
7,12,8, ss: 50
7,9,6, ss: 50
7,9,11, ss: 50
7,9,8, ss: 50
7,6,9, ss: 50
7,6,11, ss: 50
7,6,8, ss: 50
7,11,9, ss: 50
7,11,6, ss: 50
7,11,8, ss: 50
7,8,9, ss: 50
7,8,6, ss: 50
7,8,11, ss: 50
12,7,9, ss: 50
12,7,6, ss: 50
12,7,11, ss: 50
12,7,8, ss: 50
12,9,6, ss: 50
12,9,11, ss: 50
12,9,8, ss: 50
12,6,9, ss: 50
12,6,11, ss: 50
12,6,8, ss: 50
12,11,9, ss: 50
12,11,6, ss: 50
12,11,8, ss: 50
12,8,9, ss: 50
12,8,6, ss: 50
12,8,11, ss: 50
9,7,6, ss: 50
9,7,11, ss: 50
9,7,8, ss: 50
9,12,6, ss: 50
9,12,11, ss: 50
9,12,8, ss: 50
9,6,11, ss: 50
9,6,8, ss: 50
9,11,6, ss: 50
9,11,8, ss: 50
9,8,6, ss: 50
9,8,11, ss: 50
6,7,9, ss: 50
6,7,11, ss: 50
6,7,8, ss: 50
6,12,9, ss: 50
6,12,11, ss: 50
6,12,8, ss: 50
6,9,11, ss: 50
6,9,8, ss: 50
6,11,9, ss: 50
6,11,8, ss: 50
6,8,9, ss: 50
6,8,11, ss: 50


=== rcno: 5, nData: 137, year: 8, train_course: 0, model: 8 ===
4,10,6,7,11,1


bet: 100
4,10,6, ss: 50
4,10,7, ss: 50
4,10,11, ss: 50
4,10,1, ss: 50
4,6,7, ss: 50
4,6,11, ss: 50
4,6,1, ss: 50
4,7,6, ss: 50
4,7,11, ss: 50
4,7,1, ss: 50
4,11,6, ss: 50
4,11,7, ss: 50
4,11,1, ss: 50
4,1,6, ss: 50
4,1,7, ss: 50
4,1,11, ss: 50
10,4,6, ss: 50
10,4,7, ss: 50
10,4,11, ss: 50
10,4,1, ss: 50
10,6,7, ss: 50
10,6,11, ss: 50
10,6,1, ss: 50
10,7,6, ss: 50
10,7,11, ss: 50
10,7,1, ss: 50
10,11,6, ss: 50
10,11,7, ss: 50
10,11,1, ss: 50
10,1,6, ss: 50
10,1,7, ss: 50
10,1,11, ss: 50
6,4,7, ss: 50
6,4,11, ss: 50
6,4,1, ss: 50
6,10,7, ss: 50
6,10,11, ss: 50
6,10,1, ss: 50
6,7,11, ss: 50
6,7,1, ss: 50
6,11,7, ss: 50
6,11,1, ss: 50
6,1,7, ss: 50
6,1,11, ss: 50
7,4,6, ss: 50
7,4,11, ss: 50
7,4,1, ss: 50
7,10,6, ss: 50
7,10,11, ss: 50
7,10,1, ss: 50
7,6,11, ss: 50
7,6,1, ss: 50
7,11,6, ss: 50
7,11,1, ss: 50
7,1,6, ss: 50
7,1,11, ss: 50


=== rcno: 6, nData: 137, year: 8, train_course: 0, model: 8 ===
2,9,3,7,5,6


bet: 100
2,9,3, ss: 50
2,9,7, ss: 50
2,9,5, ss: 50
2,9,6, ss: 50
2,3,7, ss: 50
2,3,5, ss: 50
2,3,6, ss: 50
2,7,3, ss: 50
2,7,5, ss: 50
2,7,6, ss: 50
2,5,3, ss: 50
2,5,7, ss: 50
2,5,6, ss: 50
2,6,3, ss: 50
2,6,7, ss: 50
2,6,5, ss: 50
9,2,3, ss: 50
9,2,7, ss: 50
9,2,5, ss: 50
9,2,6, ss: 50
9,3,7, ss: 50
9,3,5, ss: 50
9,3,6, ss: 50
9,7,3, ss: 50
9,7,5, ss: 50
9,7,6, ss: 50
9,5,3, ss: 50
9,5,7, ss: 50
9,5,6, ss: 50
9,6,3, ss: 50
9,6,7, ss: 50
9,6,5, ss: 50
3,2,7, ss: 50
3,2,5, ss: 50
3,2,6, ss: 50
3,9,7, ss: 50
3,9,5, ss: 50
3,9,6, ss: 50
3,7,5, ss: 50
3,7,6, ss: 50
3,5,7, ss: 50
3,5,6, ss: 50
3,6,7, ss: 50
3,6,5, ss: 50
7,2,3, ss: 50
7,2,5, ss: 50
7,2,6, ss: 50
7,9,3, ss: 50
7,9,5, ss: 50
7,9,6, ss: 50
7,3,5, ss: 50
7,3,6, ss: 50
7,5,3, ss: 50
7,5,6, ss: 50
7,6,3, ss: 50
7,6,5, ss: 50


=== rcno: 7, nData: 137, year: 8, train_course: 0, model: 8 ===
4,6,7,8,5,2


bet: 100
4,6,7, ss: 50
4,6,8, ss: 50
4,6,5, ss: 50
4,6,2, ss: 50
4,7,8, ss: 50
4,7,5, ss: 50
4,7,2, ss: 50
4,8,7, ss: 50
4,8,5, ss: 50
4,8,2, ss: 50
4,5,7, ss: 50
4,5,8, ss: 50
4,5,2, ss: 50
4,2,7, ss: 50
4,2,8, ss: 50
4,2,5, ss: 50
6,4,7, ss: 50
6,4,8, ss: 50
6,4,5, ss: 50
6,4,2, ss: 50
6,7,8, ss: 50
6,7,5, ss: 50
6,7,2, ss: 50
6,8,7, ss: 50
6,8,5, ss: 50
6,8,2, ss: 50
6,5,7, ss: 50
6,5,8, ss: 50
6,5,2, ss: 50
6,2,7, ss: 50
6,2,8, ss: 50
6,2,5, ss: 50
7,4,8, ss: 50
7,4,5, ss: 50
7,4,2, ss: 50
7,6,8, ss: 50
7,6,5, ss: 50
7,6,2, ss: 50
7,8,5, ss: 50
7,8,2, ss: 50
7,5,8, ss: 50
7,5,2, ss: 50
7,2,8, ss: 50
7,2,5, ss: 50
8,4,7, ss: 50
8,4,5, ss: 50
8,4,2, ss: 50
8,6,7, ss: 50
8,6,5, ss: 50
8,6,2, ss: 50
8,7,5, ss: 50
8,7,2, ss: 50
8,5,7, ss: 50
8,5,2, ss: 50
8,2,7, ss: 50
8,2,5, ss: 50


=== rcno: 8, nData: 137, year: 8, train_course: 0, model: 8 ===
8,7,2,1,10,3


bet: 100
8,7,2, ss: 50
8,7,1, ss: 50
8,7,10, ss: 50
8,7,3, ss: 50
8,2,1, ss: 50
8,2,10, ss: 50
8,2,3, ss: 50
8,1,2, ss: 50
8,1,10, ss: 50
8,1,3, ss: 50
8,10,2, ss: 50
8,10,1, ss: 50
8,10,3, ss: 50
8,3,2, ss: 50
8,3,1, ss: 50
8,3,10, ss: 50
7,8,2, ss: 50
7,8,1, ss: 50
7,8,10, ss: 50
7,8,3, ss: 50
7,2,1, ss: 50
7,2,10, ss: 50
7,2,3, ss: 50
7,1,2, ss: 50
7,1,10, ss: 50
7,1,3, ss: 50
7,10,2, ss: 50
7,10,1, ss: 50
7,10,3, ss: 50
7,3,2, ss: 50
7,3,1, ss: 50
7,3,10, ss: 50
2,8,1, ss: 50
2,8,10, ss: 50
2,8,3, ss: 50
2,7,1, ss: 50
2,7,10, ss: 50
2,7,3, ss: 50
2,1,10, ss: 50
2,1,3, ss: 50
2,10,1, ss: 50
2,10,3, ss: 50
2,3,1, ss: 50
2,3,10, ss: 50
1,8,2, ss: 50
1,8,10, ss: 50
1,8,3, ss: 50
1,7,2, ss: 50
1,7,10, ss: 50
1,7,3, ss: 50
1,2,10, ss: 50
1,2,3, ss: 50
1,10,2, ss: 50
1,10,3, ss: 50
1,3,2, ss: 50
1,3,10, ss: 50


=== rcno: 9, nData: 137, year: 8, train_course: 0, model: 8 ===
2,6,8,3,9,10


bet: 100
2,6,8, ss: 50
2,6,3, ss: 50
2,6,9, ss: 50
2,6,10, ss: 50
2,8,3, ss: 50
2,8,9, ss: 50
2,8,10, ss: 50
2,3,8, ss: 50
2,3,9, ss: 50
2,3,10, ss: 50
2,9,8, ss: 50
2,9,3, ss: 50
2,9,10, ss: 50
2,10,8, ss: 50
2,10,3, ss: 50
2,10,9, ss: 50
6,2,8, ss: 50
6,2,3, ss: 50
6,2,9, ss: 50
6,2,10, ss: 50
6,8,3, ss: 50
6,8,9, ss: 50
6,8,10, ss: 50
6,3,8, ss: 50
6,3,9, ss: 50
6,3,10, ss: 50
6,9,8, ss: 50
6,9,3, ss: 50
6,9,10, ss: 50
6,10,8, ss: 50
6,10,3, ss: 50
6,10,9, ss: 50
8,2,3, ss: 50
8,2,9, ss: 50
8,2,10, ss: 50
8,6,3, ss: 50
8,6,9, ss: 50
8,6,10, ss: 50
8,3,9, ss: 50
8,3,10, ss: 50
8,9,3, ss: 50
8,9,10, ss: 50
8,10,3, ss: 50
8,10,9, ss: 50
3,2,8, ss: 50
3,2,9, ss: 50
3,2,10, ss: 50
3,6,8, ss: 50
3,6,9, ss: 50
3,6,10, ss: 50
3,8,9, ss: 50
3,8,10, ss: 50
3,9,8, ss: 50
3,9,10, ss: 50
3,10,8, ss: 50
3,10,9, ss: 50


=== rcno: 1, nData: 137, year: 8, train_course: 0, model: 9 ===
5,1,9,4,7,3


bet: 100
5,1,9, ss: 50
5,1,4, ss: 50
5,1,7, ss: 50
5,1,3, ss: 50
5,9,4, ss: 50
5,9,7, ss: 50
5,9,3, ss: 50
5,4,9, ss: 50
5,4,7, ss: 50
5,4,3, ss: 50
5,7,9, ss: 50
5,7,4, ss: 50
5,7,3, ss: 50
5,3,9, ss: 50
5,3,4, ss: 50
5,3,7, ss: 50
1,5,9, ss: 50
1,5,4, ss: 50
1,5,7, ss: 50
1,5,3, ss: 50
1,9,4, ss: 50
1,9,7, ss: 50
1,9,3, ss: 50
1,4,9, ss: 50
1,4,7, ss: 50
1,4,3, ss: 50
1,7,9, ss: 50
1,7,4, ss: 50
1,7,3, ss: 50
1,3,9, ss: 50
1,3,4, ss: 50
1,3,7, ss: 50
9,5,4, ss: 50
9,5,7, ss: 50
9,5,3, ss: 50
9,1,4, ss: 50
9,1,7, ss: 50
9,1,3, ss: 50
9,4,7, ss: 50
9,4,3, ss: 50
9,7,4, ss: 50
9,7,3, ss: 50
9,3,4, ss: 50
9,3,7, ss: 50
4,5,9, ss: 50
4,5,7, ss: 50
4,5,3, ss: 50
4,1,9, ss: 50
4,1,7, ss: 50
4,1,3, ss: 50
4,9,7, ss: 50
4,9,3, ss: 50
4,7,9, ss: 50
4,7,3, ss: 50
4,3,9, ss: 50
4,3,7, ss: 50


=== rcno: 2, nData: 137, year: 8, train_course: 0, model: 9 ===
4,3,2,5,7,9


bet: 100
4,3,2, ss: 50
4,3,5, ss: 50
4,3,7, ss: 50
4,3,9, ss: 50
4,2,5, ss: 50
4,2,7, ss: 50
4,2,9, ss: 50
4,5,2, ss: 50
4,5,7, ss: 50
4,5,9, ss: 50
4,7,2, ss: 50
4,7,5, ss: 50
4,7,9, ss: 50
4,9,2, ss: 50
4,9,5, ss: 50
4,9,7, ss: 50
3,4,2, ss: 50
3,4,5, ss: 50
3,4,7, ss: 50
3,4,9, ss: 50
3,2,5, ss: 50
3,2,7, ss: 50
3,2,9, ss: 50
3,5,2, ss: 50
3,5,7, ss: 50
3,5,9, ss: 50
3,7,2, ss: 50
3,7,5, ss: 50
3,7,9, ss: 50
3,9,2, ss: 50
3,9,5, ss: 50
3,9,7, ss: 50
2,4,5, ss: 50
2,4,7, ss: 50
2,4,9, ss: 50
2,3,5, ss: 50
2,3,7, ss: 50
2,3,9, ss: 50
2,5,7, ss: 50
2,5,9, ss: 50
2,7,5, ss: 50
2,7,9, ss: 50
2,9,5, ss: 50
2,9,7, ss: 50
5,4,2, ss: 50
5,4,7, ss: 50
5,4,9, ss: 50
5,3,2, ss: 50
5,3,7, ss: 50
5,3,9, ss: 50
5,2,7, ss: 50
5,2,9, ss: 50
5,7,2, ss: 50
5,7,9, ss: 50
5,9,2, ss: 50
5,9,7, ss: 50


=== rcno: 3, nData: 137, year: 8, train_course: 0, model: 9 ===
6,2,1,4,7,3


bet: 100
6,2,1, ss: 50
6,2,4, ss: 50
6,2,7, ss: 50
6,2,3, ss: 50
6,1,4, ss: 50
6,1,7, ss: 50
6,1,3, ss: 50
6,4,1, ss: 50
6,4,7, ss: 50
6,4,3, ss: 50
6,7,1, ss: 50
6,7,4, ss: 50
6,7,3, ss: 50
6,3,1, ss: 50
6,3,4, ss: 50
6,3,7, ss: 50
2,6,1, ss: 50
2,6,4, ss: 50
2,6,7, ss: 50
2,6,3, ss: 50
2,1,4, ss: 50
2,1,7, ss: 50
2,1,3, ss: 50
2,4,1, ss: 50
2,4,7, ss: 50
2,4,3, ss: 50
2,7,1, ss: 50
2,7,4, ss: 50
2,7,3, ss: 50
2,3,1, ss: 50
2,3,4, ss: 50
2,3,7, ss: 50
1,6,4, ss: 50
1,6,7, ss: 50
1,6,3, ss: 50
1,2,4, ss: 50
1,2,7, ss: 50
1,2,3, ss: 50
1,4,7, ss: 50
1,4,3, ss: 50
1,7,4, ss: 50
1,7,3, ss: 50
1,3,4, ss: 50
1,3,7, ss: 50
4,6,1, ss: 50
4,6,7, ss: 50
4,6,3, ss: 50
4,2,1, ss: 50
4,2,7, ss: 50
4,2,3, ss: 50
4,1,7, ss: 50
4,1,3, ss: 50
4,7,1, ss: 50
4,7,3, ss: 50
4,3,1, ss: 50
4,3,7, ss: 50


=== rcno: 4, nData: 137, year: 8, train_course: 0, model: 9 ===
5,12,6,1,9,2


bet: 100
5,12,6, ss: 50
5,12,1, ss: 50
5,12,9, ss: 50
5,12,2, ss: 50
5,6,1, ss: 50
5,6,9, ss: 50
5,6,2, ss: 50
5,1,6, ss: 50
5,1,9, ss: 50
5,1,2, ss: 50
5,9,6, ss: 50
5,9,1, ss: 50
5,9,2, ss: 50
5,2,6, ss: 50
5,2,1, ss: 50
5,2,9, ss: 50
12,5,6, ss: 50
12,5,1, ss: 50
12,5,9, ss: 50
12,5,2, ss: 50
12,6,1, ss: 50
12,6,9, ss: 50
12,6,2, ss: 50
12,1,6, ss: 50
12,1,9, ss: 50
12,1,2, ss: 50
12,9,6, ss: 50
12,9,1, ss: 50
12,9,2, ss: 50
12,2,6, ss: 50
12,2,1, ss: 50
12,2,9, ss: 50
6,5,1, ss: 50
6,5,9, ss: 50
6,5,2, ss: 50
6,12,1, ss: 50
6,12,9, ss: 50
6,12,2, ss: 50
6,1,9, ss: 50
6,1,2, ss: 50
6,9,1, ss: 50
6,9,2, ss: 50
6,2,1, ss: 50
6,2,9, ss: 50
1,5,6, ss: 50
1,5,9, ss: 50
1,5,2, ss: 50
1,12,6, ss: 50
1,12,9, ss: 50
1,12,2, ss: 50
1,6,9, ss: 50
1,6,2, ss: 50
1,9,6, ss: 50
1,9,2, ss: 50
1,2,6, ss: 50
1,2,9, ss: 50


=== rcno: 5, nData: 137, year: 8, train_course: 0, model: 9 ===
10,4,6,7,1,8


bet: 100
10,4,6, ss: 50
10,4,7, ss: 50
10,4,1, ss: 50
10,4,8, ss: 50
10,6,7, ss: 50
10,6,1, ss: 50
10,6,8, ss: 50
10,7,6, ss: 50
10,7,1, ss: 50
10,7,8, ss: 50
10,1,6, ss: 50
10,1,7, ss: 50
10,1,8, ss: 50
10,8,6, ss: 50
10,8,7, ss: 50
10,8,1, ss: 50
4,10,6, ss: 50
4,10,7, ss: 50
4,10,1, ss: 50
4,10,8, ss: 50
4,6,7, ss: 50
4,6,1, ss: 50
4,6,8, ss: 50
4,7,6, ss: 50
4,7,1, ss: 50
4,7,8, ss: 50
4,1,6, ss: 50
4,1,7, ss: 50
4,1,8, ss: 50
4,8,6, ss: 50
4,8,7, ss: 50
4,8,1, ss: 50
6,10,7, ss: 50
6,10,1, ss: 50
6,10,8, ss: 50
6,4,7, ss: 50
6,4,1, ss: 50
6,4,8, ss: 50
6,7,1, ss: 50
6,7,8, ss: 50
6,1,7, ss: 50
6,1,8, ss: 50
6,8,7, ss: 50
6,8,1, ss: 50
7,10,6, ss: 50
7,10,1, ss: 50
7,10,8, ss: 50
7,4,6, ss: 50
7,4,1, ss: 50
7,4,8, ss: 50
7,6,1, ss: 50
7,6,8, ss: 50
7,1,6, ss: 50
7,1,8, ss: 50
7,8,6, ss: 50
7,8,1, ss: 50


=== rcno: 6, nData: 137, year: 8, train_course: 0, model: 9 ===
2,9,3,7,5,6


bet: 100
2,9,3, ss: 50
2,9,7, ss: 50
2,9,5, ss: 50
2,9,6, ss: 50
2,3,7, ss: 50
2,3,5, ss: 50
2,3,6, ss: 50
2,7,3, ss: 50
2,7,5, ss: 50
2,7,6, ss: 50
2,5,3, ss: 50
2,5,7, ss: 50
2,5,6, ss: 50
2,6,3, ss: 50
2,6,7, ss: 50
2,6,5, ss: 50
9,2,3, ss: 50
9,2,7, ss: 50
9,2,5, ss: 50
9,2,6, ss: 50
9,3,7, ss: 50
9,3,5, ss: 50
9,3,6, ss: 50
9,7,3, ss: 50
9,7,5, ss: 50
9,7,6, ss: 50
9,5,3, ss: 50
9,5,7, ss: 50
9,5,6, ss: 50
9,6,3, ss: 50
9,6,7, ss: 50
9,6,5, ss: 50
3,2,7, ss: 50
3,2,5, ss: 50
3,2,6, ss: 50
3,9,7, ss: 50
3,9,5, ss: 50
3,9,6, ss: 50
3,7,5, ss: 50
3,7,6, ss: 50
3,5,7, ss: 50
3,5,6, ss: 50
3,6,7, ss: 50
3,6,5, ss: 50
7,2,3, ss: 50
7,2,5, ss: 50
7,2,6, ss: 50
7,9,3, ss: 50
7,9,5, ss: 50
7,9,6, ss: 50
7,3,5, ss: 50
7,3,6, ss: 50
7,5,3, ss: 50
7,5,6, ss: 50
7,6,3, ss: 50
7,6,5, ss: 50


=== rcno: 7, nData: 137, year: 8, train_course: 0, model: 9 ===
4,6,7,8,5,2


bet: 100
4,6,7, ss: 50
4,6,8, ss: 50
4,6,5, ss: 50
4,6,2, ss: 50
4,7,8, ss: 50
4,7,5, ss: 50
4,7,2, ss: 50
4,8,7, ss: 50
4,8,5, ss: 50
4,8,2, ss: 50
4,5,7, ss: 50
4,5,8, ss: 50
4,5,2, ss: 50
4,2,7, ss: 50
4,2,8, ss: 50
4,2,5, ss: 50
6,4,7, ss: 50
6,4,8, ss: 50
6,4,5, ss: 50
6,4,2, ss: 50
6,7,8, ss: 50
6,7,5, ss: 50
6,7,2, ss: 50
6,8,7, ss: 50
6,8,5, ss: 50
6,8,2, ss: 50
6,5,7, ss: 50
6,5,8, ss: 50
6,5,2, ss: 50
6,2,7, ss: 50
6,2,8, ss: 50
6,2,5, ss: 50
7,4,8, ss: 50
7,4,5, ss: 50
7,4,2, ss: 50
7,6,8, ss: 50
7,6,5, ss: 50
7,6,2, ss: 50
7,8,5, ss: 50
7,8,2, ss: 50
7,5,8, ss: 50
7,5,2, ss: 50
7,2,8, ss: 50
7,2,5, ss: 50
8,4,7, ss: 50
8,4,5, ss: 50
8,4,2, ss: 50
8,6,7, ss: 50
8,6,5, ss: 50
8,6,2, ss: 50
8,7,5, ss: 50
8,7,2, ss: 50
8,5,7, ss: 50
8,5,2, ss: 50
8,2,7, ss: 50
8,2,5, ss: 50


=== rcno: 8, nData: 137, year: 8, train_course: 0, model: 9 ===
7,1,8,3,5,2


bet: 100
7,1,8, ss: 50
7,1,3, ss: 50
7,1,5, ss: 50
7,1,2, ss: 50
7,8,3, ss: 50
7,8,5, ss: 50
7,8,2, ss: 50
7,3,8, ss: 50
7,3,5, ss: 50
7,3,2, ss: 50
7,5,8, ss: 50
7,5,3, ss: 50
7,5,2, ss: 50
7,2,8, ss: 50
7,2,3, ss: 50
7,2,5, ss: 50
1,7,8, ss: 50
1,7,3, ss: 50
1,7,5, ss: 50
1,7,2, ss: 50
1,8,3, ss: 50
1,8,5, ss: 50
1,8,2, ss: 50
1,3,8, ss: 50
1,3,5, ss: 50
1,3,2, ss: 50
1,5,8, ss: 50
1,5,3, ss: 50
1,5,2, ss: 50
1,2,8, ss: 50
1,2,3, ss: 50
1,2,5, ss: 50
8,7,3, ss: 50
8,7,5, ss: 50
8,7,2, ss: 50
8,1,3, ss: 50
8,1,5, ss: 50
8,1,2, ss: 50
8,3,5, ss: 50
8,3,2, ss: 50
8,5,3, ss: 50
8,5,2, ss: 50
8,2,3, ss: 50
8,2,5, ss: 50
3,7,8, ss: 50
3,7,5, ss: 50
3,7,2, ss: 50
3,1,8, ss: 50
3,1,5, ss: 50
3,1,2, ss: 50
3,8,5, ss: 50
3,8,2, ss: 50
3,5,8, ss: 50
3,5,2, ss: 50
3,2,8, ss: 50
3,2,5, ss: 50


=== rcno: 9, nData: 137, year: 8, train_course: 0, model: 9 ===
2,6,3,9,8,10


bet: 100
2,6,3, ss: 50
2,6,9, ss: 50
2,6,8, ss: 50
2,6,10, ss: 50
2,3,9, ss: 50
2,3,8, ss: 50
2,3,10, ss: 50
2,9,3, ss: 50
2,9,8, ss: 50
2,9,10, ss: 50
2,8,3, ss: 50
2,8,9, ss: 50
2,8,10, ss: 50
2,10,3, ss: 50
2,10,9, ss: 50
2,10,8, ss: 50
6,2,3, ss: 50
6,2,9, ss: 50
6,2,8, ss: 50
6,2,10, ss: 50
6,3,9, ss: 50
6,3,8, ss: 50
6,3,10, ss: 50
6,9,3, ss: 50
6,9,8, ss: 50
6,9,10, ss: 50
6,8,3, ss: 50
6,8,9, ss: 50
6,8,10, ss: 50
6,10,3, ss: 50
6,10,9, ss: 50
6,10,8, ss: 50
3,2,9, ss: 50
3,2,8, ss: 50
3,2,10, ss: 50
3,6,9, ss: 50
3,6,8, ss: 50
3,6,10, ss: 50
3,9,8, ss: 50
3,9,10, ss: 50
3,8,9, ss: 50
3,8,10, ss: 50
3,10,9, ss: 50
3,10,8, ss: 50
9,2,3, ss: 50
9,2,8, ss: 50
9,2,10, ss: 50
9,6,3, ss: 50
9,6,8, ss: 50
9,6,10, ss: 50
9,3,8, ss: 50
9,3,10, ss: 50
9,8,3, ss: 50
9,8,10, ss: 50
9,10,3, ss: 50
9,10,8, ss: 50


=== rcno: 1, nData: 137, year: 8, train_course: 0, model: 10 ===
1,9,5,7,4,6


bet: 100
1,9,5, ss: 50
1,9,7, ss: 50
1,9,4, ss: 50
1,9,6, ss: 50
1,5,7, ss: 50
1,5,4, ss: 50
1,5,6, ss: 50
1,7,5, ss: 50
1,7,4, ss: 50
1,7,6, ss: 50
1,4,5, ss: 50
1,4,7, ss: 50
1,4,6, ss: 50
1,6,5, ss: 50
1,6,7, ss: 50
1,6,4, ss: 50
9,1,5, ss: 50
9,1,7, ss: 50
9,1,4, ss: 50
9,1,6, ss: 50
9,5,7, ss: 50
9,5,4, ss: 50
9,5,6, ss: 50
9,7,5, ss: 50
9,7,4, ss: 50
9,7,6, ss: 50
9,4,5, ss: 50
9,4,7, ss: 50
9,4,6, ss: 50
9,6,5, ss: 50
9,6,7, ss: 50
9,6,4, ss: 50
5,1,7, ss: 50
5,1,4, ss: 50
5,1,6, ss: 50
5,9,7, ss: 50
5,9,4, ss: 50
5,9,6, ss: 50
5,7,4, ss: 50
5,7,6, ss: 50
5,4,7, ss: 50
5,4,6, ss: 50
5,6,7, ss: 50
5,6,4, ss: 50
7,1,5, ss: 50
7,1,4, ss: 50
7,1,6, ss: 50
7,9,5, ss: 50
7,9,4, ss: 50
7,9,6, ss: 50
7,5,4, ss: 50
7,5,6, ss: 50
7,4,5, ss: 50
7,4,6, ss: 50
7,6,5, ss: 50
7,6,4, ss: 50


=== rcno: 2, nData: 137, year: 8, train_course: 0, model: 10 ===
4,3,7,6,5,2


bet: 100
4,3,7, ss: 50
4,3,6, ss: 50
4,3,5, ss: 50
4,3,2, ss: 50
4,7,6, ss: 50
4,7,5, ss: 50
4,7,2, ss: 50
4,6,7, ss: 50
4,6,5, ss: 50
4,6,2, ss: 50
4,5,7, ss: 50
4,5,6, ss: 50
4,5,2, ss: 50
4,2,7, ss: 50
4,2,6, ss: 50
4,2,5, ss: 50
3,4,7, ss: 50
3,4,6, ss: 50
3,4,5, ss: 50
3,4,2, ss: 50
3,7,6, ss: 50
3,7,5, ss: 50
3,7,2, ss: 50
3,6,7, ss: 50
3,6,5, ss: 50
3,6,2, ss: 50
3,5,7, ss: 50
3,5,6, ss: 50
3,5,2, ss: 50
3,2,7, ss: 50
3,2,6, ss: 50
3,2,5, ss: 50
7,4,6, ss: 50
7,4,5, ss: 50
7,4,2, ss: 50
7,3,6, ss: 50
7,3,5, ss: 50
7,3,2, ss: 50
7,6,5, ss: 50
7,6,2, ss: 50
7,5,6, ss: 50
7,5,2, ss: 50
7,2,6, ss: 50
7,2,5, ss: 50
6,4,7, ss: 50
6,4,5, ss: 50
6,4,2, ss: 50
6,3,7, ss: 50
6,3,5, ss: 50
6,3,2, ss: 50
6,7,5, ss: 50
6,7,2, ss: 50
6,5,7, ss: 50
6,5,2, ss: 50
6,2,7, ss: 50
6,2,5, ss: 50


=== rcno: 3, nData: 137, year: 8, train_course: 0, model: 10 ===
2,6,1,7,4,3


bet: 100
2,6,1, ss: 50
2,6,7, ss: 50
2,6,4, ss: 50
2,6,3, ss: 50
2,1,7, ss: 50
2,1,4, ss: 50
2,1,3, ss: 50
2,7,1, ss: 50
2,7,4, ss: 50
2,7,3, ss: 50
2,4,1, ss: 50
2,4,7, ss: 50
2,4,3, ss: 50
2,3,1, ss: 50
2,3,7, ss: 50
2,3,4, ss: 50
6,2,1, ss: 50
6,2,7, ss: 50
6,2,4, ss: 50
6,2,3, ss: 50
6,1,7, ss: 50
6,1,4, ss: 50
6,1,3, ss: 50
6,7,1, ss: 50
6,7,4, ss: 50
6,7,3, ss: 50
6,4,1, ss: 50
6,4,7, ss: 50
6,4,3, ss: 50
6,3,1, ss: 50
6,3,7, ss: 50
6,3,4, ss: 50
1,2,7, ss: 50
1,2,4, ss: 50
1,2,3, ss: 50
1,6,7, ss: 50
1,6,4, ss: 50
1,6,3, ss: 50
1,7,4, ss: 50
1,7,3, ss: 50
1,4,7, ss: 50
1,4,3, ss: 50
1,3,7, ss: 50
1,3,4, ss: 50
7,2,1, ss: 50
7,2,4, ss: 50
7,2,3, ss: 50
7,6,1, ss: 50
7,6,4, ss: 50
7,6,3, ss: 50
7,1,4, ss: 50
7,1,3, ss: 50
7,4,1, ss: 50
7,4,3, ss: 50
7,3,1, ss: 50
7,3,4, ss: 50


=== rcno: 4, nData: 137, year: 8, train_course: 0, model: 10 ===
6,5,1,7,12,2


bet: 100
6,5,1, ss: 50
6,5,7, ss: 50
6,5,12, ss: 50
6,5,2, ss: 50
6,1,7, ss: 50
6,1,12, ss: 50
6,1,2, ss: 50
6,7,1, ss: 50
6,7,12, ss: 50
6,7,2, ss: 50
6,12,1, ss: 50
6,12,7, ss: 50
6,12,2, ss: 50
6,2,1, ss: 50
6,2,7, ss: 50
6,2,12, ss: 50
5,6,1, ss: 50
5,6,7, ss: 50
5,6,12, ss: 50
5,6,2, ss: 50
5,1,7, ss: 50
5,1,12, ss: 50
5,1,2, ss: 50
5,7,1, ss: 50
5,7,12, ss: 50
5,7,2, ss: 50
5,12,1, ss: 50
5,12,7, ss: 50
5,12,2, ss: 50
5,2,1, ss: 50
5,2,7, ss: 50
5,2,12, ss: 50
1,6,7, ss: 50
1,6,12, ss: 50
1,6,2, ss: 50
1,5,7, ss: 50
1,5,12, ss: 50
1,5,2, ss: 50
1,7,12, ss: 50
1,7,2, ss: 50
1,12,7, ss: 50
1,12,2, ss: 50
1,2,7, ss: 50
1,2,12, ss: 50
7,6,1, ss: 50
7,6,12, ss: 50
7,6,2, ss: 50
7,5,1, ss: 50
7,5,12, ss: 50
7,5,2, ss: 50
7,1,12, ss: 50
7,1,2, ss: 50
7,12,1, ss: 50
7,12,2, ss: 50
7,2,1, ss: 50
7,2,12, ss: 50


=== rcno: 5, nData: 137, year: 8, train_course: 0, model: 10 ===
4,10,6,1,7,11


bet: 100
4,10,6, ss: 50
4,10,1, ss: 50
4,10,7, ss: 50
4,10,11, ss: 50
4,6,1, ss: 50
4,6,7, ss: 50
4,6,11, ss: 50
4,1,6, ss: 50
4,1,7, ss: 50
4,1,11, ss: 50
4,7,6, ss: 50
4,7,1, ss: 50
4,7,11, ss: 50
4,11,6, ss: 50
4,11,1, ss: 50
4,11,7, ss: 50
10,4,6, ss: 50
10,4,1, ss: 50
10,4,7, ss: 50
10,4,11, ss: 50
10,6,1, ss: 50
10,6,7, ss: 50
10,6,11, ss: 50
10,1,6, ss: 50
10,1,7, ss: 50
10,1,11, ss: 50
10,7,6, ss: 50
10,7,1, ss: 50
10,7,11, ss: 50
10,11,6, ss: 50
10,11,1, ss: 50
10,11,7, ss: 50
6,4,1, ss: 50
6,4,7, ss: 50
6,4,11, ss: 50
6,10,1, ss: 50
6,10,7, ss: 50
6,10,11, ss: 50
6,1,7, ss: 50
6,1,11, ss: 50
6,7,1, ss: 50
6,7,11, ss: 50
6,11,1, ss: 50
6,11,7, ss: 50
1,4,6, ss: 50
1,4,7, ss: 50
1,4,11, ss: 50
1,10,6, ss: 50
1,10,7, ss: 50
1,10,11, ss: 50
1,6,7, ss: 50
1,6,11, ss: 50
1,7,6, ss: 50
1,7,11, ss: 50
1,11,6, ss: 50
1,11,7, ss: 50


=== rcno: 6, nData: 137, year: 8, train_course: 0, model: 10 ===
2,9,3,7,5,6


bet: 100
2,9,3, ss: 50
2,9,7, ss: 50
2,9,5, ss: 50
2,9,6, ss: 50
2,3,7, ss: 50
2,3,5, ss: 50
2,3,6, ss: 50
2,7,3, ss: 50
2,7,5, ss: 50
2,7,6, ss: 50
2,5,3, ss: 50
2,5,7, ss: 50
2,5,6, ss: 50
2,6,3, ss: 50
2,6,7, ss: 50
2,6,5, ss: 50
9,2,3, ss: 50
9,2,7, ss: 50
9,2,5, ss: 50
9,2,6, ss: 50
9,3,7, ss: 50
9,3,5, ss: 50
9,3,6, ss: 50
9,7,3, ss: 50
9,7,5, ss: 50
9,7,6, ss: 50
9,5,3, ss: 50
9,5,7, ss: 50
9,5,6, ss: 50
9,6,3, ss: 50
9,6,7, ss: 50
9,6,5, ss: 50
3,2,7, ss: 50
3,2,5, ss: 50
3,2,6, ss: 50
3,9,7, ss: 50
3,9,5, ss: 50
3,9,6, ss: 50
3,7,5, ss: 50
3,7,6, ss: 50
3,5,7, ss: 50
3,5,6, ss: 50
3,6,7, ss: 50
3,6,5, ss: 50
7,2,3, ss: 50
7,2,5, ss: 50
7,2,6, ss: 50
7,9,3, ss: 50
7,9,5, ss: 50
7,9,6, ss: 50
7,3,5, ss: 50
7,3,6, ss: 50
7,5,3, ss: 50
7,5,6, ss: 50
7,6,3, ss: 50
7,6,5, ss: 50


=== rcno: 7, nData: 137, year: 8, train_course: 0, model: 10 ===
6,4,7,8,5,1


bet: 100
6,4,7, ss: 50
6,4,8, ss: 50
6,4,5, ss: 50
6,4,1, ss: 50
6,7,8, ss: 50
6,7,5, ss: 50
6,7,1, ss: 50
6,8,7, ss: 50
6,8,5, ss: 50
6,8,1, ss: 50
6,5,7, ss: 50
6,5,8, ss: 50
6,5,1, ss: 50
6,1,7, ss: 50
6,1,8, ss: 50
6,1,5, ss: 50
4,6,7, ss: 50
4,6,8, ss: 50
4,6,5, ss: 50
4,6,1, ss: 50
4,7,8, ss: 50
4,7,5, ss: 50
4,7,1, ss: 50
4,8,7, ss: 50
4,8,5, ss: 50
4,8,1, ss: 50
4,5,7, ss: 50
4,5,8, ss: 50
4,5,1, ss: 50
4,1,7, ss: 50
4,1,8, ss: 50
4,1,5, ss: 50
7,6,8, ss: 50
7,6,5, ss: 50
7,6,1, ss: 50
7,4,8, ss: 50
7,4,5, ss: 50
7,4,1, ss: 50
7,8,5, ss: 50
7,8,1, ss: 50
7,5,8, ss: 50
7,5,1, ss: 50
7,1,8, ss: 50
7,1,5, ss: 50
8,6,7, ss: 50
8,6,5, ss: 50
8,6,1, ss: 50
8,4,7, ss: 50
8,4,5, ss: 50
8,4,1, ss: 50
8,7,5, ss: 50
8,7,1, ss: 50
8,5,7, ss: 50
8,5,1, ss: 50
8,1,7, ss: 50
8,1,5, ss: 50


=== rcno: 8, nData: 137, year: 8, train_course: 0, model: 10 ===
5,7,1,9,10,8


bet: 100
5,7,1, ss: 50
5,7,9, ss: 50
5,7,10, ss: 50
5,7,8, ss: 50
5,1,9, ss: 50
5,1,10, ss: 50
5,1,8, ss: 50
5,9,1, ss: 50
5,9,10, ss: 50
5,9,8, ss: 50
5,10,1, ss: 50
5,10,9, ss: 50
5,10,8, ss: 50
5,8,1, ss: 50
5,8,9, ss: 50
5,8,10, ss: 50
7,5,1, ss: 50
7,5,9, ss: 50
7,5,10, ss: 50
7,5,8, ss: 50
7,1,9, ss: 50
7,1,10, ss: 50
7,1,8, ss: 50
7,9,1, ss: 50
7,9,10, ss: 50
7,9,8, ss: 50
7,10,1, ss: 50
7,10,9, ss: 50
7,10,8, ss: 50
7,8,1, ss: 50
7,8,9, ss: 50
7,8,10, ss: 50
1,5,9, ss: 50
1,5,10, ss: 50
1,5,8, ss: 50
1,7,9, ss: 50
1,7,10, ss: 50
1,7,8, ss: 50
1,9,10, ss: 50
1,9,8, ss: 50
1,10,9, ss: 50
1,10,8, ss: 50
1,8,9, ss: 50
1,8,10, ss: 50
9,5,1, ss: 50
9,5,10, ss: 50
9,5,8, ss: 50
9,7,1, ss: 50
9,7,10, ss: 50
9,7,8, ss: 50
9,1,10, ss: 50
9,1,8, ss: 50
9,10,1, ss: 50
9,10,8, ss: 50
9,8,1, ss: 50
9,8,10, ss: 50


=== rcno: 9, nData: 137, year: 8, train_course: 0, model: 10 ===
2,6,9,3,1,4


bet: 100
2,6,9, ss: 50
2,6,3, ss: 50
2,6,1, ss: 50
2,6,4, ss: 50
2,9,3, ss: 50
2,9,1, ss: 50
2,9,4, ss: 50
2,3,9, ss: 50
2,3,1, ss: 50
2,3,4, ss: 50
2,1,9, ss: 50
2,1,3, ss: 50
2,1,4, ss: 50
2,4,9, ss: 50
2,4,3, ss: 50
2,4,1, ss: 50
6,2,9, ss: 50
6,2,3, ss: 50
6,2,1, ss: 50
6,2,4, ss: 50
6,9,3, ss: 50
6,9,1, ss: 50
6,9,4, ss: 50
6,3,9, ss: 50
6,3,1, ss: 50
6,3,4, ss: 50
6,1,9, ss: 50
6,1,3, ss: 50
6,1,4, ss: 50
6,4,9, ss: 50
6,4,3, ss: 50
6,4,1, ss: 50
9,2,3, ss: 50
9,2,1, ss: 50
9,2,4, ss: 50
9,6,3, ss: 50
9,6,1, ss: 50
9,6,4, ss: 50
9,3,1, ss: 50
9,3,4, ss: 50
9,1,3, ss: 50
9,1,4, ss: 50
9,4,3, ss: 50
9,4,1, ss: 50
3,2,9, ss: 50
3,2,1, ss: 50
3,2,4, ss: 50
3,6,9, ss: 50
3,6,1, ss: 50
3,6,4, ss: 50
3,9,1, ss: 50
3,9,4, ss: 50
3,1,9, ss: 50
3,1,4, ss: 50
3,4,9, ss: 50
3,4,1, ss: 50