


=== rcno: 1, nData: 186, year: 4, train_course: 0, model: 0 ===
9,1,4,6,5,7


bet: 700
9,1,4
9,4,1
1,9,4
1,4,9

bet: 700
6,5,7
6,7,5
5,6,7
5,7,6
7,6,5
7,5,6


=== rcno: 1, nData: 186, year: 4, train_course: 0, model: 1 ===
9,5,4,6,1,10


bet: 700
9,5,4
9,4,5
5,9,4
5,4,9

bet: 700
6,1,10
6,10,1
1,6,10
1,10,6
10,6,1
10,1,6


=== rcno: 1, nData: 186, year: 4, train_course: 0, model: 2 ===
1,7,9,5,6,4


bet: 700
1,7,9
1,9,7
7,1,9
7,9,1

bet: 700
5,6,4
5,4,6
6,5,4
6,4,5
4,5,6
4,6,5


=== rcno: 1, nData: 186, year: 4, train_course: 0, model: 3 ===
9,1,5,4,6,7


bet: 700
9,1,5
9,5,1
1,9,5
1,5,9

bet: 700
4,6,7
4,7,6
6,4,7
6,7,4
7,4,6
7,6,4


=== rcno: 1, nData: 186, year: 6, train_course: 0, model: 0 ===
9,4,1,5,6,7


bet: 700
9,4,1
9,1,4
4,9,1
4,1,9

bet: 700
5,6,7
5,7,6
6,5,7
6,7,5
7,5,6
7,6,5


=== rcno: 1, nData: 186, year: 6, train_course: 0, model: 1 ===
1,9,6,7,4,5


bet: 700
1,9,6
1,6,9
9,1,6
9,6,1

bet: 700
7,4,5
7,5,4
4,7,5
4,5,7
5,7,4
5,4,7


=== rcno: 1, nData: 186, year: 6, train_course: 0, model: 2 ===
9,1,5,4,6,7


bet: 700
9,1,5
9,5,1
1,9,5
1,5,9

bet: 700
4,6,7
4,7,6
6,4,7
6,7,4
7,4,6
7,6,4


=== rcno: 1, nData: 186, year: 6, train_course: 0, model: 3 ===
9,1,4,6,5,7


bet: 700
9,1,4
9,4,1
1,9,4
1,4,9

bet: 700
6,5,7
6,7,5
5,6,7
5,7,6
7,6,5
7,5,6


=== rcno: 1, nData: 186, year: 8, train_course: 0 ===
9,1,6,4,5,7


bet: 700
9,1,6
9,6,1
1,9,6
1,6,9

bet: 700
4,5,7
4,7,5
5,4,7
5,7,4
7,4,5
7,5,4


=== rcno: 1, nData: 186, year: 4, train_course: 0, model: 0 ===
1,9,6,7,5,4


bet: 700
1,9,6
1,6,9
9,1,6
9,6,1

bet: 700
7,5,4
7,4,5
5,7,4
5,4,7
4,7,5
4,5,7


=== rcno: 1, nData: 186, year: 4, train_course: 0, model: 1 ===
9,5,4,1,6,7


bet: 700
9,5,4
9,4,5
5,9,4
5,4,9

bet: 700
1,6,7
1,7,6
6,1,7
6,7,1
7,1,6
7,6,1


=== rcno: 1, nData: 186, year: 4, train_course: 0, model: 2 ===
1,5,9,7,6,4


bet: 700
1,5,9
1,9,5
5,1,9
5,9,1

bet: 700
7,6,4
7,4,6
6,7,4
6,4,7
4,7,6
4,6,7


=== rcno: 1, nData: 186, year: 4, train_course: 0, model: 3 ===
1,9,5,4,6,7


bet: 700
1,9,5
1,5,9
9,1,5
9,5,1

bet: 700
4,6,7
4,7,6
6,4,7
6,7,4
7,4,6
7,6,4


=== rcno: 1, nData: 186, year: 6, train_course: 0, model: 0 ===
9,4,1,5,6,7


bet: 700
9,4,1
9,1,4
4,9,1
4,1,9

bet: 700
5,6,7
5,7,6
6,5,7
6,7,5
7,5,6
7,6,5


=== rcno: 1, nData: 186, year: 6, train_course: 0, model: 1 ===
9,1,6,5,7,4


bet: 700
9,1,6
9,6,1
1,9,6
1,6,9

bet: 700
5,7,4
5,4,7
7,5,4
7,4,5
4,5,7
4,7,5


=== rcno: 1, nData: 186, year: 6, train_course: 0, model: 2 ===
9,5,6,1,4,7


bet: 700
9,5,6
9,6,5
5,9,6
5,6,9

bet: 700
1,4,7
1,7,4
4,1,7
4,7,1
7,1,4
7,4,1


=== rcno: 1, nData: 186, year: 6, train_course: 0, model: 3 ===
9,1,5,6,4,7


bet: 700
9,1,5
9,5,1
1,9,5
1,5,9

bet: 700
6,4,7
6,7,4
4,6,7
4,7,6
7,6,4
7,4,6


=== rcno: 1, nData: 186, year: 8, train_course: 0 ===
9,1,6,4,5,7


bet: 700
9,1,6
9,6,1
1,9,6
1,6,9

bet: 700
4,5,7
4,7,5
5,4,7
5,7,4
7,4,5
7,5,4


=== rcno: 1, nData: 186, year: 8, train_course: 0, model: 0 ===
1,9,6,5,4,7


bet: 700
1,9,6
1,6,9
9,1,6
9,6,1

bet: 700
5,4,7
5,7,4
4,5,7
4,7,5
7,5,4
7,4,5


=== rcno: 1, nData: 186, year: 8, train_course: 0, model: 1 ===
9,1,6,5,4,7


bet: 700
9,1,6
9,6,1
1,9,6
1,6,9

bet: 700
5,4,7
5,7,4
4,5,7
4,7,5
7,5,4
7,4,5


=== rcno: 1, nData: 186, year: 8, train_course: 0, model: 2 ===
9,5,6,1,4,7


bet: 700
9,5,6
9,6,5
5,9,6
5,6,9

bet: 700
1,4,7
1,7,4
4,1,7
4,7,1
7,1,4
7,4,1


=== rcno: 1, nData: 186, year: 8, train_course: 0, model: 3 ===
9,1,6,5,4,7


bet: 700
9,1,6
9,6,1
1,9,6
1,6,9

bet: 700
5,4,7
5,7,4
4,5,7
4,7,5
7,5,4
7,4,5


=== rcno: 1, nData: 186, year: 4, train_course: 0, model: 0 ===
9,1,4,6,5,7

9,1,4, ss: 1000
1,9,4, ss: 500
1,4,9, ss: 500
9,4,1, ss: 500
9,1,4, sb: 1000


=== rcno: 1, nData: 186, year: 4, train_course: 0, model: 1 ===
9,5,4,6,1,10

9,5,4, ss: 1000
5,9,4, ss: 500
5,4,9, ss: 500
9,4,5, ss: 500
9,5,4, sb: 1000


=== rcno: 1, nData: 186, year: 4, train_course: 0, model: 2 ===
1,7,9,4,5,6

1,7,9, ss: 1000
7,1,9, ss: 500
7,9,1, ss: 500
1,9,7, ss: 500
1,7,9, sb: 1000


=== rcno: 1, nData: 186, year: 4, train_course: 0, model: 3 ===
9,1,4,5,6,7

9,1,4, ss: 1000
1,9,4, ss: 500
1,4,9, ss: 500
9,4,1, ss: 500
9,1,4, sb: 1000


=== rcno: 1, nData: 186, year: 6, train_course: 0, model: 0 ===
9,4,1,5,6,7

9,4,1, ss: 1000
4,9,1, ss: 500
4,1,9, ss: 500
9,1,4, ss: 500
9,4,1, sb: 1000


=== rcno: 1, nData: 186, year: 6, train_course: 0, model: 1 ===
1,9,6,7,4,5

1,9,6, ss: 1000
9,1,6, ss: 500
9,6,1, ss: 500
1,6,9, ss: 500
1,9,6, sb: 1000


=== rcno: 1, nData: 186, year: 6, train_course: 0, model: 2 ===
9,1,5,4,6,7

9,1,5, ss: 1000
1,9,5, ss: 500
1,5,9, ss: 500
9,5,1, ss: 500
9,1,5, sb: 1000


=== rcno: 1, nData: 186, year: 6, train_course: 0, model: 3 ===
9,1,4,6,5,7

9,1,4, ss: 1000
1,9,4, ss: 500
1,4,9, ss: 500
9,4,1, ss: 500
9,1,4, sb: 1000


=== rcno: 1, nData: 186, year: 8, train_course: 0, model: 0 ===
9,1,6,4,5,7

9,1,6, ss: 1000
1,9,6, ss: 500
1,6,9, ss: 500
9,6,1, ss: 500
9,1,6, sb: 1000


=== rcno: 1, nData: 186, year: 8, train_course: 0, model: 1 ===
1,9,6,7,4,5

1,9,6, ss: 1000
9,1,6, ss: 500
9,6,1, ss: 500
1,6,9, ss: 500
1,9,6, sb: 1000


=== rcno: 1, nData: 186, year: 8, train_course: 0, model: 2 ===
9,4,5,1,6,7

9,4,5, ss: 1000
4,9,5, ss: 500
4,5,9, ss: 500
9,5,4, ss: 500
9,4,5, sb: 1000


=== rcno: 1, nData: 186, year: 8, train_course: 0, model: 3 ===
9,1,6,4,5,7

9,1,6, ss: 1000
1,9,6, ss: 500
1,6,9, ss: 500
9,6,1, ss: 500
9,1,6, sb: 1000