


=== rcno: 2, nData: 186, year: 4, train_course: 0, model: 0 ===
3,1,11,12,9,5


bet: 700
3,1,11
3,11,1
1,3,11
1,11,3

bet: 700
12,9,5
12,5,9
9,12,5
9,5,12
5,12,9
5,9,12


=== rcno: 2, nData: 186, year: 4, train_course: 0, model: 1 ===
10,9,11,3,1,12


bet: 700
10,9,11
10,11,9
9,10,11
9,11,10

bet: 700
3,1,12
3,12,1
1,3,12
1,12,3
12,3,1
12,1,3


=== rcno: 2, nData: 186, year: 4, train_course: 0, model: 2 ===
3,10,5,8,9,1


bet: 700
3,10,5
3,5,10
10,3,5
10,5,3

bet: 700
8,9,1
8,1,9
9,8,1
9,1,8
1,8,9
1,9,8


=== rcno: 2, nData: 186, year: 4, train_course: 0, model: 3 ===
3,10,9,1,5,11


bet: 700
3,10,9
3,9,10
10,3,9
10,9,3

bet: 700
1,5,11
1,11,5
5,1,11
5,11,1
11,1,5
11,5,1


=== rcno: 2, nData: 186, year: 6, train_course: 0, model: 0 ===
11,3,9,1,10,12


bet: 700
11,3,9
11,9,3
3,11,9
3,9,11

bet: 700
1,10,12
1,12,10
10,1,12
10,12,1
12,1,10
12,10,1


=== rcno: 2, nData: 186, year: 6, train_course: 0, model: 1 ===
3,1,12,9,11,8


bet: 700
3,1,12
3,12,1
1,3,12
1,12,3

bet: 700
9,11,8
9,8,11
11,9,8
11,8,9
8,9,11
8,11,9


=== rcno: 2, nData: 186, year: 6, train_course: 0, model: 2 ===
11,3,1,9,10,8


bet: 700
11,3,1
11,1,3
3,11,1
3,1,11

bet: 700
9,10,8
9,8,10
10,9,8
10,8,9
8,9,10
8,10,9


=== rcno: 2, nData: 186, year: 6, train_course: 0, model: 3 ===
3,11,1,9,10,12


bet: 700
3,11,1
3,1,11
11,3,1
11,1,3

bet: 700
9,10,12
9,12,10
10,9,12
10,12,9
12,9,10
12,10,9


=== rcno: 2, nData: 186, year: 4, train_course: 0, model: 0 ===
3,9,10,8,1,12


bet: 700
3,9,10
3,10,9
9,3,10
9,10,3

bet: 700
8,1,12
8,12,1
1,8,12
1,12,8
12,8,1
12,1,8


=== rcno: 2, nData: 186, year: 4, train_course: 0, model: 1 ===
10,9,3,11,1,8


bet: 700
10,9,3
10,3,9
9,10,3
9,3,10

bet: 700
11,1,8
11,8,1
1,11,8
1,8,11
8,11,1
8,1,11


=== rcno: 2, nData: 186, year: 4, train_course: 0, model: 2 ===
3,10,1,9,11,8


bet: 700
3,10,1
3,1,10
10,3,1
10,1,3

bet: 700
9,11,8
9,8,11
11,9,8
11,8,9
8,9,11
8,11,9


=== rcno: 2, nData: 186, year: 4, train_course: 0, model: 3 ===
3,10,9,1,11,8


bet: 700
3,10,9
3,9,10
10,3,9
10,9,3

bet: 700
1,11,8
1,8,11
11,1,8
11,8,1
8,1,11
8,11,1