


=== rcno: 1, nData: 300, year: 6, train_course: 0, model: 5 ===
3,4,7,5,11,6


bet: 400
12,7,10, ss: 400
12,7,3, ss: 400
12,10,7, ss: 400
12,10,3, ss: 400
7,12,10, ss: 400
7,12,3, ss: 400
7,10,12, ss: 400
7,10,3, ss: 400
10,12,7, ss: 400
10,12,3, ss: 400
10,7,12, ss: 400
10,7,3, ss: 400



=== rcno: 2, nData: 300, year: 6, train_course: 0, model: 5 ===
5,4,1,6,7,9


bet: 400
8,10,11, ss: 400
8,10,12, ss: 400
8,11,10, ss: 400
8,11,12, ss: 400
10,8,11, ss: 400
10,8,12, ss: 400
10,11,8, ss: 400
10,11,12, ss: 400
11,8,10, ss: 400
11,8,12, ss: 400
11,10,8, ss: 400
11,10,12, ss: 400



=== rcno: 3, nData: 300, year: 6, train_course: 0, model: 5 ===
2,6,10,7,3,11


bet: 400
4,12,6, ss: 400
4,12,2, ss: 400
4,6,12, ss: 400
4,6,2, ss: 400
12,4,6, ss: 400
12,4,2, ss: 400
12,6,4, ss: 400
12,6,2, ss: 400
6,4,12, ss: 400
6,4,2, ss: 400
6,12,4, ss: 400
6,12,2, ss: 400



=== rcno: 4, nData: 300, year: 6, train_course: 0, model: 5 ===
2,1,5,4,8,0


bet: 400
9,1,8, ss: 400
9,1,4, ss: 400
9,8,1, ss: 400
9,8,4, ss: 400
1,9,8, ss: 400
1,9,4, ss: 400
1,8,9, ss: 400
1,8,4, ss: 400
8,9,1, ss: 400
8,9,4, ss: 400
8,1,9, ss: 400
8,1,4, ss: 400



=== rcno: 5, nData: 300, year: 6, train_course: 0, model: 5 ===
3,9,8,7,4,1


bet: 400
5,2,1, ss: 400
5,2,3, ss: 400
5,1,2, ss: 400
5,1,3, ss: 400
2,5,1, ss: 400
2,5,3, ss: 400
2,1,5, ss: 400
2,1,3, ss: 400
1,5,2, ss: 400
1,5,3, ss: 400
1,2,5, ss: 400
1,2,3, ss: 400



=== rcno: 6, nData: 300, year: 6, train_course: 0, model: 5 ===
10,1,5,3,0,2


bet: 400
1,3,10, ss: 400
1,3,7, ss: 400
1,10,3, ss: 400
1,10,7, ss: 400
3,1,10, ss: 400
3,1,7, ss: 400
3,10,1, ss: 400
3,10,7, ss: 400
10,1,3, ss: 400
10,1,7, ss: 400
10,3,1, ss: 400
10,3,7, ss: 400



=== rcno: 7, nData: 300, year: 6, train_course: 0, model: 5 ===
10,4,6,1,11,7


bet: 400
12,8,10, ss: 400
12,8,4, ss: 400
12,10,8, ss: 400
12,10,4, ss: 400
8,12,10, ss: 400
8,12,4, ss: 400
8,10,12, ss: 400
8,10,4, ss: 400
10,12,8, ss: 400
10,12,4, ss: 400
10,8,12, ss: 400
10,8,4, ss: 400



=== rcno: 8, nData: 300, year: 6, train_course: 0, model: 5 ===
2,6,8,5,11,7


bet: 400
12,8,1, ss: 400
12,8,5, ss: 400
12,1,8, ss: 400
12,1,5, ss: 400
8,12,1, ss: 400
8,12,5, ss: 400
8,1,12, ss: 400
8,1,5, ss: 400
1,12,8, ss: 400
1,12,5, ss: 400
1,8,12, ss: 400
1,8,5, ss: 400



=== rcno: 9, nData: 300, year: 6, train_course: 0, model: 5 ===
6,4,1,9,0,10


bet: 400
1,11,4, ss: 400
1,11,9, ss: 400
1,4,11, ss: 400
1,4,9, ss: 400
11,1,4, ss: 400
11,1,9, ss: 400
11,4,1, ss: 400
11,4,9, ss: 400
4,1,11, ss: 400
4,1,9, ss: 400
4,11,1, ss: 400
4,11,9, ss: 400



=== rcno: 10, nData: 300, year: 6, train_course: 0, model: 5 ===
9,7,2,3,5,4


bet: 400
6,5,7, ss: 400
6,5,2, ss: 400
6,7,5, ss: 400
6,7,2, ss: 400
5,6,7, ss: 400
5,6,2, ss: 400
5,7,6, ss: 400
5,7,2, ss: 400
7,6,5, ss: 400
7,6,2, ss: 400
7,5,6, ss: 400
7,5,2, ss: 400



=== rcno: 11, nData: 300, year: 6, train_course: 0, model: 5 ===
2,8,4,1,5,10


bet: 400
6,11,7, ss: 400
6,11,10, ss: 400
6,7,11, ss: 400
6,7,10, ss: 400
11,6,7, ss: 400
11,6,10, ss: 400
11,7,6, ss: 400
11,7,10, ss: 400
7,6,11, ss: 400
7,6,10, ss: 400
7,11,6, ss: 400
7,11,10, ss: 400



=== rcno: 12, nData: 300, year: 6, train_course: 0, model: 5 ===
7,5,0,4,1,3


bet: 400
2,4,3, ss: 400
2,4,7, ss: 400
2,3,4, ss: 400
2,3,7, ss: 400
4,2,3, ss: 400
4,2,7, ss: 400
4,3,2, ss: 400
4,3,7, ss: 400
3,2,4, ss: 400
3,2,7, ss: 400
3,4,2, ss: 400
3,4,7, ss: 400



=== rcno: 1, nData: 300, year: 6, train_course: 0, model: 5 ===
4,3,7,6,9,2


bet: 400
10,3,6, ss: 400
10,3,12, ss: 400
10,6,3, ss: 400
10,6,12, ss: 400
3,10,6, ss: 400
3,10,12, ss: 400
3,6,10, ss: 400
3,6,12, ss: 400
6,10,3, ss: 400
6,10,12, ss: 400
6,3,10, ss: 400
6,3,12, ss: 400



=== rcno: 2, nData: 300, year: 6, train_course: 0, model: 5 ===
5,4,1,6,7,10


bet: 400
8,11,9, ss: 400
8,11,4, ss: 400
8,9,11, ss: 400
8,9,4, ss: 400
11,8,9, ss: 400
11,8,4, ss: 400
11,9,8, ss: 400
11,9,4, ss: 400
9,8,11, ss: 400
9,8,4, ss: 400
9,11,8, ss: 400
9,11,4, ss: 400



=== rcno: 3, nData: 300, year: 6, train_course: 0, model: 5 ===
2,3,10,7,6,1


bet: 400
7,2,9, ss: 400
7,2,5, ss: 400
7,9,2, ss: 400
7,9,5, ss: 400
2,7,9, ss: 400
2,7,5, ss: 400
2,9,7, ss: 400
2,9,5, ss: 400
9,7,2, ss: 400
9,7,5, ss: 400
9,2,7, ss: 400
9,2,5, ss: 400



=== rcno: 4, nData: 300, year: 6, train_course: 0, model: 5 ===
1,2,4,3,7,8


bet: 400
8,9,1, ss: 400
8,9,7, ss: 400
8,1,9, ss: 400
8,1,7, ss: 400
9,8,1, ss: 400
9,8,7, ss: 400
9,1,8, ss: 400
9,1,7, ss: 400
1,8,9, ss: 400
1,8,7, ss: 400
1,9,8, ss: 400
1,9,7, ss: 400



=== rcno: 5, nData: 300, year: 6, train_course: 0, model: 5 ===
3,9,8,1,0,2


bet: 400
1,3,8, ss: 400
1,3,5, ss: 400
1,8,3, ss: 400
1,8,5, ss: 400
3,1,8, ss: 400
3,1,5, ss: 400
3,8,1, ss: 400
3,8,5, ss: 400
8,1,3, ss: 400
8,1,5, ss: 400
8,3,1, ss: 400
8,3,5, ss: 400



=== rcno: 6, nData: 300, year: 6, train_course: 0, model: 5 ===
10,1,0,3,5,9


bet: 400
6,10,7, ss: 400
6,10,3, ss: 400
6,7,10, ss: 400
6,7,3, ss: 400
10,6,7, ss: 400
10,6,3, ss: 400
10,7,6, ss: 400
10,7,3, ss: 400
7,6,10, ss: 400
7,6,3, ss: 400
7,10,6, ss: 400
7,10,3, ss: 400



=== rcno: 7, nData: 300, year: 6, train_course: 0, model: 5 ===
10,4,1,6,11,9


bet: 400
12,10,8, ss: 400
12,10,1, ss: 400
12,8,10, ss: 400
12,8,1, ss: 400
10,12,8, ss: 400
10,12,1, ss: 400
10,8,12, ss: 400
10,8,1, ss: 400
8,12,10, ss: 400
8,12,1, ss: 400
8,10,12, ss: 400
8,10,1, ss: 400



=== rcno: 8, nData: 300, year: 6, train_course: 0, model: 5 ===
8,0,6,2,7,4


bet: 400
8,5,6, ss: 400
8,5,11, ss: 400
8,6,5, ss: 400
8,6,11, ss: 400
5,8,6, ss: 400
5,8,11, ss: 400
5,6,8, ss: 400
5,6,11, ss: 400
6,8,5, ss: 400
6,8,11, ss: 400
6,5,8, ss: 400
6,5,11, ss: 400



=== rcno: 9, nData: 300, year: 6, train_course: 0, model: 5 ===
6,4,0,1,9,8


bet: 400
10,9,4, ss: 400
10,9,11, ss: 400
10,4,9, ss: 400
10,4,11, ss: 400
9,10,4, ss: 400
9,10,11, ss: 400
9,4,10, ss: 400
9,4,11, ss: 400
4,10,9, ss: 400
4,10,11, ss: 400
4,9,10, ss: 400
4,9,11, ss: 400



=== rcno: 10, nData: 300, year: 6, train_course: 0, model: 5 ===
9,7,4,5,2,6


bet: 400
3,7,4, ss: 400
3,7,9, ss: 400
3,4,7, ss: 400
3,4,9, ss: 400
7,3,4, ss: 400
7,3,9, ss: 400
7,4,3, ss: 400
7,4,9, ss: 400
4,3,7, ss: 400
4,3,9, ss: 400
4,7,3, ss: 400
4,7,9, ss: 400



=== rcno: 11, nData: 300, year: 6, train_course: 0, model: 5 ===
2,1,5,4,8,10


bet: 400
9,11,10, ss: 400
9,11,7, ss: 400
9,10,11, ss: 400
9,10,7, ss: 400
11,9,10, ss: 400
11,9,7, ss: 400
11,10,9, ss: 400
11,10,7, ss: 400
10,9,11, ss: 400
10,9,7, ss: 400
10,11,9, ss: 400
10,11,7, ss: 400



=== rcno: 12, nData: 300, year: 6, train_course: 0, model: 5 ===
7,0,5,1,2,3


bet: 400
3,4,5, ss: 400
3,4,7, ss: 400
3,5,4, ss: 400
3,5,7, ss: 400
4,3,5, ss: 400
4,3,7, ss: 400
4,5,3, ss: 400
4,5,7, ss: 400
5,3,4, ss: 400
5,3,7, ss: 400
5,4,3, ss: 400
5,4,7, ss: 400
