


=== rcno: 1, nData: 151, year: 6, train_course: 0, model: 5 ===
4,5,3,2,7,0


bet: 400
8,1,2, ss: 400
8,1,12, ss: 400
8,2,1, ss: 400
8,2,12, ss: 400
1,8,2, ss: 400
1,8,12, ss: 400
1,2,8, ss: 400
1,2,12, ss: 400
2,8,1, ss: 400
2,8,12, ss: 400
2,1,8, ss: 400
2,1,12, ss: 400



=== rcno: 2, nData: 151, year: 6, train_course: 0, model: 5 ===
9,5,1,11,7,3


bet: 400
8,4,5, ss: 400
8,4,11, ss: 400
8,5,4, ss: 400
8,5,11, ss: 400
4,8,5, ss: 400
4,8,11, ss: 400
4,5,8, ss: 400
4,5,11, ss: 400
5,8,4, ss: 400
5,8,11, ss: 400
5,4,8, ss: 400
5,4,11, ss: 400



=== rcno: 3, nData: 151, year: 6, train_course: 0, model: 5 ===
2,5,10,7,4,6


bet: 400
5,7,4, ss: 400
5,7,2, ss: 400
5,4,7, ss: 400
5,4,2, ss: 400
7,5,4, ss: 400
7,5,2, ss: 400
7,4,5, ss: 400
7,4,2, ss: 400
4,5,7, ss: 400
4,5,2, ss: 400
4,7,5, ss: 400
4,7,2, ss: 400



=== rcno: 4, nData: 151, year: 6, train_course: 0, model: 5 ===
5,2,4,0,7,8


bet: 400
8,9,2, ss: 400
8,9,4, ss: 400
8,2,9, ss: 400
8,2,4, ss: 400
9,8,2, ss: 400
9,8,4, ss: 400
9,2,8, ss: 400
9,2,4, ss: 400
2,8,9, ss: 400
2,8,4, ss: 400
2,9,8, ss: 400
2,9,4, ss: 400



=== rcno: 5, nData: 151, year: 6, train_course: 0, model: 5 ===
3,9,8,0,7,1


bet: 400
8,2,5, ss: 400
8,2,11, ss: 400
8,5,2, ss: 400
8,5,11, ss: 400
2,8,5, ss: 400
2,8,11, ss: 400
2,5,8, ss: 400
2,5,11, ss: 400
5,8,2, ss: 400
5,8,11, ss: 400
5,2,8, ss: 400
5,2,11, ss: 400



=== rcno: 6, nData: 151, year: 6, train_course: 0, model: 5 ===
4,5,0,6,10,1


bet: 400
11,2,4, ss: 400
11,2,12, ss: 400
11,4,2, ss: 400
11,4,12, ss: 400
2,11,4, ss: 400
2,11,12, ss: 400
2,4,11, ss: 400
2,4,12, ss: 400
4,11,2, ss: 400
4,11,12, ss: 400
4,2,11, ss: 400
4,2,12, ss: 400



=== rcno: 7, nData: 151, year: 6, train_course: 0, model: 5 ===
10,6,11,1,4,9


bet: 400
5,10,8, ss: 400
5,10,4, ss: 400
5,8,10, ss: 400
5,8,4, ss: 400
10,5,8, ss: 400
10,5,4, ss: 400
10,8,5, ss: 400
10,8,4, ss: 400
8,5,10, ss: 400
8,5,4, ss: 400
8,10,5, ss: 400
8,10,4, ss: 400



=== rcno: 8, nData: 151, year: 6, train_course: 0, model: 5 ===
8,6,2,0,5,4


bet: 400
6,5,12, ss: 400
6,5,8, ss: 400
6,12,5, ss: 400
6,12,8, ss: 400
5,6,12, ss: 400
5,6,8, ss: 400
5,12,6, ss: 400
5,12,8, ss: 400
12,6,5, ss: 400
12,6,8, ss: 400
12,5,6, ss: 400
12,5,8, ss: 400



=== rcno: 9, nData: 151, year: 6, train_course: 0, model: 5 ===
6,4,1,8,9,0


bet: 400
10,1,11, ss: 400
10,1,3, ss: 400
10,11,1, ss: 400
10,11,3, ss: 400
1,10,11, ss: 400
1,10,3, ss: 400
1,11,10, ss: 400
1,11,3, ss: 400
11,10,1, ss: 400
11,10,3, ss: 400
11,1,10, ss: 400
11,1,3, ss: 400



=== rcno: 10, nData: 151, year: 6, train_course: 0, model: 5 ===
9,7,11,4,3,2


bet: 400
4,3,7, ss: 400
4,3,11, ss: 400
4,7,3, ss: 400
4,7,11, ss: 400
3,4,7, ss: 400
3,4,11, ss: 400
3,7,4, ss: 400
3,7,11, ss: 400
7,4,3, ss: 400
7,4,11, ss: 400
7,3,4, ss: 400
7,3,11, ss: 400



=== rcno: 11, nData: 151, year: 6, train_course: 0, model: 5 ===
2,6,8,4,1,5


bet: 400
2,6,11, ss: 400
2,6,8, ss: 400
2,11,6, ss: 400
2,11,8, ss: 400
6,2,11, ss: 400
6,2,8, ss: 400
6,11,2, ss: 400
6,11,8, ss: 400
11,2,6, ss: 400
11,2,8, ss: 400
11,6,2, ss: 400
11,6,8, ss: 400



=== rcno: 12, nData: 151, year: 6, train_course: 0, model: 5 ===
1,7,4,0,3,5


bet: 400
4,6,3, ss: 400
4,6,7, ss: 400
4,3,6, ss: 400
4,3,7, ss: 400
6,4,3, ss: 400
6,4,7, ss: 400
6,3,4, ss: 400
6,3,7, ss: 400
3,4,6, ss: 400
3,4,7, ss: 400
3,6,4, ss: 400
3,6,7, ss: 400



=== rcno: 1, nData: 151, year: 6, train_course: 0, model: 5 ===
4,5,3,7,9,0


bet: 400
10,1,3, ss: 400
10,1,7, ss: 400
10,3,1, ss: 400
10,3,7, ss: 400
1,10,3, ss: 400
1,10,7, ss: 400
1,3,10, ss: 400
1,3,7, ss: 400
3,10,1, ss: 400
3,10,7, ss: 400
3,1,10, ss: 400
3,1,7, ss: 400



=== rcno: 2, nData: 151, year: 6, train_course: 0, model: 5 ===
5,9,1,11,7,3


bet: 400
8,4,9, ss: 400
8,4,1, ss: 400
8,9,4, ss: 400
8,9,1, ss: 400
4,8,9, ss: 400
4,8,1, ss: 400
4,9,8, ss: 400
4,9,1, ss: 400
9,8,4, ss: 400
9,8,1, ss: 400
9,4,8, ss: 400
9,4,1, ss: 400



=== rcno: 3, nData: 151, year: 6, train_course: 0, model: 5 ===
10,2,11,7,1,4


bet: 400
2,5,4, ss: 400
2,5,7, ss: 400
2,4,5, ss: 400
2,4,7, ss: 400
5,2,4, ss: 400
5,2,7, ss: 400
5,4,2, ss: 400
5,4,7, ss: 400
4,2,5, ss: 400
4,2,7, ss: 400
4,5,2, ss: 400
4,5,7, ss: 400



=== rcno: 4, nData: 151, year: 6, train_course: 0, model: 5 ===
5,2,4,0,3,1


bet: 400
4,2,8, ss: 400
4,2,9, ss: 400
4,8,2, ss: 400
4,8,9, ss: 400
2,4,8, ss: 400
2,4,9, ss: 400
2,8,4, ss: 400
2,8,9, ss: 400
8,4,2, ss: 400
8,4,9, ss: 400
8,2,4, ss: 400
8,2,9, ss: 400



=== rcno: 5, nData: 151, year: 6, train_course: 0, model: 5 ===
8,9,3,0,4,7


bet: 400
5,8,3, ss: 400
5,8,2, ss: 400
5,3,8, ss: 400
5,3,2, ss: 400
8,5,3, ss: 400
8,5,2, ss: 400
8,3,5, ss: 400
8,3,2, ss: 400
3,5,8, ss: 400
3,5,2, ss: 400
3,8,5, ss: 400
3,8,2, ss: 400



=== rcno: 6, nData: 151, year: 6, train_course: 0, model: 5 ===
4,5,0,3,10,9


bet: 400
11,10,3, ss: 400
11,10,7, ss: 400
11,3,10, ss: 400
11,3,7, ss: 400
10,11,3, ss: 400
10,11,7, ss: 400
10,3,11, ss: 400
10,3,7, ss: 400
3,11,10, ss: 400
3,11,7, ss: 400
3,10,11, ss: 400
3,10,7, ss: 400



=== rcno: 7, nData: 151, year: 6, train_course: 0, model: 5 ===
10,11,6,4,1,7


bet: 400
2,8,4, ss: 400
2,8,10, ss: 400
2,4,8, ss: 400
2,4,10, ss: 400
8,2,4, ss: 400
8,2,10, ss: 400
8,4,2, ss: 400
8,4,10, ss: 400
4,2,8, ss: 400
4,2,10, ss: 400
4,8,2, ss: 400
4,8,10, ss: 400



=== rcno: 8, nData: 151, year: 6, train_course: 0, model: 5 ===
8,0,2,11,5,4


bet: 400
6,5,7, ss: 400
6,5,8, ss: 400
6,7,5, ss: 400
6,7,8, ss: 400
5,6,7, ss: 400
5,6,8, ss: 400
5,7,6, ss: 400
5,7,8, ss: 400
7,6,5, ss: 400
7,6,8, ss: 400
7,5,6, ss: 400
7,5,8, ss: 400



=== rcno: 9, nData: 151, year: 6, train_course: 0, model: 5 ===
0,1,6,4,10,8


bet: 400
11,9,12, ss: 400
11,9,10, ss: 400
11,12,9, ss: 400
11,12,10, ss: 400
9,11,12, ss: 400
9,11,10, ss: 400
9,12,11, ss: 400
9,12,10, ss: 400
12,11,9, ss: 400
12,11,10, ss: 400
12,9,11, ss: 400
12,9,10, ss: 400



=== rcno: 10, nData: 151, year: 6, train_course: 0, model: 5 ===
7,11,3,9,4,2


bet: 400
5,3,7, ss: 400
5,3,11, ss: 400
5,7,3, ss: 400
5,7,11, ss: 400
3,5,7, ss: 400
3,5,11, ss: 400
3,7,5, ss: 400
3,7,11, ss: 400
7,5,3, ss: 400
7,5,11, ss: 400
7,3,5, ss: 400
7,3,11, ss: 400



=== rcno: 11, nData: 151, year: 6, train_course: 0, model: 5 ===
8,2,1,4,5,6


bet: 400
6,7,11, ss: 400
6,7,10, ss: 400
6,11,7, ss: 400
6,11,10, ss: 400
7,6,11, ss: 400
7,6,10, ss: 400
7,11,6, ss: 400
7,11,10, ss: 400
11,6,7, ss: 400
11,6,10, ss: 400
11,7,6, ss: 400
11,7,10, ss: 400



=== rcno: 12, nData: 151, year: 6, train_course: 0, model: 5 ===
7,1,0,5,3,4


bet: 400
4,5,3, ss: 400
4,5,7, ss: 400
4,3,5, ss: 400
4,3,7, ss: 400
5,4,3, ss: 400
5,4,7, ss: 400
5,3,4, ss: 400
5,3,7, ss: 400
3,4,5, ss: 400
3,4,7, ss: 400
3,5,4, ss: 400
3,5,7, ss: 400
