


=== rcno: 1, nData: 300, year: 6, train_course: 0, model: 5 ===
2,4,9,1,5,8


bet: 400
6,9,1, ss: 400
6,9,7, ss: 400
6,1,9, ss: 400
6,1,7, ss: 400
9,6,1, ss: 400
9,6,7, ss: 400
9,1,6, ss: 400
9,1,7, ss: 400
1,6,9, ss: 400
1,6,7, ss: 400
1,9,6, ss: 400
1,9,7, ss: 400



=== rcno: 2, nData: 300, year: 6, train_course: 0, model: 5 ===
11,4,2,0,7,1


bet: 400
8,2,10, ss: 400
8,2,7, ss: 400
8,10,2, ss: 400
8,10,7, ss: 400
2,8,10, ss: 400
2,8,7, ss: 400
2,10,8, ss: 400
2,10,7, ss: 400
10,8,2, ss: 400
10,8,7, ss: 400
10,2,8, ss: 400
10,2,7, ss: 400



=== rcno: 3, nData: 300, year: 6, train_course: 0, model: 5 ===
1,6,0,3,4,5


bet: 400
5,6,11, ss: 400
5,6,9, ss: 400
5,11,6, ss: 400
5,11,9, ss: 400
6,5,11, ss: 400
6,5,9, ss: 400
6,11,5, ss: 400
6,11,9, ss: 400
11,5,6, ss: 400
11,5,9, ss: 400
11,6,5, ss: 400
11,6,9, ss: 400



=== rcno: 4, nData: 300, year: 6, train_course: 0, model: 5 ===
2,6,5,8,11,3


bet: 400
12,4,2, ss: 400
12,4,10, ss: 400
12,2,4, ss: 400
12,2,10, ss: 400
4,12,2, ss: 400
4,12,10, ss: 400
4,2,12, ss: 400
4,2,10, ss: 400
2,12,4, ss: 400
2,12,10, ss: 400
2,4,12, ss: 400
2,4,10, ss: 400



=== rcno: 5, nData: 300, year: 6, train_course: 0, model: 5 ===
0,11,10,3,1,6


bet: 400
2,7,6, ss: 400
2,7,8, ss: 400
2,6,7, ss: 400
2,6,8, ss: 400
7,2,6, ss: 400
7,2,8, ss: 400
7,6,2, ss: 400
7,6,8, ss: 400
6,2,7, ss: 400
6,2,8, ss: 400
6,7,2, ss: 400
6,7,8, ss: 400



=== rcno: 6, nData: 300, year: 6, train_course: 0, model: 5 ===
1,4,2,6,7,9


bet: 400
8,10,11, ss: 400
8,10,6, ss: 400
8,11,10, ss: 400
8,11,6, ss: 400
10,8,11, ss: 400
10,8,6, ss: 400
10,11,8, ss: 400
10,11,6, ss: 400
11,8,10, ss: 400
11,8,6, ss: 400
11,10,8, ss: 400
11,10,6, ss: 400



=== rcno: 7, nData: 300, year: 6, train_course: 0, model: 5 ===
10,1,7,2,5,4


bet: 400
6,5,7, ss: 400
6,5,10, ss: 400
6,7,5, ss: 400
6,7,10, ss: 400
5,6,7, ss: 400
5,6,10, ss: 400
5,7,6, ss: 400
5,7,10, ss: 400
7,6,5, ss: 400
7,6,10, ss: 400
7,5,6, ss: 400
7,5,10, ss: 400



=== rcno: 8, nData: 300, year: 6, train_course: 0, model: 5 ===
4,5,9,11,2,3


bet: 400
3,4,7, ss: 400
3,4,2, ss: 400
3,7,4, ss: 400
3,7,2, ss: 400
4,3,7, ss: 400
4,3,2, ss: 400
4,7,3, ss: 400
4,7,2, ss: 400
7,3,4, ss: 400
7,3,2, ss: 400
7,4,3, ss: 400
7,4,2, ss: 400



=== rcno: 9, nData: 300, year: 6, train_course: 0, model: 5 ===
1,3,7,9,0,2


bet: 400
1,3,7, ss: 400
1,3,5, ss: 400
1,7,3, ss: 400
1,7,5, ss: 400
3,1,7, ss: 400
3,1,5, ss: 400
3,7,1, ss: 400
3,7,5, ss: 400
7,1,3, ss: 400
7,1,5, ss: 400
7,3,1, ss: 400
7,3,5, ss: 400



=== rcno: 10, nData: 300, year: 6, train_course: 0, model: 5 ===
10,11,6,5,0,7


bet: 400
1,8,3, ss: 400
1,8,10, ss: 400
1,3,8, ss: 400
1,3,10, ss: 400
8,1,3, ss: 400
8,1,10, ss: 400
8,3,1, ss: 400
8,3,10, ss: 400
3,1,8, ss: 400
3,1,10, ss: 400
3,8,1, ss: 400
3,8,10, ss: 400



=== rcno: 11, nData: 300, year: 6, train_course: 0, model: 5 ===
8,3,11,6,7,5


bet: 400
8,6,5, ss: 400
8,6,1, ss: 400
8,5,6, ss: 400
8,5,1, ss: 400
6,8,5, ss: 400
6,8,1, ss: 400
6,5,8, ss: 400
6,5,1, ss: 400
5,8,6, ss: 400
5,8,1, ss: 400
5,6,8, ss: 400
5,6,1, ss: 400



=== rcno: 1, nData: 300, year: 6, train_course: 0, model: 5 ===
2,5,6,1,9,8


bet: 400
10,9,5, ss: 400
10,9,11, ss: 400
10,5,9, ss: 400
10,5,11, ss: 400
9,10,5, ss: 400
9,10,11, ss: 400
9,5,10, ss: 400
9,5,11, ss: 400
5,10,9, ss: 400
5,10,11, ss: 400
5,9,10, ss: 400
5,9,11, ss: 400



=== rcno: 2, nData: 300, year: 6, train_course: 0, model: 5 ===
4,11,2,7,1,0


bet: 400
2,1,10, ss: 400
2,1,7, ss: 400
2,10,1, ss: 400
2,10,7, ss: 400
1,2,10, ss: 400
1,2,7, ss: 400
1,10,2, ss: 400
1,10,7, ss: 400
10,2,1, ss: 400
10,2,7, ss: 400
10,1,2, ss: 400
10,1,7, ss: 400



=== rcno: 3, nData: 300, year: 6, train_course: 0, model: 5 ===
1,0,3,4,10,9


bet: 400
11,10,6, ss: 400
11,10,9, ss: 400
11,6,10, ss: 400
11,6,9, ss: 400
10,11,6, ss: 400
10,11,9, ss: 400
10,6,11, ss: 400
10,6,9, ss: 400
6,11,10, ss: 400
6,11,9, ss: 400
6,10,11, ss: 400
6,10,9, ss: 400



=== rcno: 4, nData: 300, year: 6, train_course: 0, model: 5 ===
6,2,5,3,9,11


bet: 400
10,12,2, ss: 400
10,12,9, ss: 400
10,2,12, ss: 400
10,2,9, ss: 400
12,10,2, ss: 400
12,10,9, ss: 400
12,2,10, ss: 400
12,2,9, ss: 400
2,10,12, ss: 400
2,10,9, ss: 400
2,12,10, ss: 400
2,12,9, ss: 400



=== rcno: 5, nData: 300, year: 6, train_course: 0, model: 5 ===
0,10,11,6,8,3


bet: 400
9,4,2, ss: 400
9,4,8, ss: 400
9,2,4, ss: 400
9,2,8, ss: 400
4,9,2, ss: 400
4,9,8, ss: 400
4,2,9, ss: 400
4,2,8, ss: 400
2,9,4, ss: 400
2,9,8, ss: 400
2,4,9, ss: 400
2,4,8, ss: 400



=== rcno: 6, nData: 300, year: 6, train_course: 0, model: 5 ===
1,7,4,2,9,6


bet: 400
10,7,4, ss: 400
10,7,1, ss: 400
10,4,7, ss: 400
10,4,1, ss: 400
7,10,4, ss: 400
7,10,1, ss: 400
7,4,10, ss: 400
7,4,1, ss: 400
4,10,7, ss: 400
4,10,1, ss: 400
4,7,10, ss: 400
4,7,1, ss: 400



=== rcno: 7, nData: 300, year: 6, train_course: 0, model: 5 ===
1,5,10,7,4,6


bet: 400
5,7,3, ss: 400
5,7,9, ss: 400
5,3,7, ss: 400
5,3,9, ss: 400
7,5,3, ss: 400
7,5,9, ss: 400
7,3,5, ss: 400
7,3,9, ss: 400
3,5,7, ss: 400
3,5,9, ss: 400
3,7,5, ss: 400
3,7,9, ss: 400



=== rcno: 8, nData: 300, year: 6, train_course: 0, model: 5 ===
5,9,4,3,11,2


bet: 400
12,3,7, ss: 400
12,3,2, ss: 400
12,7,3, ss: 400
12,7,2, ss: 400
3,12,7, ss: 400
3,12,2, ss: 400
3,7,12, ss: 400
3,7,2, ss: 400
7,12,3, ss: 400
7,12,2, ss: 400
7,3,12, ss: 400
7,3,2, ss: 400



=== rcno: 9, nData: 300, year: 6, train_course: 0, model: 5 ===
3,7,1,6,9,5


bet: 400
10,6,1, ss: 400
10,6,5, ss: 400
10,1,6, ss: 400
10,1,5, ss: 400
6,10,1, ss: 400
6,10,5, ss: 400
6,1,10, ss: 400
6,1,5, ss: 400
1,10,6, ss: 400
1,10,5, ss: 400
1,6,10, ss: 400
1,6,5, ss: 400



=== rcno: 10, nData: 300, year: 6, train_course: 0, model: 5 ===
10,11,6,5,7,9


bet: 400
8,10,4, ss: 400
8,10,1, ss: 400
8,4,10, ss: 400
8,4,1, ss: 400
10,8,4, ss: 400
10,8,1, ss: 400
10,4,8, ss: 400
10,4,1, ss: 400
4,8,10, ss: 400
4,8,1, ss: 400
4,10,8, ss: 400
4,10,1, ss: 400



=== rcno: 11, nData: 300, year: 6, train_course: 0, model: 5 ===
3,8,11,6,4,7


bet: 400
5,8,6, ss: 400
5,8,10, ss: 400
5,6,8, ss: 400
5,6,10, ss: 400
8,5,6, ss: 400
8,5,10, ss: 400
8,6,5, ss: 400
8,6,10, ss: 400
6,5,8, ss: 400
6,5,10, ss: 400
6,8,5, ss: 400
6,8,10, ss: 400
