


=== rcno: 1, nData: 151, year: 6, train_course: 0, model: 5 ===
9,2,1,4,5,8


bet: 400
6,9,4, ss: 400
6,9,7, ss: 400
6,4,9, ss: 400
6,4,7, ss: 400
9,6,4, ss: 400
9,6,7, ss: 400
9,4,6, ss: 400
9,4,7, ss: 400
4,6,9, ss: 400
4,6,7, ss: 400
4,9,6, ss: 400
4,9,7, ss: 400



=== rcno: 2, nData: 151, year: 6, train_course: 0, model: 5 ===
6,4,11,1,9,10


bet: 400
10,11,8, ss: 400
10,11,1, ss: 400
10,8,11, ss: 400
10,8,1, ss: 400
11,10,8, ss: 400
11,10,1, ss: 400
11,8,10, ss: 400
11,8,1, ss: 400
8,10,11, ss: 400
8,10,1, ss: 400
8,11,10, ss: 400
8,11,1, ss: 400



=== rcno: 3, nData: 151, year: 6, train_course: 0, model: 5 ===
1,0,10,2,6,3


bet: 400
7,4,5, ss: 400
7,4,6, ss: 400
7,5,4, ss: 400
7,5,6, ss: 400
4,7,5, ss: 400
4,7,6, ss: 400
4,5,7, ss: 400
4,5,6, ss: 400
5,7,4, ss: 400
5,7,6, ss: 400
5,4,7, ss: 400
5,4,6, ss: 400



=== rcno: 4, nData: 151, year: 6, train_course: 0, model: 5 ===
5,6,11,1,0,2


bet: 400
1,3,10, ss: 400
1,3,9, ss: 400
1,10,3, ss: 400
1,10,9, ss: 400
3,1,10, ss: 400
3,1,9, ss: 400
3,10,1, ss: 400
3,10,9, ss: 400
10,1,3, ss: 400
10,1,9, ss: 400
10,3,1, ss: 400
10,3,9, ss: 400



=== rcno: 5, nData: 151, year: 6, train_course: 0, model: 5 ===
9,11,10,6,8,0


bet: 400
9,1,2, ss: 400
9,1,6, ss: 400
9,2,1, ss: 400
9,2,6, ss: 400
1,9,2, ss: 400
1,9,6, ss: 400
1,2,9, ss: 400
1,2,6, ss: 400
2,9,1, ss: 400
2,9,6, ss: 400
2,1,9, ss: 400
2,1,6, ss: 400



=== rcno: 6, nData: 151, year: 6, train_course: 0, model: 5 ===
1,10,2,11,4,6


bet: 400
5,7,8, ss: 400
5,7,6, ss: 400
5,8,7, ss: 400
5,8,6, ss: 400
7,5,8, ss: 400
7,5,6, ss: 400
7,8,5, ss: 400
7,8,6, ss: 400
8,5,7, ss: 400
8,5,6, ss: 400
8,7,5, ss: 400
8,7,6, ss: 400



=== rcno: 7, nData: 151, year: 6, train_course: 0, model: 5 ===
7,2,10,4,6,8


bet: 400
7,9,2, ss: 400
7,9,6, ss: 400
7,2,9, ss: 400
7,2,6, ss: 400
9,7,2, ss: 400
9,7,6, ss: 400
9,2,7, ss: 400
9,2,6, ss: 400
2,7,9, ss: 400
2,7,6, ss: 400
2,9,7, ss: 400
2,9,6, ss: 400



=== rcno: 8, nData: 151, year: 6, train_course: 0, model: 5 ===
4,2,3,5,11,10


bet: 400
12,11,7, ss: 400
12,11,2, ss: 400
12,7,11, ss: 400
12,7,2, ss: 400
11,12,7, ss: 400
11,12,2, ss: 400
11,7,12, ss: 400
11,7,2, ss: 400
7,12,11, ss: 400
7,12,2, ss: 400
7,11,12, ss: 400
7,11,2, ss: 400



=== rcno: 9, nData: 151, year: 6, train_course: 0, model: 5 ===
2,0,1,4,3,7


bet: 400
4,8,7, ss: 400
4,8,10, ss: 400
4,7,8, ss: 400
4,7,10, ss: 400
8,4,7, ss: 400
8,4,10, ss: 400
8,7,4, ss: 400
8,7,10, ss: 400
7,4,8, ss: 400
7,4,10, ss: 400
7,8,4, ss: 400
7,8,10, ss: 400



=== rcno: 10, nData: 151, year: 6, train_course: 0, model: 5 ===
5,11,6,10,2,9


bet: 400
3,10,1, ss: 400
3,10,8, ss: 400
3,1,10, ss: 400
3,1,8, ss: 400
10,3,1, ss: 400
10,3,8, ss: 400
10,1,3, ss: 400
10,1,8, ss: 400
1,3,10, ss: 400
1,3,8, ss: 400
1,10,3, ss: 400
1,10,8, ss: 400



=== rcno: 11, nData: 151, year: 6, train_course: 0, model: 5 ===
11,8,3,5,9,6


bet: 400
10,7,5, ss: 400
10,7,11, ss: 400
10,5,7, ss: 400
10,5,11, ss: 400
7,10,5, ss: 400
7,10,11, ss: 400
7,5,10, ss: 400
7,5,11, ss: 400
5,10,7, ss: 400
5,10,11, ss: 400
5,7,10, ss: 400
5,7,11, ss: 400



=== rcno: 1, nData: 151, year: 6, train_course: 0, model: 5 ===
9,1,4,5,2,8


bet: 400
3,9,11, ss: 400
3,9,7, ss: 400
3,11,9, ss: 400
3,11,7, ss: 400
9,3,11, ss: 400
9,3,7, ss: 400
9,11,3, ss: 400
9,11,7, ss: 400
11,3,9, ss: 400
11,3,7, ss: 400
11,9,3, ss: 400
11,9,7, ss: 400



=== rcno: 2, nData: 151, year: 6, train_course: 0, model: 5 ===
4,6,11,10,9,2


bet: 400
10,3,2, ss: 400
10,3,1, ss: 400
10,2,3, ss: 400
10,2,1, ss: 400
3,10,2, ss: 400
3,10,1, ss: 400
3,2,10, ss: 400
3,2,1, ss: 400
2,10,3, ss: 400
2,10,1, ss: 400
2,3,10, ss: 400
2,3,1, ss: 400



=== rcno: 3, nData: 151, year: 6, train_course: 0, model: 5 ===
1,10,6,4,8,0


bet: 400
9,1,3, ss: 400
9,1,4, ss: 400
9,3,1, ss: 400
9,3,4, ss: 400
1,9,3, ss: 400
1,9,4, ss: 400
1,3,9, ss: 400
1,3,4, ss: 400
3,9,1, ss: 400
3,9,4, ss: 400
3,1,9, ss: 400
3,1,4, ss: 400



=== rcno: 4, nData: 151, year: 6, train_course: 0, model: 5 ===
0,5,6,1,11,3


bet: 400
12,4,9, ss: 400
12,4,10, ss: 400
12,9,4, ss: 400
12,9,10, ss: 400
4,12,9, ss: 400
4,12,10, ss: 400
4,9,12, ss: 400
4,9,10, ss: 400
9,12,4, ss: 400
9,12,10, ss: 400
9,4,12, ss: 400
9,4,10, ss: 400



=== rcno: 5, nData: 151, year: 6, train_course: 0, model: 5 ===
9,11,10,2,6,8


bet: 400
7,9,1, ss: 400
7,9,8, ss: 400
7,1,9, ss: 400
7,1,8, ss: 400
9,7,1, ss: 400
9,7,8, ss: 400
9,1,7, ss: 400
9,1,8, ss: 400
1,7,9, ss: 400
1,7,8, ss: 400
1,9,7, ss: 400
1,9,8, ss: 400



=== rcno: 6, nData: 151, year: 6, train_course: 0, model: 5 ===
1,11,10,4,6,2


bet: 400
7,3,8, ss: 400
7,3,6, ss: 400
7,8,3, ss: 400
7,8,6, ss: 400
3,7,8, ss: 400
3,7,6, ss: 400
3,8,7, ss: 400
3,8,6, ss: 400
8,7,3, ss: 400
8,7,6, ss: 400
8,3,7, ss: 400
8,3,6, ss: 400



=== rcno: 7, nData: 151, year: 6, train_course: 0, model: 5 ===
10,4,6,7,2,8


bet: 400
3,9,6, ss: 400
3,9,10, ss: 400
3,6,9, ss: 400
3,6,10, ss: 400
9,3,6, ss: 400
9,3,10, ss: 400
9,6,3, ss: 400
9,6,10, ss: 400
6,3,9, ss: 400
6,3,10, ss: 400
6,9,3, ss: 400
6,9,10, ss: 400



=== rcno: 8, nData: 151, year: 6, train_course: 0, model: 5 ===
3,5,4,6,2,10


bet: 400
3,11,12, ss: 400
3,11,10, ss: 400
3,12,11, ss: 400
3,12,10, ss: 400
11,3,12, ss: 400
11,3,10, ss: 400
11,12,3, ss: 400
11,12,10, ss: 400
12,3,11, ss: 400
12,3,10, ss: 400
12,11,3, ss: 400
12,11,10, ss: 400



=== rcno: 9, nData: 151, year: 6, train_course: 0, model: 5 ===
1,0,6,7,3,2


bet: 400
4,3,10, ss: 400
4,3,6, ss: 400
4,10,3, ss: 400
4,10,6, ss: 400
3,4,10, ss: 400
3,4,6, ss: 400
3,10,4, ss: 400
3,10,6, ss: 400
10,4,3, ss: 400
10,4,6, ss: 400
10,3,4, ss: 400
10,3,6, ss: 400



=== rcno: 10, nData: 151, year: 6, train_course: 0, model: 5 ===
11,10,6,9,5,2


bet: 400
6,3,8, ss: 400
6,3,2, ss: 400
6,8,3, ss: 400
6,8,2, ss: 400
3,6,8, ss: 400
3,6,2, ss: 400
3,8,6, ss: 400
3,8,2, ss: 400
8,6,3, ss: 400
8,6,2, ss: 400
8,3,6, ss: 400
8,3,2, ss: 400



=== rcno: 11, nData: 151, year: 6, train_course: 0, model: 5 ===
8,3,11,5,4,9


bet: 400
5,10,7, ss: 400
5,10,11, ss: 400
5,7,10, ss: 400
5,7,11, ss: 400
10,5,7, ss: 400
10,5,11, ss: 400
10,7,5, ss: 400
10,7,11, ss: 400
7,5,10, ss: 400
7,5,11, ss: 400
7,10,5, ss: 400
7,10,11, ss: 400
